Order | Stepsize (1eX) | Bounds (1eX) | Integral | Error | NormConst 
0 | 3 | -6 | 2e-06 | -0.0269727 | 500000
0 | 3 | -5 | 2e-05 | -0.0269547 | 50000
0 | 3 | -4 | 0.000199997 | -0.0267747 | 5000.07
0 | 3 | -3 | 0.00199713 | -0.0249776 | 500.72
0 | 3 | -2 | 0.0174591 | -0.00951556 | 57.2766
0 | 3 | -1 | 0.0269747 | 2.18724e-08 | 37.0717
0 | 3 | 0 | 0.0269747 | 2.18724e-08 | 37.0717
0 | 3 | 1 | 0.0269154 | -5.9263e-05 | 37.1534
0 | 3 | 2 | 0.0666667 | 0.039692 | 15
0 | 3 | 3 | 0.666667 | 0.639692 | 1.5
0 | 3 | 4 | 6.66667 | 6.63969 | 0.15
0 | 3 | 5 | 66.6667 | 66.6397 | 0.015
0 | 3 | 6 | 666.667 | 666.64 | 0.0015
0 | 3 | 7 | 6666.67 | 6666.64 | 0.00015
0 | 3 | 8 | 66666.7 | 66666.6 | 1.5e-05
0 | 3 | 9 | 666667 | 666667 | 1.5e-06
0 | 3 | 10 | 6.66667e+06 | 6.66667e+06 | 1.5e-07
0 | 4 | -6 | 2e-06 | -0.0269727 | 500000
0 | 4 | -5 | 2e-05 | -0.0269547 | 50000
0 | 4 | -4 | 0.000199997 | -0.0267747 | 5000.07
0 | 4 | -3 | 0.00199713 | -0.0249776 | 500.72
0 | 4 | -2 | 0.0174591 | -0.00951556 | 57.2766
0 | 4 | -1 | 0.0269747 | 2.18724e-08 | 37.0717
0 | 4 | 0 | 0.0269747 | 2.18724e-08 | 37.0717
0 | 4 | 1 | 0.0269747 | 2.18724e-08 | 37.0717
0 | 4 | 2 | 0.0269154 | -5.9263e-05 | 37.1534
0 | 4 | 3 | 0.0666667 | 0.039692 | 15
0 | 4 | 4 | 0.666667 | 0.639692 | 1.5
0 | 4 | 5 | 6.66667 | 6.63969 | 0.15
0 | 4 | 6 | 66.6667 | 66.6397 | 0.015
0 | 4 | 7 | 666.667 | 666.64 | 0.0015
0 | 4 | 8 | 6666.67 | 6666.64 | 0.00015
0 | 4 | 9 | 66666.7 | 66666.6 | 1.5e-05
0 | 4 | 10 | 666667 | 666667 | 1.5e-06
0 | 5 | -6 | 2e-06 | -0.0269727 | 500000
0 | 5 | -5 | 2e-05 | -0.0269547 | 50000
0 | 5 | -4 | 0.000199997 | -0.0267747 | 5000.07
0 | 5 | -3 | 0.00199713 | -0.0249776 | 500.72
0 | 5 | -2 | 0.0174591 | -0.00951556 | 57.2766
0 | 5 | -1 | 0.0269747 | 2.18724e-08 | 37.0717
0 | 5 | 0 | 0.0269747 | 2.18724e-08 | 37.0717
0 | 5 | 1 | 0.0269747 | 2.18724e-08 | 37.0717
0 | 5 | 2 | 0.0269747 | 2.18725e-08 | 37.0717
0 | 5 | 3 | 0.0269154 | -5.9263e-05 | 37.1534
0 | 5 | 4 | 0.0666667 | 0.039692 | 15
0 | 5 | 5 | 0.666667 | 0.639692 | 1.5
0 | 5 | 6 | 6.66667 | 6.63969 | 0.15
0 | 5 | 7 | 66.6667 | 66.6397 | 0.015
0 | 5 | 8 | 666.667 | 666.64 | 0.0015
0 | 5 | 9 | 6666.67 | 6666.64 | 0.00015
0 | 5 | 10 | 66666.7 | 66666.6 | 1.5e-05
0 | 6 | -6 | 2e-06 | -0.0269727 | 500000
0 | 6 | -5 | 2e-05 | -0.0269547 | 50000
0 | 6 | -4 | 0.000199997 | -0.0267747 | 5000.07
0 | 6 | -3 | 0.00199713 | -0.0249776 | 500.72
0 | 6 | -2 | 0.0174591 | -0.00951556 | 57.2766
0 | 6 | -1 | 0.0269747 | 2.18724e-08 | 37.0717
0 | 6 | 0 | 0.0269747 | 2.18724e-08 | 37.0717
0 | 6 | 1 | 0.0269747 | 2.18724e-08 | 37.0717
0 | 6 | 2 | 0.0269747 | 2.18724e-08 | 37.0717
0 | 6 | 3 | 0.0269747 | 2.18724e-08 | 37.0717
0 | 6 | 4 | 0.0269154 | -5.9263e-05 | 37.1534
0 | 6 | 5 | 0.0666667 | 0.039692 | 15
0 | 6 | 6 | 0.666667 | 0.639692 | 1.5
0 | 6 | 7 | 6.66667 | 6.63969 | 0.15
0 | 6 | 8 | 66.6667 | 66.6397 | 0.015
0 | 6 | 9 | 666.667 | 666.64 | 0.0015
0 | 6 | 10 | 6666.67 | 6666.64 | 0.00015
1 | 3 | -6 | -1.51966e-26 | -1.51966e-26 | -6.58041e+25
1 | 3 | -5 | -3.20532e-24 | -3.20532e-24 | -3.11981e+23
1 | 3 | -4 | 1.42689e-22 | 1.42689e-22 | 7.00827e+21
1 | 3 | -3 | -8.68209e-21 | -8.68209e-21 | -1.1518e+20
1 | 3 | -2 | 9.55453e-19 | 9.55453e-19 | 1.04662e+18
1 | 3 | -1 | 2.02891e-18 | 2.02891e-18 | 4.92876e+17
1 | 3 | 0 | -1.57337e-18 | -1.57337e-18 | -6.3558e+17
1 | 3 | 1 | -3.12828e-17 | -3.12828e-17 | -3.19665e+16
1 | 3 | 2 | 7.04978e-14 | 7.04978e-14 | 1.41848e+13
1 | 3 | 3 | 0 | 0 | inf
1 | 3 | 4 | 0 | 0 | inf
1 | 3 | 5 | 0 | 0 | inf
1 | 3 | 6 | 0 | 0 | inf
1 | 3 | 7 | 0 | 0 | inf
1 | 3 | 8 | 0 | 0 | inf
1 | 3 | 9 | 0 | 0 | inf
1 | 3 | 10 | 0 | 0 | inf
1 | 4 | -6 | -2.94466e-26 | -2.94466e-26 | -3.39598e+25
1 | 4 | -5 | -7.06012e-25 | -7.06012e-25 | -1.41641e+24
1 | 4 | -4 | -8.3752e-24 | -8.3752e-24 | -1.194e+23
1 | 4 | -3 | -5.1669e-20 | -5.1669e-20 | -1.9354e+19
1 | 4 | -2 | -1.42344e-18 | -1.42344e-18 | -7.02524e+17
1 | 4 | -1 | -5.8816e-18 | -5.8816e-18 | -1.70022e+17
1 | 4 | 0 | -2.73578e-17 | -2.73578e-17 | -3.65527e+16
1 | 4 | 1 | -3.35045e-16 | -3.35045e-16 | -2.98467e+15
1 | 4 | 2 | -2.50525e-16 | -2.50525e-16 | -3.99162e+15
1 | 4 | 3 | 4.22643e-13 | 4.22643e-13 | 2.36606e+12
1 | 4 | 4 | 0 | 0 | inf
1 | 4 | 5 | 0 | 0 | inf
1 | 4 | 6 | 0 | 0 | inf
1 | 4 | 7 | 0 | 0 | inf
1 | 4 | 8 | 0 | 0 | inf
1 | 4 | 9 | 0 | 0 | inf
1 | 4 | 10 | 0 | 0 | inf
1 | 5 | -6 | -8.91255e-27 | -8.91255e-27 | -1.12201e+26
1 | 5 | -5 | 7.32063e-27 | 7.32063e-27 | 1.366e+26
1 | 5 | -4 | 1.66231e-22 | 1.66231e-22 | 6.01573e+21
1 | 5 | -3 | 9.70324e-21 | 9.70324e-21 | 1.03058e+20
1 | 5 | -2 | -1.56055e-18 | -1.56055e-18 | -6.40799e+17
1 | 5 | -1 | 2.55684e-19 | 2.55684e-19 | 3.91108e+18
1 | 5 | 0 | -1.27002e-17 | -1.27002e-17 | -7.87391e+16
1 | 5 | 1 | -2.02822e-17 | -2.02822e-17 | -4.93044e+16
1 | 5 | 2 | -4.66483e-15 | -4.66483e-15 | -2.1437e+14
1 | 5 | 3 | -2.16999e-15 | -2.16999e-15 | -4.60831e+14
1 | 5 | 4 | 6.76126e-12 | 6.76126e-12 | 1.47901e+11
1 | 5 | 5 | 0 | 0 | inf
1 | 5 | 6 | 0 | 0 | inf
1 | 5 | 7 | 0 | 0 | inf
1 | 5 | 8 | 0 | 0 | inf
1 | 5 | 9 | 0 | 0 | inf
1 | 5 | 10 | 0 | 0 | inf
1 | 6 | -6 | 1.07942e-26 | 1.07942e-26 | 9.26421e+25
1 | 6 | -5 | -1.92671e-25 | -1.92671e-25 | -5.19018e+24
1 | 6 | -4 | -1.21699e-22 | -1.21699e-22 | -8.217e+21
1 | 6 | -3 | 1.22198e-20 | 1.22198e-20 | 8.18342e+19
1 | 6 | -2 | -1.30917e-18 | -1.30917e-18 | -7.63841e+17
1 | 6 | -1 | 3.86311e-18 | 3.86311e-18 | 2.58859e+17
1 | 6 | 0 | 1.40524e-18 | 1.40524e-18 | 7.11625e+17
1 | 6 | 1 | 5.83823e-17 | 5.83823e-17 | 1.71285e+16
1 | 6 | 2 | -1.2576e-16 | -1.2576e-16 | -7.95166e+15
1 | 6 | 3 | -2.00605e-18 | -2.00605e-18 | -4.98492e+17
1 | 6 | 4 | -1.1217e-12 | -1.1217e-12 | -8.91501e+11
1 | 6 | 5 | 1.80299e-11 | 1.80299e-11 | 5.54634e+10
1 | 6 | 6 | 0 | 0 | inf
1 | 6 | 7 | 0 | 0 | inf
1 | 6 | 8 | 0 | 0 | inf
1 | 6 | 9 | 0 | 0 | inf
1 | 6 | 10 | 0 | 0 | inf
2 | 3 | -6 | -4e-06 | -0.0539534 | -250000
2 | 3 | -5 | -4e-05 | -0.0539894 | -25000
2 | 3 | -4 | -0.000399971 | -0.0543494 | -2500.18
2 | 3 | -3 | -0.00397128 | -0.0579207 | -251.808
2 | 3 | -2 | -0.0170313 | -0.0709807 | -58.7155
2 | 3 | -1 | 0.0539494 | 4.37449e-08 | 18.5359
2 | 3 | 0 | 0.0539494 | 4.37449e-08 | 18.5359
2 | 3 | 1 | 0.0565413 | 0.0025919 | 17.6862
2 | 3 | 2 | -0.133333 | -0.187283 | -7.5
2 | 3 | 3 | -1.33333 | -1.38728 | -0.75
2 | 3 | 4 | -13.3333 | -13.3873 | -0.075
2 | 3 | 5 | -133.333 | -133.387 | -0.0075
2 | 3 | 6 | -1333.33 | -1333.39 | -0.00075
2 | 3 | 7 | -13333.3 | -13333.4 | -7.5e-05
2 | 3 | 8 | -133333 | -133333 | -7.5e-06
2 | 3 | 9 | -1.33333e+06 | -1.33333e+06 | -7.5e-07
2 | 3 | 10 | -1.33333e+07 | -1.33333e+07 | -7.5e-08
2 | 4 | -6 | -4e-06 | -0.0539534 | -250000
2 | 4 | -5 | -4e-05 | -0.0539894 | -25000
2 | 4 | -4 | -0.000399971 | -0.0543494 | -2500.18
2 | 4 | -3 | -0.00397128 | -0.0579207 | -251.808
2 | 4 | -2 | -0.0170313 | -0.0709807 | -58.7155
2 | 4 | -1 | 0.0539494 | 4.37449e-08 | 18.5359
2 | 4 | 0 | 0.0539494 | 4.37449e-08 | 18.5359
2 | 4 | 1 | 0.0539494 | 4.37449e-08 | 18.5359
2 | 4 | 2 | 0.0565413 | 0.0025919 | 17.6862
2 | 4 | 3 | -0.133333 | -0.187283 | -7.5
2 | 4 | 4 | -1.33333 | -1.38728 | -0.75
2 | 4 | 5 | -13.3333 | -13.3873 | -0.075
2 | 4 | 6 | -133.333 | -133.387 | -0.0075
2 | 4 | 7 | -1333.33 | -1333.39 | -0.00075
2 | 4 | 8 | -13333.3 | -13333.4 | -7.5e-05
2 | 4 | 9 | -133333 | -133333 | -7.5e-06
2 | 4 | 10 | -1.33333e+06 | -1.33333e+06 | -7.5e-07
2 | 5 | -6 | -4e-06 | -0.0539534 | -250000
2 | 5 | -5 | -4e-05 | -0.0539894 | -25000
2 | 5 | -4 | -0.000399971 | -0.0543494 | -2500.18
2 | 5 | -3 | -0.00397128 | -0.0579207 | -251.808
2 | 5 | -2 | -0.0170313 | -0.0709807 | -58.7155
2 | 5 | -1 | 0.0539494 | 4.37449e-08 | 18.5359
2 | 5 | 0 | 0.0539494 | 4.37449e-08 | 18.5359
2 | 5 | 1 | 0.0539494 | 4.37449e-08 | 18.5359
2 | 5 | 2 | 0.0539494 | 4.37449e-08 | 18.5359
2 | 5 | 3 | 0.0565413 | 0.0025919 | 17.6862
2 | 5 | 4 | -0.133333 | -0.187283 | -7.5
2 | 5 | 5 | -1.33333 | -1.38728 | -0.75
2 | 5 | 6 | -13.3333 | -13.3873 | -0.075
2 | 5 | 7 | -133.333 | -133.387 | -0.0075
2 | 5 | 8 | -1333.33 | -1333.39 | -0.00075
2 | 5 | 9 | -13333.3 | -13333.4 | -7.5e-05
2 | 5 | 10 | -133333 | -133333 | -7.5e-06
2 | 6 | -6 | -4e-06 | -0.0539534 | -250000
2 | 6 | -5 | -4e-05 | -0.0539894 | -25000
2 | 6 | -4 | -0.000399971 | -0.0543494 | -2500.18
2 | 6 | -3 | -0.00397128 | -0.0579207 | -251.808
2 | 6 | -2 | -0.0170313 | -0.0709807 | -58.7155
2 | 6 | -1 | 0.0539494 | 4.37449e-08 | 18.5359
2 | 6 | 0 | 0.0539494 | 4.37449e-08 | 18.5359
2 | 6 | 1 | 0.0539494 | 4.37449e-08 | 18.5359
2 | 6 | 2 | 0.0539494 | 4.37449e-08 | 18.5359
2 | 6 | 3 | 0.0539494 | 4.37449e-08 | 18.5359
2 | 6 | 4 | 0.0565413 | 0.0025919 | 17.6862
2 | 6 | 5 | -0.133333 | -0.187283 | -7.5
2 | 6 | 6 | -1.33333 | -1.38728 | -0.75
2 | 6 | 7 | -13.3333 | -13.3873 | -0.075
2 | 6 | 8 | -133.333 | -133.387 | -0.0075
2 | 6 | 9 | -1333.33 | -1333.39 | -0.00075
2 | 6 | 10 | -13333.3 | -13333.4 | -7.5e-05
3 | 3 | -6 | 1.34498e-25 | 1.34498e-25 | 7.43508e+24
3 | 3 | -5 | 1.25887e-23 | 1.25887e-23 | 7.94366e+22
3 | 3 | -4 | 1.38966e-22 | 1.38966e-22 | 7.19599e+21
3 | 3 | -3 | 1.82112e-20 | 1.82112e-20 | 5.49112e+19
3 | 3 | -2 | -1.18449e-17 | -1.18449e-17 | -8.44245e+16
3 | 3 | -1 | -1.14972e-17 | -1.14972e-17 | -8.69776e+16
3 | 3 | 0 | -2.71401e-17 | -2.71401e-17 | -3.68459e+16
3 | 3 | 1 | 1.06322e-15 | 1.06322e-15 | 9.40539e+14
3 | 3 | 2 | -4.22987e-13 | -4.22987e-13 | -2.36414e+12
3 | 3 | 3 | 0 | 0 | inf
3 | 3 | 4 | 0 | 0 | inf
3 | 3 | 5 | 0 | 0 | inf
3 | 3 | 6 | 0 | 0 | inf
3 | 3 | 7 | 0 | 0 | inf
3 | 3 | 8 | 0 | 0 | inf
3 | 3 | 9 | 0 | 0 | inf
3 | 3 | 10 | 0 | 0 | inf
3 | 4 | -6 | -3.01156e-26 | -3.01156e-26 | -3.32054e+25
3 | 4 | -5 | -4.44286e-24 | -4.44286e-24 | -2.2508e+23
3 | 4 | -4 | 1.17046e-21 | 1.17046e-21 | 8.54365e+20
3 | 4 | -3 | 3.44028e-19 | 3.44028e-19 | 2.90674e+18
3 | 4 | -2 | 1.81917e-17 | 1.81917e-17 | 5.497e+16
3 | 4 | -1 | 4.91386e-17 | 4.91386e-17 | 2.03506e+16
3 | 4 | 0 | 2.25048e-17 | 2.25048e-17 | 4.44349e+16
3 | 4 | 1 | 1.67406e-15 | 1.67406e-15 | 5.9735e+14
3 | 4 | 2 | 9.95084e-15 | 9.95084e-15 | 1.00494e+14
3 | 4 | 3 | -2.53586e-12 | -2.53586e-12 | -3.94344e+11
3 | 4 | 4 | 0 | 0 | inf
3 | 4 | 5 | 0 | 0 | inf
3 | 4 | 6 | 0 | 0 | inf
3 | 4 | 7 | 0 | 0 | inf
3 | 4 | 8 | 0 | 0 | inf
3 | 4 | 9 | 0 | 0 | inf
3 | 4 | 10 | 0 | 0 | inf
3 | 5 | -6 | 8.19437e-26 | 8.19437e-26 | 1.22035e+25
3 | 5 | -5 | 1.08697e-23 | 1.08697e-23 | 9.19991e+22
3 | 5 | -4 | 3.23919e-22 | 3.23919e-22 | 3.08719e+21
3 | 5 | -3 | -9.97183e-20 | -9.97183e-20 | -1.00283e+19
3 | 5 | -2 | 3.28966e-19 | 3.28966e-19 | 3.03982e+18
3 | 5 | -1 | -6.14528e-17 | -6.14528e-17 | -1.62726e+16
3 | 5 | 0 | 3.40665e-17 | 3.40665e-17 | 2.93544e+16
3 | 5 | 1 | 1.37447e-16 | 1.37447e-16 | 7.27555e+15
3 | 5 | 2 | 2.32895e-14 | 2.32895e-14 | 4.29379e+13
3 | 5 | 3 | 1.62821e-16 | 1.62821e-16 | 6.14171e+15
3 | 5 | 4 | -4.05676e-11 | -4.05676e-11 | -2.46502e+10
3 | 5 | 5 | 0 | 0 | inf
3 | 5 | 6 | 0 | 0 | inf
3 | 5 | 7 | 0 | 0 | inf
3 | 5 | 8 | 0 | 0 | inf
3 | 5 | 9 | 0 | 0 | inf
3 | 5 | 10 | 0 | 0 | inf
3 | 6 | -6 | -4.18696e-26 | -4.18696e-26 | -2.38837e+25
3 | 6 | -5 | -5.75927e-24 | -5.75927e-24 | -1.73633e+23
3 | 6 | -4 | -7.34575e-23 | -7.34575e-23 | -1.36133e+22
3 | 6 | -3 | -3.58984e-19 | -3.58984e-19 | -2.78564e+18
3 | 6 | -2 | 4.95132e-18 | 4.95132e-18 | 2.01966e+17
3 | 6 | -1 | -5.84092e-17 | -5.84092e-17 | -1.71206e+16
3 | 6 | 0 | 3.30606e-16 | 3.30606e-16 | 3.02475e+15
3 | 6 | 1 | 1.39754e-16 | 1.39754e-16 | 7.15542e+15
3 | 6 | 2 | 4.5406e-15 | 4.5406e-15 | 2.20235e+14
3 | 6 | 3 | 1.42813e-17 | 1.42813e-17 | 7.00217e+16
3 | 6 | 4 | -1.06769e-11 | -1.06769e-11 | -9.366e+10
3 | 6 | 5 | -1.08179e-10 | -1.08179e-10 | -9.2439e+09
3 | 6 | 6 | 0 | 0 | inf
3 | 6 | 7 | 0 | 0 | inf
3 | 6 | 8 | 0 | 0 | inf
3 | 6 | 9 | 0 | 0 | inf
3 | 6 | 10 | 0 | 0 | inf
