0	4	0	0
0.01	3.9984	1.47416e-16	0.000749922
0.02	3.9936	2.98289e-16	0.00299875
0.03	3.98562	4.55436e-16	0.00674365
0.04	3.97447	6.21631e-16	0.0119799
0.05	3.96017	7.9959e-16	0.018701
0.06	3.94274	9.91951e-16	0.0268984
0.07	3.92224	1.20126e-15	0.0365617
0.08	3.89869	1.42993e-15	0.0476788
0.09	3.87214	1.68028e-15	0.0602353
0.1	3.84265	1.95446e-15	0.0742152
0.11	3.81027	2.25446e-15	0.0896006
0.12	3.77507	2.58211e-15	0.106371
0.13	3.73712	2.93904e-15	0.124506
0.14	3.69649	3.3267e-15	0.14398
0.15	3.65327	3.74632e-15	0.164769
0.16	3.60753	4.19893e-15	0.186844
0.17	3.55938	4.68534e-15	0.210176
0.18	3.5089	5.20613e-15	0.234733
0.19	3.4562	5.76164e-15	0.260483
0.2	3.40137	6.352e-15	0.287388
0.21	3.34453	6.97711e-15	0.315414
0.22	3.28578	7.63663e-15	0.344519
0.23	3.22524	8.32999e-15	0.374662
0.24	3.16303	9.05641e-15	0.405802
0.25	3.09927	9.81489e-15	0.437893
0.26	3.03408	1.06042e-14	0.470889
0.27	2.96759	1.1423e-14	0.50474
0.28	2.89992	1.22696e-14	0.539397
0.29	2.8312	1.31423e-14	0.574809
0.3	2.76157	1.40391e-14	0.610921
0.31	2.69115	1.49579e-14	0.647679
0.32	2.62008	1.58965e-14	0.685025
0.33	2.54849	1.68526e-14	0.722903
0.34	2.47652	1.78237e-14	0.761252
0.35	2.4043	1.88072e-14	0.800012
0.36	2.33196	1.98006e-14	0.83912
0.37	2.25963	2.08011e-14	0.878515
0.38	2.18746	2.18063e-14	0.918132
0.39	2.11556	2.28132e-14	0.957906
0.4	2.04407	2.38194e-14	0.997771
0.41	1.97311	2.48222e-14	1.03766
0.42	1.90282	2.5819e-14	1.07751
0.43	1.83331	2.68073e-14	1.11725
0.44	1.76471	2.77848e-14	1.15681
0.45	1.69713	2.87493e-14	1.19613
0.46	1.63069	2.96985e-14	1.23513
0.47	1.56551	3.06305e-14	1.27376
0.48	1.50168	3.15436e-14	1.31194
0.49	1.43932	3.24361e-14	1.3496
0.5	1.37852	3.33067e-14	1.38669
0.51	1.31939	3.41541e-14	1.42313
0.52	1.26201	3.49773e-14	1.45885
0.53	1.20648	3.57757e-14	1.49381
0.54	1.15287	3.65486e-14	1.52793
0.55	1.10127	3.72958e-14	1.56115
0.56	1.05175	3.80172e-14	1.59342
0.57	1.00438	3.87128e-14	1.62467
0.58	0.959224	3.93832e-14	1.65486
0.59	0.916338	4.00288e-14	1.68392
0.6	0.875777	4.06503e-14	1.7118
0.61	0.837589	4.12486e-14	1.73846
0.62	0.801816	4.18248e-14	1.76386
0.63	0.768496	4.23801e-14	1.78793
0.64	0.737659	4.29156e-14	1.81065
0.65	0.709332	4.34329e-14	1.83197
0.66	0.683534	4.39332e-14	1.85186
0.67	0.660282	4.4418e-14	1.87029
0.68	0.639583	4.48887e-14	1.88722
0.69	0.621441	4.53468e-14	1.90262
0.7	0.605856	4.57935e-14	1.91648
0.71	0.592819	4.62301e-14	1.92878
0.72	0.582319	4.66578e-14	1.93949
0.73	0.574337	4.70775e-14	1.9486
0.74	0.568852	4.74901e-14	1.9561
0.75	0.565834	4.78964e-14	1.96198
0.76	0.565252	4.82967e-14	1.96625
0.77	0.567068	4.86914e-14	1.9689
0.78	0.57124	4.90806e-14	1.96993
0.79	0.577721	4.9464e-14	1.96935
0.8	0.58646	4.98414e-14	1.96716
0.81	0.597402	5.02122e-14	1.96339
0.82	0.610489	5.05756e-14	1.95805
0.83	0.625656	5.09305e-14	1.95116
0.84	0.642839	5.12758e-14	1.94273
0.85	0.661966	5.16101e-14	1.9328
0.86	0.682965	5.19319e-14	1.9214
0.87	0.70576	5.22396e-14	1.90855
0.88	0.730272	5.25314e-14	1.89428
0.89	0.75642	5.28055e-14	1.87865
0.9	0.78412	5.30599e-14	1.86167
0.91	0.813286	5.32929e-14	1.8434
0.92	0.84383	5.35025e-14	1.82388
0.93	0.875664	5.36868e-14	1.80315
0.94	0.908697	5.3844e-14	1.78126
0.95	0.942837	5.39726e-14	1.75826
0.96	0.977992	5.40707e-14	1.7342
0.97	1.01407	5.41372e-14	1.70913
0.98	1.05097	5.41706e-14	1.68311
0.99	1.08861	5.417e-14	1.65618
1	1.12688	5.41344e-14	1.62841
1.01	1.1657	5.40632e-14	1.59985
1.02	1.20498	5.39559e-14	1.57055
1.03	1.24461	5.38124e-14	1.54057
1.04	1.28452	5.36326e-14	1.50998
1.05	1.3246	5.34168e-14	1.47882
1.06	1.36477	5.31655e-14	1.44716
1.07	1.40494	5.28792e-14	1.41504
1.08	1.44502	5.25587e-14	1.38254
1.09	1.48494	5.22052e-14	1.3497
1.1	1.52461	5.18198e-14	1.31657
1.11	1.56394	5.14037e-14	1.28323
1.12	1.60287	5.09583e-14	1.24971
1.13	1.64132	5.04851e-14	1.21607
1.14	1.67921	4.99856e-14	1.18237
1.15	1.71648	4.94613e-14	1.14865
1.16	1.75306	4.89137e-14	1.11496
1.17	1.78889	4.83444e-14	1.08136
1.18	1.82391	4.77548e-14	1.04788
1.19	1.85806	4.71462e-14	1.01457
1.2	1.89129	4.652e-14	0.981485
1.21	1.92354	4.58773e-14	0.948654
1.22	1.95478	4.52192e-14	0.916119
1.23	1.98496	4.45465e-14	0.88392
1.24	2.01404	4.38599e-14	0.852092
1.25	2.04199	4.31601e-14	0.820669
1.26	2.06877	4.24476e-14	0.789684
1.27	2.09436	4.17224e-14	0.759167
1.28	2.11873	4.09849e-14	0.729146
1.29	2.14186	4.02349e-14	0.699648
1.3	2.16374	3.94724e-14	0.670697
1.31	2.18435	3.86969e-14	0.642316
1.32	2.20369	3.79082e-14	0.614525
1.33	2.22174	3.71058e-14	0.587343
1.34	2.23851	3.62891e-14	0.560787
1.35	2.25399	3.54576e-14	0.534872
1.36	2.26819	3.46106e-14	0.50961
1.37	2.28112	3.37476e-14	0.485014
1.38	2.29279	3.28679e-14	0.461092
1.39	2.30321	3.1971e-14	0.437852
1.4	2.3124	3.10564e-14	0.4153
1.41	2.32039	3.01236e-14	0.393442
1.42	2.32718	2.91725e-14	0.372279
1.43	2.33281	2.82027e-14	0.351813
1.44	2.3373	2.72143e-14	0.332045
1.45	2.3407	2.62073e-14	0.312973
1.46	2.34302	2.51819e-14	0.294594
1.47	2.3443	2.41387e-14	0.276904
1.48	2.34458	2.30781e-14	0.259898
1.49	2.34389	2.20009e-14	0.243571
1.5	2.34229	2.09082e-14	0.227914
1.51	2.3398	1.98009e-14	0.212919
1.52	2.33647	1.86805e-14	0.198577
1.53	2.33235	1.75483e-14	0.184878
1.54	2.32748	1.64061e-14	0.171811
1.55	2.3219	1.52557e-14	0.159365
1.56	2.31567	1.4099e-14	0.147527
1.57	2.30882	1.29381e-14	0.136284
1.58	2.30141	1.17752e-14	0.125623
1.59	2.29348	1.06127e-14	0.115529
1.6	2.28508	9.45304e-15	0.105989
1.61	2.27626	8.29875e-15	0.0969882
1.62	2.26706	7.15245e-15	0.0885108
1.63	2.25754	6.01679e-15	0.0805418
1.64	2.24773	4.89449e-15	0.0730657
1.65	2.23768	3.78828e-15	0.0660668
1.66	2.22745	2.70092e-15	0.0595293
1.67	2.21706	1.63515e-15	0.0534373
1.68	2.20657	5.9369e-16	0.0477749
1.69	2.19601	-4.20758e-16	0.0425263
1.7	2.18543	-1.40556e-15	0.0376756
1.71	2.17487	-2.35812e-15	0.0332071
1.72	2.16435	-3.27597e-15	0.0291053
1.73	2.15392	-4.15668e-15	0.0253545
1.74	2.14361	-4.99797e-15	0.0219397
1.75	2.13346	-5.79766e-15	0.0188458
1.76	2.12349	-6.5537e-15	0.016058
1.77	2.11373	-7.2642e-15	0.0135617
1.78	2.1042	-7.92744e-15	0.0113428
1.79	2.09494	-8.54184e-15	0.00938741
1.8	2.08596	-9.10601e-15	0.00768189
1.81	2.07729	-9.61877e-15	0.00621305
1.82	2.06894	-1.00791e-14	0.00496801
1.83	2.06093	-1.04862e-14	0.0039343
1.84	2.05328	-1.08396e-14	0.00309981
1.85	2.04598	-1.11388e-14	0.00245284
1.86	2.03906	-1.13836e-14	0.00198208
1.87	2.03252	-1.15742e-14	0.00167663
1.88	2.02637	-1.17109e-14	0.00152599
1.89	2.02061	-1.17941e-14	0.00152007
1.9	2.01523	-1.18245e-14	0.00164919
1.91	2.01025	-1.1803e-14	0.00190406
1.92	2.00566	-1.17308e-14	0.00227582
1.93	2.00144	-1.1609e-14	0.00275598
1.94	1.9976	-1.14392e-14	0.00333643
1.95	1.99413	-1.12229e-14	0.00400945
1.96	1.99102	-1.09619e-14	0.0047677
1.97	1.98825	-1.06579e-14	0.00560416
1.98	1.98581	-1.0313e-14	0.00651219
1.99	1.98369	-9.92899e-15	0.00748545
2	1.98187	-9.50803e-15	0.00851792
2.01	1.98033	-9.05215e-15	0.0096039
2.02	1.97905	-8.56341e-15	0.0107379
2.03	1.97803	-8.04381e-15	0.0119148
2.04	1.97722	-7.49535e-15	0.0131297
2.05	1.97662	-6.91992e-15	0.0143777
2.06	1.9762	-6.3193e-15	0.0156545
2.07	1.97594	-5.69518e-15	0.0169557
2.08	1.97581	-5.04908e-15	0.018277
2.09	1.97578	-4.38239e-15	0.0196146
2.1	1.97585	-3.69631e-15	0.0209645
2.11	1.97598	-2.99185e-15	0.0223228
2.12	1.97614	-2.26983e-15	0.0236859
2.13	1.97632	-1.53088e-15	0.0250501
2.14	1.97648	-7.75391e-16	0.0264118
2.15	1.97661	-3.58302e-18	0.0277673
2.16	1.97669	7.84544e-16	0.0291131
2.17	1.97668	1.58918e-15	0.0304456
2.18	1.97656	2.41071e-15	0.0317611
2.19	1.97632	3.24967e-15	0.033056
2.2	1.97594	4.10678e-15	0.0343264
2.21	1.97539	4.98288e-15	0.0355686
2.22	1.97465	5.87893e-15	0.0367787
2.23	1.97371	6.79598e-15	0.0379527
2.24	1.97255	7.73515e-15	0.0390864
2.25	1.97116	8.69762e-15	0.0401758
2.26	1.96952	9.68455e-15	0.0412164
2.27	1.96762	1.06971e-14	0.0422038
2.28	1.96545	1.17364e-14	0.0431335
2.29	1.963	1.28035e-14	0.0440009
2.3	1.96026	1.38994e-14	0.044801
2.31	1.95722	1.50249e-14	0.0455291
2.32	1.95389	1.61807e-14	0.0461801
2.33	1.95026	1.73674e-14	0.0467489
2.34	1.94633	1.85852e-14	0.0472303
2.35	1.94209	1.98344e-14	0.047619
2.36	1.93756	2.11149e-14	0.0479097
2.37	1.93274	2.24263e-14	0.048097
2.38	1.92762	2.37682e-14	0.0481755
2.39	1.92224	2.51398e-14	0.0481396
2.4	1.91658	2.65401e-14	0.0479839
2.41	1.91067	2.7968e-14	0.0477029
2.42	1.90452	2.94218e-14	0.0472913
2.43	1.89814	3.09e-14	0.0467436
2.44	1.89156	3.24008e-14	0.0460546
2.45	1.88479	3.39219e-14	0.0452191
2.46	1.87784	3.54612e-14	0.044232
2.47	1.87076	3.70162e-14	0.0430884
2.48	1.86355	3.85845e-14	0.0417835
2.49	1.85624	4.01633e-14	0.0403128
2.5	1.84887	4.17499e-14	0.038672
2.51	1.84145	4.33415e-14	0.0368569
2.52	1.83402	4.49352e-14	0.0348638
2.53	1.82661	4.65282e-14	0.0326891
2.54	1.81926	4.81176e-14	0.0303295
2.55	1.81198	4.97006e-14	0.0277823
2.56	1.80482	5.12743e-14	0.0250448
2.57	1.79781	5.28362e-14	0.0221149
2.58	1.79098	5.43835e-14	0.0189908
2.59	1.78438	5.59138e-14	0.0156713
2.6	1.77803	5.74248e-14	0.0121554
2.61	1.77197	5.89142e-14	0.00844257
2.62	1.76625	6.03801e-14	0.00453292
2.63	1.76088	6.18206e-14	0.000426886
2.64	1.75592	6.32341e-14	-0.00387456
2.65	1.7514	6.4619e-14	-0.00836994
2.66	1.74735	6.59741e-14	-0.0130573
2.67	1.74381	6.72984e-14	-0.0179341
2.68	1.74082	6.8591e-14	-0.0229973
2.69	1.7384	6.98513e-14	-0.0282435
2.7	1.7366	7.10787e-14	-0.0336684
2.71	1.73544	7.22731e-14	-0.0392676
2.72	1.73496	7.34344e-14	-0.0450358
2.73	1.73519	7.45627e-14	-0.0509674
2.74	1.73615	7.56581e-14	-0.0570561
2.75	1.73787	7.67213e-14	-0.0632952
2.76	1.74039	7.77526e-14	-0.0696774
2.77	1.74372	7.87528e-14	-0.0761949
2.78	1.74789	7.97227e-14	-0.0828394
2.79	1.75292	8.06631e-14	-0.0896021
2.8	1.75883	8.1575e-14	-0.0964736
2.81	1.76564	8.24594e-14	-0.103444
2.82	1.77336	8.33173e-14	-0.110503
2.83	1.782	8.41497e-14	-0.11764
2.84	1.79158	8.49576e-14	-0.124844
2.85	1.80211	8.57422e-14	-0.132103
2.86	1.81358	8.65043e-14	-0.139404
2.87	1.82601	8.72448e-14	-0.146736
2.88	1.8394	8.79646e-14	-0.154085
2.89	1.85375	8.86644e-14	-0.161437
2.9	1.86904	8.93449e-14	-0.168779
2.91	1.88528	9.00065e-14	-0.176097
2.92	1.90246	9.06495e-14	-0.183376
2.93	1.92056	9.12743e-14	-0.1906
2.94	1.93957	9.18809e-14	-0.197755
2.95	1.95947	9.24691e-14	-0.204824
2.96	1.98025	9.30388e-14	-0.211792
2.97	2.00188	9.35895e-14	-0.218642
2.98	2.02433	9.41205e-14	-0.225357
2.99	2.04758	9.46312e-14	-0.23192
3	2.0716	9.51205e-14	-0.238313
3.01	2.09635	9.55875e-14	-0.244518
3.02	2.1218	9.60308e-14	-0.250518
3.03	2.14792	9.64491e-14	-0.256294
3.04	2.17465	9.68409e-14	-0.261827
3.05	2.20196	9.72046e-14	-0.267098
3.06	2.22981	9.75384e-14	-0.272087
3.07	2.25814	9.78406e-14	-0.276775
3.08	2.2869	9.81094e-14	-0.281142
3.09	2.31605	9.83428e-14	-0.285167
3.1	2.34553	9.85391e-14	-0.288831
3.11	2.37528	9.86962e-14	-0.292111
3.12	2.40526	9.88124e-14	-0.294987
3.13	2.43539	9.88858e-14	-0.297438
3.14	2.46561	9.89147e-14	-0.299441
3.15	2.49588	9.88975e-14	-0.300976
3.16	2.52612	9.88326e-14	-0.302019
3.17	2.55627	9.87187e-14	-0.302549
3.18	2.58626	9.85545e-14	-0.302543
3.19	2.61603	9.83389e-14	-0.301978
3.2	2.64551	9.80712e-14	-0.300831
3.21	2.67463	9.77506e-14	-0.29908
3.22	2.70332	9.73766e-14	-0.296701
3.23	2.73153	9.69491e-14	-0.293671
3.24	2.75917	9.64679e-14	-0.289966
3.25	2.78618	9.59334e-14	-0.285563
3.26	2.8125	9.5346e-14	-0.280438
3.27	2.83804	9.47063e-14	-0.274569
3.28	2.86276	9.40153e-14	-0.267931
3.29	2.88657	9.32743e-14	-0.260501
3.3	2.90941	9.24845e-14	-0.252257
3.31	2.93123	9.16475e-14	-0.243175
3.32	2.95194	9.07653e-14	-0.233232
3.33	2.9715	8.98397e-14	-0.222405
3.34	2.98984	8.8873e-14	-0.210673
3.35	3.00689	8.78676e-14	-0.198014
3.36	3.02261	8.6826e-14	-0.184406
3.37	3.03693	8.57509e-14	-0.169828
3.38	3.04981	8.4645e-14	-0.15426
3.39	3.06118	8.35113e-14	-0.137682
3.4	3.071	8.23527e-14	-0.120076
3.41	3.07923	8.11723e-14	-0.101422
3.42	3.08581	7.99732e-14	-0.0817043
3.43	3.0907	7.87587e-14	-0.0609051
3.44	3.09387	7.75319e-14	-0.0390095
3.45	3.09528	7.62959e-14	-0.0160029
3.46	3.0949	7.5054e-14	0.00812796
3.47	3.09268	7.38094e-14	0.0333951
3.48	3.08862	7.25652e-14	0.0598092
3.49	3.08268	7.13244e-14	0.0873796
3.5	3.07484	7.00901e-14	0.116114
3.51	3.06509	6.88652e-14	0.146019
3.52	3.05341	6.76525e-14	0.177099
3.53	3.03979	6.64548e-14	0.209357
3.54	3.02423	6.52747e-14	0.242794
3.55	3.00673	6.41147e-14	0.277409
3.56	2.98727	6.29772e-14	0.313199
3.57	2.96588	6.18642e-14	0.35016
3.58	2.94256	6.07781e-14	0.388285
3.59	2.91731	5.97205e-14	0.427564
3.6	2.89017	5.86933e-14	0.467986
3.61	2.86114	5.7698e-14	0.509537
3.62	2.83025	5.6736e-14	0.552202
3.63	2.79754	5.58085e-14	0.595962
3.64	2.76302	5.49165e-14	0.640796
3.65	2.72674	5.40609e-14	0.686681
3.66	2.68874	5.32422e-14	0.73359
3.67	2.64906	5.2461e-14	0.781495
3.68	2.60774	5.17175e-14	0.830365
3.69	2.56484	5.10118e-14	0.880167
3.7	2.52041	5.03438e-14	0.930863
3.71	2.47451	4.97134e-14	0.982415
3.72	2.42719	4.912e-14	1.03478
3.73	2.37853	4.85632e-14	1.08792
3.74	2.32858	4.80423e-14	1.14178
3.75	2.27742	4.75565e-14	1.19631
3.76	2.22511	4.71049e-14	1.25147
3.77	2.17175	4.66866e-14	1.30719
3.78	2.1174	4.63005e-14	1.36343
3.79	2.06214	4.59456e-14	1.42011
3.8	2.00606	4.56207e-14	1.47719
3.81	1.94925	4.53246e-14	1.5346
3.82	1.89179	4.50563e-14	1.59226
3.83	1.83377	4.48147e-14	1.65012
3.84	1.77528	4.45988e-14	1.70811
3.85	1.71642	4.44075e-14	1.76615
3.86	1.65727	4.42399e-14	1.82417
3.87	1.59795	4.40953e-14	1.88209
3.88	1.53854	4.39729e-14	1.93985
3.89	1.47913	4.38722e-14	1.99735
3.9	1.41984	4.37927e-14	2.05453
3.91	1.36076	4.3734e-14	2.11131
3.92	1.30199	4.3696e-14	2.1676
3.93	1.24363	4.36784e-14	2.22333
3.94	1.18578	4.36815e-14	2.27841
3.95	1.12854	4.37053e-14	2.33277
3.96	1.072	4.37501e-14	2.38631
3.97	1.01628	4.38162e-14	2.43897
3.98	0.96146	4.3904e-14	2.49065
3.99	0.907645	4.40141e-14	2.54128
4	0.85493	4.41469e-14	2.59078
4.01	0.80341	4.43029e-14	2.63907
4.02	0.753178	4.44826e-14	2.68608
4.03	0.704327	4.46866e-14	2.73172
4.04	0.656945	4.49152e-14	2.77591
4.05	0.611121	4.51686e-14	2.8186
4.06	0.566941	4.54472e-14	2.8597
4.07	0.524488	4.57509e-14	2.89914
4.08	0.483842	4.60796e-14	2.93687
4.09	0.445082	4.64331e-14	2.9728
4.1	0.408283	4.68108e-14	3.00689
4.11	0.373516	4.72121e-14	3.03906
4.12	0.340851	4.76359e-14	3.06927
4.13	0.310353	4.80811e-14	3.09745
4.14	0.282085	4.85463e-14	3.12357
4.15	0.256104	4.90299e-14	3.14756
4.16	0.232466	4.95299e-14	3.16939
4.17	0.211221	5.00442e-14	3.18902
4.18	0.192417	5.05705e-14	3.2064
4.19	0.176097	5.11063e-14	3.22151
4.2	0.162298	5.16487e-14	3.23431
4.21	0.151056	5.21951e-14	3.24479
4.22	0.142401	5.27423e-14	3.25291
4.23	0.136358	5.32873e-14	3.25867
4.24	0.132948	5.38269e-14	3.26204
4.25	0.132189	5.43579e-14	3.26303
4.26	0.134093	5.48772e-14	3.26162
4.27	0.138667	5.53815e-14	3.25781
4.28	0.145913	5.58679e-14	3.25162
4.29	0.155831	5.63332e-14	3.24304
4.3	0.168413	5.67747e-14	3.23209
4.31	0.183648	5.71897e-14	3.21879
4.32	0.201521	5.75757e-14	3.20315
4.33	0.222011	5.79305e-14	3.1852
4.34	0.245092	5.82519e-14	3.16497
4.35	0.270735	5.85383e-14	3.1425
4.36	0.298906	5.87881e-14	3.11781
4.37	0.329565	5.90001e-14	3.09096
4.38	0.362669	5.91734e-14	3.06197
4.39	0.39817	5.93074e-14	3.03091
4.4	0.436017	5.94016e-14	2.99782
4.41	0.476152	5.94559e-14	2.96276
4.42	0.518515	5.94705e-14	2.92578
4.43	0.563042	5.94458e-14	2.88695
4.44	0.609664	5.93823e-14	2.84633
4.45	0.658308	5.92809e-14	2.80398
4.46	0.7089	5.91425e-14	2.75998
4.47	0.761359	5.89683e-14	2.71439
4.48	0.815602	5.87593e-14	2.66729
4.49	0.871543	5.8517e-14	2.61876
4.5	0.929092	5.82426e-14	2.56887
4.51	0.988159	5.79375e-14	2.5177
4.52	1.04865	5.76029e-14	2.46533
4.53	1.11046	5.72402e-14	2.41185
4.54	1.17349	5.68506e-14	2.35733
4.55	1.23765	5.64352e-14	2.30186
4.56	1.30282	5.59948e-14	2.24552
4.57	1.3689	5.55305e-14	2.18841
4.58	1.43579	5.50429e-14	2.1306
4.59	1.50337	5.45324e-14	2.07218
4.6	1.57153	5.39994e-14	2.01323
4.61	1.64016	5.34442e-14	1.95384
4.62	1.70915	5.28666e-14	1.8941
4.63	1.77838	5.22664e-14	1.83408
4.64	1.84775	5.16434e-14	1.77388
4.65	1.91713	5.09969e-14	1.71357
4.66	1.98642	5.03263e-14	1.65324
4.67	2.05549	4.96309e-14	1.59295
4.68	2.12425	4.89096e-14	1.5328
4.69	2.19257	4.81615e-14	1.47286
4.7	2.26034	4.73856e-14	1.4132
4.71	2.32745	4.65808e-14	1.3539
4.72	2.39379	4.57459e-14	1.29503
4.73	2.45926	4.488e-14	1.23665
4.74	2.52375	4.39818e-14	1.17883
4.75	2.58716	4.30506e-14	1.12165
4.76	2.64938	4.20854e-14	1.06515
4.77	2.71031	4.10854e-14	1.00941
4.78	2.76985	4.00501e-14	0.954467
4.79	2.82792	3.89791e-14	0.900391
4.8	2.88441	3.7872e-14	0.847229
4.81	2.93925	3.67289e-14	0.79503
4.82	2.99234	3.55499e-14	0.743842
4.83	3.04361	3.43353e-14	0.693708
4.84	3.09297	3.30859e-14	0.64467
4.85	3.14035	3.18026e-14	0.596767
4.86	3.18568	3.04864e-14	0.550033
4.87	3.22889	2.91388e-14	0.504503
4.88	3.26991	2.77613e-14	0.460205
4.89	3.3087	2.6356e-14	0.417169
4.9	3.34519	2.49248e-14	0.375419
4.91	3.37933	2.34702e-14	0.334977
4.92	3.41109	2.19948e-14	0.295863
4.93	3.44041	2.05012e-14	0.258093
4.94	3.46726	1.89926e-14	0.221683
4.95	3.4916	1.7472e-14	0.186644
4.96	3.51342	1.59429e-14	0.152986
4.97	3.53269	1.44085e-14	0.120716
4.98	3.54939	1.28726e-14	0.089839
4.99	3.56351	1.13388e-14	0.0603576
5	3.57505	9.81089e-15	0.0322724
5.01	3.58399	8.29265e-15	0.00558172
5.02	3.59033	6.78797e-15	-0.019718
5.03	3.5941	5.30072e-15	-0.0436323
5.04	3.5953	3.83476e-15	-0.0661686
5.05	3.59394	2.39395e-15	-0.0873361
5.06	3.59004	9.8208e-16	-0.107146
5.07	3.58364	-3.97139e-16	-0.12561
5.08	3.57476	-1.74007e-15	-0.142744
5.09	3.56344	-3.04319e-15	-0.158562
5.1	3.54972	-4.30312e-15	-0.173081
5.11	3.53363	-5.5166e-15	-0.18632
5.12	3.51524	-6.68055e-15	-0.198299
5.13	3.49458	-7.79208e-15	-0.209039
5.14	3.47172	-8.84848e-15	-0.21856
5.15	3.44672	-9.84725e-15	-0.226888
5.16	3.41965	-1.07861e-14	-0.234044
5.17	3.39056	-1.1663e-14	-0.240055
5.18	3.35953	-1.24762e-14	-0.244945
5.19	3.32663	-1.3224e-14	-0.248743
5.2	3.29194	-1.39051e-14	-0.251474
5.21	3.25555	-1.45186e-14	-0.253167
5.22	3.21753	-1.50635e-14	-0.25385
5.23	3.17797	-1.55394e-14	-0.253554
5.24	3.13696	-1.59459e-14	-0.252306
5.25	3.09459	-1.62831e-14	-0.250139
5.26	3.05096	-1.65511e-14	-0.247082
5.27	3.00614	-1.67503e-14	-0.243167
5.28	2.96025	-1.68815e-14	-0.238424
5.29	2.91338	-1.69454e-14	-0.232887
5.3	2.86562	-1.69433e-14	-0.226586
5.31	2.81708	-1.68764e-14	-0.219555
5.32	2.76786	-1.67461e-14	-0.211825
5.33	2.71805	-1.65541e-14	-0.20343
5.34	2.66776	-1.63022e-14	-0.194403
5.35	2.61709	-1.59922e-14	-0.184777
5.36	2.56615	-1.56262e-14	-0.174584
5.37	2.51502	-1.52062e-14	-0.163858
5.38	2.46381	-1.47344e-14	-0.152633
5.39	2.41262	-1.4213e-14	-0.140942
5.4	2.36156	-1.36444e-14	-0.128818
5.41	2.31071	-1.30306e-14	-0.116294
5.42	2.26017	-1.23741e-14	-0.103405
5.43	2.21003	-1.1677e-14	-0.0901823
5.44	2.1604	-1.09417e-14	-0.07666
5.45	2.11136	-1.01701e-14	-0.0628708
5.46	2.06299	-9.36459e-15	-0.0488477
5.47	2.01539	-8.52703e-15	-0.0346232
5.48	1.96864	-7.65942e-15	-0.0202298
5.49	1.92282	-6.76363e-15	-0.00569962
5.5	1.87801	-5.84143e-15	0.00893535
5.51	1.83428	-4.89447e-15	0.0236436
5.52	1.79171	-3.92433e-15	0.0383938
5.53	1.75036	-2.93243e-15	0.0531551
5.54	1.7103	-1.92012e-15	0.067897
5.55	1.6716	-8.88622e-16	0.0825897
5.56	1.6343	1.60951e-16	0.0972034
5.57	1.59847	1.22759e-15	0.111709
5.58	1.56416	2.31038e-15	0.126079
5.59	1.53142	3.4085e-15	0.140284
5.6	1.50028	4.52125e-15	0.154298
5.61	1.47079	5.64796e-15	0.168094
5.62	1.44298	6.78808e-15	0.181646
5.63	1.41689	7.94109e-15	0.19493
5.64	1.39254	9.10655e-15	0.207921
5.65	1.36995	1.02841e-14	0.220596
5.66	1.34914	1.14732e-14	0.232931
5.67	1.33013	1.26738e-14	0.244907
5.68	1.31292	1.38853e-14	0.256501
5.69	1.29753	1.51076e-14	0.267695
5.7	1.28395	1.63402e-14	0.27847
5.71	1.27218	1.75828e-14	0.288809
5.72	1.26221	1.88351e-14	0.298695
5.73	1.25405	2.00967e-14	0.308112
5.74	1.24766	2.13671e-14	0.317048
5.75	1.24303	2.26458e-14	0.325489
5.76	1.24015	2.39322e-14	0.333423
5.77	1.23898	2.52258e-14	0.340841
5.78	1.23949	2.65258e-14	0.347732
5.79	1.24166	2.78314e-14	0.354091
5.8	1.24544	2.91417e-14	0.359909
5.81	1.25079	3.04558e-14	0.365182
5.82	1.25769	3.17725e-14	0.369907
5.83	1.26607	3.30906e-14	0.37408
5.84	1.27588	3.44089e-14	0.377701
5.85	1.28709	3.57259e-14	0.38077
5.86	1.29963	3.704e-14	0.383288
5.87	1.31345	3.83497e-14	0.385259
5.88	1.32849	3.96533e-14	0.386686
5.89	1.34469	4.09488e-14	0.387576
5.9	1.36198	4.22343e-14	0.387935
5.91	1.38031	4.35078e-14	0.38777
5.92	1.3996	4.47671e-14	0.387092
5.93	1.4198	4.60102e-14	0.385911
5.94	1.44082	4.72347e-14	0.384238
5.95	1.46261	4.84383e-14	0.382087
5.96	1.4851	4.96187e-14	0.37947
5.97	1.5082	5.07736e-14	0.376403
5.98	1.53186	5.19007e-14	0.372901
5.99	1.556	5.29975e-14	0.368982
6	1.58055	5.40618e-14	0.364663
6.01	1.60544	5.50913e-14	0.359962
6.02	1.63059	5.60839e-14	0.354899
6.03	1.65594	5.70376e-14	0.349493
6.04	1.68143	5.79502e-14	0.343765
6.05	1.70697	5.88201e-14	0.337737
6.06	1.73251	5.96455e-14	0.331429
6.07	1.75797	6.04249e-14	0.324864
6.08	1.7833	6.1157e-14	0.318064
6.09	1.80842	6.18405e-14	0.311052
6.1	1.83328	6.24747e-14	0.303851
6.11	1.85782	6.30586e-14	0.296484
6.12	1.88197	6.35918e-14	0.288975
6.13	1.90569	6.4074e-14	0.281346
6.14	1.92892	6.45052e-14	0.273621
6.15	1.95161	6.48854e-14	0.265823
6.16	1.9737	6.52151e-14	0.257975
6.17	1.99516	6.54948e-14	0.2501
6.18	2.01594	6.57253e-14	0.242221
6.19	2.036	6.59076e-14	0.234359
6.2	2.0553	6.60428e-14	0.226537
6.21	2.0738	6.61321e-14	0.218775
6.22	2.09147	6.61771e-14	0.211095
6.23	2.10829	6.61792e-14	0.203518
6.24	2.12423	6.614e-14	0.196062
6.25	2.13926	6.60614e-14	0.188747
6.26	2.15336	6.59448e-14	0.181591
6.27	2.16652	6.57922e-14	0.174612
6.28	2.17872	6.56053e-14	0.167828
6.29	2.18996	6.53856e-14	0.161254
6.3	2.20021	6.51349e-14	0.154905
6.31	2.20949	6.48548e-14	0.148797
6.32	2.21778	6.45465e-14	0.142943
6.33	2.22509	6.42115e-14	0.137356
6.34	2.23142	6.3851e-14	0.132049
6.35	2.23678	6.3466e-14	0.127031
6.36	2.24117	6.30573e-14	0.122315
6.37	2.24462	6.26256e-14	0.117908
6.38	2.24714	6.21715e-14	0.11382
6.39	2.24874	6.16953e-14	0.110058
6.4	2.24944	6.11971e-14	0.106629
6.41	2.24927	6.0677e-14	0.103538
6.42	2.24825	6.01349e-14	0.100791
6.43	2.2464	5.95703e-14	0.0983918
6.44	2.24377	5.89828e-14	0.0963435
6.45	2.24037	5.83719e-14	0.0946487
6.46	2.23624	5.77368e-14	0.0933088
6.47	2.23141	5.70769e-14	0.0923248
6.48	2.22593	5.63912e-14	0.0916967
6.49	2.21982	5.56788e-14	0.0914238
6.5	2.21313	5.4939e-14	0.0915047
6.51	2.20589	5.41708e-14	0.0919372
6.52	2.19814	5.33733e-14	0.0927187
6.53	2.18993	5.25457e-14	0.0938458
6.54	2.1813	5.16873e-14	0.0953143
6.55	2.17228	5.07973e-14	0.0971199
6.56	2.16293	4.98752e-14	0.0992573
6.57	2.15328	4.89207e-14	0.101721
6.58	2.14337	4.79333e-14	0.104505
6.59	2.13325	4.69129e-14	0.107602
6.6	2.12296	4.58596e-14	0.111007
6.61	2.11254	4.47735e-14	0.114711
6.62	2.10203	4.36549e-14	0.118706
6.63	2.09147	4.25045e-14	0.122986
6.64	2.0809	4.13228e-14	0.127542
6.65	2.07036	4.01108e-14	0.132365
6.66	2.05988	3.88695e-14	0.137447
6.67	2.0495	3.76002e-14	0.14278
6.68	2.03925	3.63043e-14	0.148354
6.69	2.02917	3.49832e-14	0.154161
6.7	2.01929	3.36387e-14	0.160192
6.71	2.00963	3.22726e-14	0.166437
6.72	2.00023	3.08869e-14	0.172889
6.73	1.99111	2.94835e-14	0.179538
6.74	1.98228	2.80648e-14	0.186375
6.75	1.97379	2.66328e-14	0.193392
6.76	1.96563	2.51899e-14	0.20058
6.77	1.95783	2.37385e-14	0.207932
6.78	1.95041	2.2281e-14	0.215438
6.79	1.94337	2.08198e-14	0.223092
6.8	1.93674	1.93574e-14	0.230886
6.81	1.9305	1.78963e-14	0.238811
6.82	1.92467	1.64389e-14	0.246863
6.83	1.91926	1.49877e-14	0.255032
6.84	1.91426	1.35451e-14	0.263315
6.85	1.90967	1.21134e-14	0.271703
6.86	1.90549	1.06951e-14	0.280193
6.87	1.90171	9.29228e-15	0.288778
6.88	1.89833	7.90724e-15	0.297454
6.89	1.89532	6.54208e-15	0.306216
6.9	1.89269	5.19881e-15	0.31506
6.91	1.8904	3.87937e-15	0.323984
6.92	1.88846	2.58557e-15	0.332982
6.93	1.88683	1.31912e-15	0.342053
6.94	1.88549	8.15865e-17	0.351195
6.95	1.88443	-1.12557e-15	0.360404
6.96	1.88362	-2.30105e-15	0.36968
6.97	1.88303	-3.44368e-15	0.379022
6.98	1.88263	-4.55245e-15	0.388427
6.99	1.8824	-5.6265e-15	0.397896
7	1.88231	-6.66513e-15	0.407427
7.01	1.88232	-7.6678e-15	0.417022
7.02	1.88241	-8.63414e-15	0.42668
7.03	1.88253	-9.56392e-15	0.436402
7.04	1.88266	-1.04571e-14	0.446187
7.05	1.88276	-1.13138e-14	0.456037
7.06	1.8828	-1.21342e-14	0.465953
7.07	1.88274	-1.29188e-14	0.475935
7.08	1.88254	-1.36681e-14	0.485984
7.09	1.88218	-1.43827e-14	0.496101
7.1	1.88162	-1.50635e-14	0.506286
7.11	1.88082	-1.57114e-14	0.516542
7.12	1.87974	-1.63272e-14	0.526867
7.13	1.87836	-1.69121e-14	0.537262
7.14	1.87665	-1.74671e-14	0.547728
7.15	1.87457	-1.79934e-14	0.558263
7.16	1.87209	-1.84922e-14	0.568868
7.17	1.86918	-1.89645e-14	0.579542
7.18	1.86582	-1.94115e-14	0.590282
7.19	1.86197	-1.98343e-14	0.601087
7.2	1.85762	-2.02338e-14	0.611954
7.21	1.85275	-2.06111e-14	0.622881
7.22	1.84732	-2.0967e-14	0.633863
7.23	1.84133	-2.13022e-14	0.644896
7.24	1.83476	-2.16173e-14	0.655975
7.25	1.82759	-2.19129e-14	0.667093
7.26	1.81981	-2.21891e-14	0.678245
7.27	1.81141	-2.24464e-14	0.689423
7.28	1.80239	-2.26845e-14	0.700618
7.29	1.79274	-2.29036e-14	0.711821
7.3	1.78246	-2.31033e-14	0.723023
7.31	1.77156	-2.32832e-14	0.734211
7.32	1.76003	-2.34428e-14	0.745375
7.33	1.74788	-2.35815e-14	0.756501
7.34	1.73513	-2.36985e-14	0.767576
7.35	1.72179	-2.37931e-14	0.778585
7.36	1.70787	-2.38643e-14	0.789514
7.37	1.69339	-2.39112e-14	0.800344
7.38	1.67837	-2.39328e-14	0.81106
7.39	1.66285	-2.39283e-14	0.821643
7.4	1.64684	-2.38967e-14	0.832075
7.41	1.63038	-2.38371e-14	0.842335
7.42	1.61349	-2.37487e-14	0.852405
7.43	1.59623	-2.36309e-14	0.862262
7.44	1.57862	-2.34831e-14	0.871885
7.45	1.56071	-2.33048e-14	0.881253
7.46	1.54254	-2.30958e-14	0.890343
7.47	1.52416	-2.2856e-14	0.899132
7.48	1.50562	-2.25854e-14	0.907596
7.49	1.48696	-2.22843e-14	0.915712
7.5	1.46824	-2.19532e-14	0.923456
7.51	1.44953	-2.15927e-14	0.930805
7.52	1.43086	-2.12037e-14	0.937735
7.53	1.41231	-2.07873e-14	0.944221
7.54	1.39393	-2.03446e-14	0.95024
7.55	1.37578	-1.98771e-14	0.955768
7.56	1.35794	-1.93863e-14	0.960784
7.57	1.34045	-1.8874e-14	0.965263
7.58	1.32339	-1.83418e-14	0.969183
7.59	1.30682	-1.77917e-14	0.972524
7.6	1.29082	-1.72256e-14	0.975264
7.61	1.27543	-1.66455e-14	0.977384
7.62	1.26074	-1.60533e-14	0.978863
7.63	1.24681	-1.5451e-14	0.979685
7.64	1.2337	-1.48404e-14	0.979832
7.65	1.22148	-1.42235e-14	0.979288
7.66	1.21022	-1.36019e-14	0.978038
7.67	1.19997	-1.29772e-14	0.976069
7.68	1.19081	-1.23508e-14	0.973369
7.69	1.1828	-1.17239e-14	0.969928
7.7	1.17599	-1.10977e-14	0.965736
7.71	1.17045	-1.04729e-14	0.960786
7.72	1.16622	-9.85025e-15	0.955072
7.73	1.16337	-9.23007e-15	0.94859
7.74	1.16195	-8.61256e-15	0.941338
7.75	1.16201	-7.99769e-15	0.933315
7.76	1.1636	-7.38516e-15	0.924521
7.77	1.16675	-6.77449e-15	0.914961
7.78	1.17152	-6.16499e-15	0.904639
7.79	1.17794	-5.55577e-15	0.893561
7.8	1.18604	-4.94576e-15	0.881736
7.81	1.19586	-4.33376e-15	0.869174
7.82	1.20743	-3.71842e-15	0.855888
7.83	1.22076	-3.0983e-15	0.841892
7.84	1.23589	-2.47188e-15	0.827201
7.85	1.25281	-1.83757e-15	0.811834
7.86	1.27156	-1.19379e-15	0.795809
7.87	1.29213	-5.3895e-16	0.779148
7.88	1.31453	1.28503e-16	0.761873
7.89	1.33876	8.10053e-16	0.74401
7.9	1.36481	1.50709e-15	0.725584
7.91	1.39267	2.2209e-15	0.706623
7.92	1.42233	2.95259e-15	0.687156
7.93	1.45377	3.70315e-15	0.667213
7.94	1.48697	4.47335e-15	0.646828
7.95	1.52189	5.26376e-15	0.626032
7.96	1.5585	6.07474e-15	0.60486
7.97	1.59678	6.90642e-15	0.583348
7.98	1.63666	7.75869e-15	0.561532
7.99	1.67812	8.63119e-15	0.53945
8	1.72109	9.52331e-15	0.51714
8.01	1.76552	1.04342e-14	0.494642
8.02	1.81135	1.13628e-14	0.471996
8.03	1.85852	1.23076e-14	0.449242
8.04	1.90695	1.32673e-14	0.426422
8.05	1.95659	1.424e-14	0.403578
8.06	2.00734	1.52236e-14	0.380751
8.07	2.05912	1.62161e-14	0.357985
8.08	2.11187	1.7215e-14	0.335322
8.09	2.16548	1.8218e-14	0.312805
8.1	2.21987	1.92223e-14	0.290478
8.11	2.27494	2.02252e-14	0.268383
8.12	2.3306	2.1224e-14	0.246564
8.13	2.38674	2.22158e-14	0.225064
8.14	2.44327	2.31977e-14	0.203926
8.15	2.50008	2.41669e-14	0.183193
8.16	2.55706	2.51204e-14	0.162906
8.17	2.61411	2.60554e-14	0.143109
8.18	2.67112	2.69693e-14	0.123843
8.19	2.72797	2.78593e-14	0.10515
8.2	2.78455	2.87229e-14	0.0870693
8.21	2.84075	2.95578e-14	0.0696425
8.22	2.89646	3.03617e-14	0.0529091
8.23	2.95155	3.11326e-14	0.0369084
8.24	3.00592	3.18687e-14	0.0216787
8.25	3.05945	3.25684e-14	0.00725797
8.26	3.11203	3.32302e-14	-0.00631667
8.27	3.16354	3.38531e-14	-0.0190089
8.28	3.21388	3.44361e-14	-0.030783
8.29	3.26292	3.49787e-14	-0.0416043
8.3	3.31057	3.54804e-14	-0.051439
8.31	3.35671	3.59412e-14	-0.0602538
8.32	3.40124	3.63613e-14	-0.0680168
8.33	3.44405	3.67411e-14	-0.0746967
8.34	3.48504	3.70813e-14	-0.0802632
8.35	3.52412	3.73829e-14	-0.0846873
8.36	3.56119	3.76472e-14	-0.0879406
8.37	3.59616	3.78756e-14	-0.0899961
8.38	3.62894	3.80697e-14	-0.0908276
8.39	3.65944	3.82316e-14	-0.0904104
8.4	3.68759	3.83634e-14	-0.0887206
8.41	3.71331	3.84672e-14	-0.0857358
8.42	3.73652	3.85456e-14	-0.0814346
8.43	3.75717	3.86012e-14	-0.0757971
8.44	3.77518	3.86367e-14	-0.0688044
8.45	3.7905	3.86549e-14	-0.0604394
8.46	3.80307	3.86588e-14	-0.0506861
8.47	3.81286	3.86512e-14	-0.0395302
8.48	3.81981	3.86353e-14	-0.0269586
8.49	3.82389	3.86139e-14	-0.01296
8.5	3.82507	3.85902e-14	0.00247518
8.51	3.82332	3.8567e-14	0.0193551
8.52	3.81863	3.85474e-14	0.037686
8.53	3.81098	3.85341e-14	0.0574723
8.54	3.80037	3.853e-14	0.0787168
8.55	3.78678	3.85376e-14	0.10142
8.56	3.77024	3.85597e-14	0.125581
8.57	3.75074	3.85985e-14	0.151196
8.58	3.7283	3.86563e-14	0.17826
8.59	3.70296	3.87353e-14	0.206764
8.6	3.67472	3.88373e-14	0.236701
8.61	3.64364	3.89642e-14	0.268056
8.62	3.60975	3.91176e-14	0.300816
8.63	3.57309	3.92988e-14	0.334963
8.64	3.53372	3.9509e-14	0.370479
8.65	3.4917	3.97493e-14	0.407342
8.66	3.44709	4.00204e-14	0.445526
8.67	3.39996	4.03231e-14	0.485006
8.68	3.35038	4.06577e-14	0.525751
8.69	3.29844	4.10245e-14	0.567729
8.7	3.24421	4.14236e-14	0.610904
8.71	3.18779	4.18547e-14	0.65524
8.72	3.12926	4.23177e-14	0.700696
8.73	3.06874	4.28121e-14	0.747228
8.74	3.00632	4.33371e-14	0.79479
8.75	2.9421	4.38921e-14	0.843334
8.76	2.8762	4.44761e-14	0.892808
8.77	2.80874	4.50879e-14	0.943158
8.78	2.73983	4.57264e-14	0.994327
8.79	2.66958	4.63901e-14	1.04626
8.8	2.59813	4.70776e-14	1.09888
8.81	2.5256	4.77873e-14	1.15214
8.82	2.45212	4.85175e-14	1.20597
8.83	2.37781	4.92664e-14	1.26029
8.84	2.30282	5.0032e-14	1.31504
8.85	2.22727	5.08125e-14	1.37015
8.86	2.1513	5.16059e-14	1.42552
8.87	2.07505	5.24101e-14	1.4811
8.88	1.99864	5.32229e-14	1.5368
8.89	1.92223	5.40423e-14	1.59253
8.9	1.84594	5.48661e-14	1.64822
8.91	1.7699	5.56922e-14	1.70378
8.92	1.69427	5.65185e-14	1.75913
8.93	1.61917	5.73429e-14	1.81418
8.94	1.54473	5.81635e-14	1.86884
8.95	1.47108	5.89781e-14	1.92303
8.96	1.39837	5.9785e-14	1.97665
8.97	1.32671	6.05824e-14	2.02963
8.98	1.25624	6.13685e-14	2.08187
8.99	1.18707	6.21418e-14	2.13328
9	1.11933	6.29009e-14	2.18378
9.01	1.05314	6.36444e-14	2.23328
9.02	0.988603	6.43712e-14	2.28169
9.03	0.925841	6.50804e-14	2.32894
9.04	0.864956	6.5771e-14	2.37493
9.05	0.806054	6.64425e-14	2.41958
9.06	0.749233	6.70943e-14	2.46281
9.07	0.694588	6.77261e-14	2.50455
9.08	0.642209	6.83378e-14	2.54472
9.09	0.592182	6.89294e-14	2.58325
9.1	0.544586	6.9501e-14	2.62005
9.11	0.499497	7.00529e-14	2.65508
9.12	0.456985	7.05855e-14	2.68825
9.13	0.417115	7.10994e-14	2.71952
9.14	0.379947	7.15952e-14	2.74881
9.15	0.345532	7.20736e-14	2.77608
9.16	0.313921	7.25354e-14	2.80127
9.17	0.285153	7.29813e-14	2.82434
9.18	0.259267	7.34122e-14	2.84524
9.19	0.236292	7.38288e-14	2.86394
9.2	0.216253	7.42319e-14	2.88039
9.21	0.199167	7.46222e-14	2.89457
9.22	0.185049	7.50004e-14	2.90645
9.23	0.173903	7.53668e-14	2.91601
9.24	0.165732	7.5722e-14	2.92324
9.25	0.160529	7.60663e-14	2.92811
9.26	0.158283	7.63996e-14	2.93063
9.27	0.158977	7.6722e-14	2.93079
9.28	0.162589	7.70333e-14	2.92858
9.29	0.16909	7.7333e-14	2.92402
9.3	0.178446	7.76207e-14	2.91712
9.31	0.190617	7.78955e-14	2.9079
9.32	0.205558	7.81566e-14	2.89636
9.33	0.22322	7.84028e-14	2.88255
9.34	0.243547	7.8633e-14	2.86648
9.35	0.266479	7.88457e-14	2.84819
9.36	0.291952	7.90396e-14	2.82771
9.37	0.319895	7.92129e-14	2.8051
9.38	0.350235	7.93641e-14	2.78039
9.39	0.382894	7.94915e-14	2.75363
9.4	0.417789	7.95933e-14	2.72489
9.41	0.454835	7.96679e-14	2.6942
9.42	0.493942	7.97134e-14	2.66164
9.43	0.535016	7.97284e-14	2.62726
9.44	0.577963	7.97112e-14	2.59114
9.45	0.622683	7.96604e-14	2.55333
9.46	0.669074	7.95748e-14	2.51392
9.47	0.717033	7.94532e-14	2.47298
9.48	0.766452	7.92945e-14	2.43057
9.49	0.817223	7.90982e-14	2.38679
9.5	0.869237	7.88635e-14	2.3417
9.51	0.922382	7.85901e-14	2.2954
9.52	0.976546	7.82779e-14	2.24795
9.53	1.03161	7.79271e-14	2.19945
9.54	1.08747	7.75378e-14	2.14998
9.55	1.14401	7.71106e-14	2.09962
9.56	1.20111	7.66463e-14	2.04846
9.57	1.25865	7.61458e-14	1.99659
9.58	1.31652	7.56101e-14	1.94408
9.59	1.37462	7.50405e-14	1.89103
9.6	1.43282	7.44385e-14	1.83752
9.61	1.49101	7.38054e-14	1.78362
9.62	1.54909	7.31429e-14	1.72944
9.63	1.60694	7.24527e-14	1.67503
9.64	1.66446	7.17363e-14	1.6205
9.65	1.72154	7.09956e-14	1.56591
9.66	1.77808	7.02321e-14	1.51135
9.67	1.83397	6.94475e-14	1.45689
9.68	1.88913	6.86434e-14	1.4026
9.69	1.94345	6.78212e-14	1.34856
9.7	1.99684	6.69823e-14	1.29484
9.71	2.04922	6.61279e-14	1.2415
9.72	2.10049	6.52591e-14	1.18861
9.73	2.15058	6.4377e-14	1.13623
9.74	2.1994	6.34822e-14	1.08443
9.75	2.24689	6.25754e-14	1.03326
9.76	2.29296	6.16572e-14	0.982777
9.77	2.33755	6.07278e-14	0.933035
9.78	2.3806	5.97875e-14	0.884082
9.79	2.42205	5.88364e-14	0.835966
9.8	2.46185	5.78743e-14	0.78873
9.81	2.49994	5.69012e-14	0.742417
9.82	2.53627	5.59169e-14	0.697063
9.83	2.57081	5.49209e-14	0.652706
9.84	2.60352	5.39131e-14	0.609377
9.85	2.63436	5.2893e-14	0.567105
9.86	2.66331	5.18603e-14	0.525918
9.87	2.69034	5.08147e-14	0.48584
9.88	2.71543	4.9756e-14	0.446891
9.89	2.73857	4.8684e-14	0.409089
9.9	2.75975	4.75987e-14	0.372452
9.91	2.77895	4.65001e-14	0.33699
9.92	2.79619	4.53884e-14	0.302715
9.93	2.81145	4.4264e-14	0.269634
9.94	2.82475	4.31274e-14	0.237753
9.95	2.8361	4.19795e-14	0.207073
9.96	2.84552	4.0821e-14	0.177597
9.97	2.85301	3.96531e-14	0.149321
9.98	2.85861	3.84773e-14	0.122241
9.99	2.86234	3.72949e-14	0.0963526
10	2.86423	3.61078e-14	0.0716461
10.01	2.86431	3.49178e-14	0.0481119
10.02	2.86263	3.37272e-14	0.025738
10.03	2.85921	3.25383e-14	0.00451065
10.04	2.85411	3.13535e-14	-0.0155855
10.05	2.84737	3.01755e-14	-0.0345672
10.06	2.83904	2.90071e-14	-0.0524531
10.07	2.82917	2.78511e-14	-0.0692627
10.08	2.81782	2.67106e-14	-0.0850173
10.09	2.80504	2.55887e-14	-0.0997389
10.1	2.79088	2.44884e-14	-0.113451
10.11	2.77542	2.34131e-14	-0.126178
10.12	2.75871	2.23658e-14	-0.137944
10.13	2.74082	2.13498e-14	-0.148777
10.14	2.72181	2.03683e-14	-0.158702
10.15	2.70175	1.94243e-14	-0.167747
10.16	2.6807	1.8521e-14	-0.175941
10.17	2.65874	1.76612e-14	-0.183311
10.18	2.63593	1.6848e-14	-0.189886
10.19	2.61234	1.60839e-14	-0.195696
10.2	2.58805	1.53716e-14	-0.20077
10.21	2.56312	1.47135e-14	-0.205137
10.22	2.53762	1.41118e-14	-0.208828
10.23	2.51163	1.35687e-14	-0.211871
10.24	2.48522	1.3086e-14	-0.214297
10.25	2.45844	1.26653e-14	-0.216134
10.26	2.43138	1.2308e-14	-0.217414
10.27	2.4041	1.20155e-14	-0.218163
10.28	2.37666	1.17886e-14	-0.218412
10.29	2.34914	1.1628e-14	-0.218189
10.3	2.32159	1.15342e-14	-0.217522
10.31	2.29408	1.15076e-14	-0.21644
10.32	2.26668	1.15479e-14	-0.214968
10.33	2.23943	1.1655e-14	-0.213134
10.34	2.21241	1.18283e-14	-0.210965
10.35	2.18567	1.20672e-14	-0.208486
10.36	2.15925	1.23706e-14	-0.205722
10.37	2.13322	1.27373e-14	-0.202698
10.38	2.10762	1.31659e-14	-0.199437
10.39	2.08251	1.36548e-14	-0.195963
10.4	2.05792	1.42022e-14	-0.192297
10.41	2.03391	1.48062e-14	-0.188463
10.42	2.01051	1.54645e-14	-0.184481
10.43	1.98775	1.61749e-14	-0.18037
10.44	1.96569	1.69351e-14	-0.176152
10.45	1.94435	1.77425e-14	-0.171844
10.46	1.92376	1.85946e-14	-0.167465
10.47	1.90395	1.94889e-14	-0.163031
10.48	1.88495	2.04226e-14	-0.15856
10.49	1.86678	2.13932e-14	-0.154067
10.5	1.84945	2.2398e-14	-0.149567
10.51	1.833	2.34345e-14	-0.145075
10.52	1.81743	2.45001e-14	-0.140603
10.53	1.80275	2.55924e-14	-0.136166
10.54	1.78898	2.67092e-14	-0.131775
10.55	1.77612	2.78483e-14	-0.127441
10.56	1.76419	2.90076e-14	-0.123175
10.57	1.75317	3.01852e-14	-0.118987
10.58	1.74308	3.13795e-14	-0.114887
10.59	1.73391	3.2589e-14	-0.110884
10.6	1.72565	3.38124e-14	-0.106985
10.61	1.7183	3.50485e-14	-0.103198
10.62	1.71186	3.62966e-14	-0.0995307
10.63	1.7063	3.75558e-14	-0.0959887
10.64	1.70163	3.88258e-14	-0.0925782
10.65	1.69781	4.01063e-14	-0.0893045
10.66	1.69485	4.13971e-14	-0.0861726
10.67	1.69271	4.26985e-14	-0.0831869
10.68	1.69138	4.40106e-14	-0.0803513
10.69	1.69085	4.53339e-14	-0.0776695
10.7	1.69107	4.66689e-14	-0.0751444
10.71	1.69205	4.80163e-14	-0.0727789
10.72	1.69374	4.93769e-14	-0.0705754
10.73	1.69612	5.07514e-14	-0.0685358
10.74	1.69917	5.21407e-14	-0.0666619
10.75	1.70285	5.35456e-14	-0.064955
10.76	1.70715	5.49671e-14	-0.0634162
10.77	1.71202	5.6406e-14	-0.0620463
10.78	1.71744	5.7863e-14	-0.0608459
10.79	1.72339	5.93388e-14	-0.0598151
10.8	1.72982	6.0834e-14	-0.0589541
10.81	1.73671	6.2349e-14	-0.0582626
10.82	1.74403	6.38842e-14	-0.0577403
10.83	1.75174	6.54396e-14	-0.0573865
10.84	1.75982	6.70153e-14	-0.0572003
10.85	1.76823	6.86109e-14	-0.0571808
10.86	1.77695	7.02261e-14	-0.0573268
10.87	1.78594	7.18603e-14	-0.0576368
10.88	1.79518	7.35125e-14	-0.0581093
10.89	1.80463	7.51818e-14	-0.0587425
10.9	1.81427	7.68668e-14	-0.0595345
10.91	1.82407	7.85661e-14	-0.0604833
10.92	1.834	8.0278e-14	-0.0615866
10.93	1.84403	8.20008e-14	-0.0628418
10.94	1.85414	8.37322e-14	-0.0642465
10.95	1.86431	8.54703e-14	-0.0657977
10.96	1.87452	8.72126e-14	-0.0674926
10.97	1.88473	8.89567e-14	-0.069328
10.98	1.89493	9.07001e-14	-0.0713006
10.99	1.9051	9.24401e-14	-0.0734067
11	1.91522	9.41741e-14	-0.0756427
11.01	1.92527	9.58993e-14	-0.0780048
11.02	1.93523	9.7613e-14	-0.0804886
11.03	1.9451	9.93125e-14	-0.0830901
11.04	1.95485	1.00995e-13	-0.0858045
11.05	1.96448	1.02658e-13	-0.0886272
11.06	1.97396	1.04299e-13	-0.0915532
11.07	1.98331	1.05915e-13	-0.0945773
11.08	1.99249	1.07505e-13	-0.0976942
11.09	2.00151	1.09065e-13	-0.100898
11.1	2.01037	1.10594e-13	-0.104184
11.11	2.01905	1.1209e-13	-0.107544
11.12	2.02755	1.13552e-13	-0.110974
11.13	2.03587	1.14977e-13	-0.114466
11.14	2.04401	1.16364e-13	-0.118013
11.15	2.05197	1.17713e-13	-0.12161
11.16	2.05976	1.19022e-13	-0.125248
11.17	2.06736	1.2029e-13	-0.12892
11.18	2.07479	1.21518e-13	-0.13262
11.19	2.08206	1.22705e-13	-0.136338
11.2	2.08916	1.23851e-13	-0.140067
11.21	2.0961	1.24956e-13	-0.143799
11.22	2.10289	1.2602e-13	-0.147525
11.23	2.10954	1.27044e-13	-0.151238
11.24	2.11605	1.28029e-13	-0.154928
11.25	2.12245	1.28976e-13	-0.158586
11.26	2.12872	1.29885e-13	-0.162204
11.27	2.13489	1.30759e-13	-0.165772
11.28	2.14097	1.31598e-13	-0.169282
11.29	2.14696	1.32403e-13	-0.172724
11.3	2.15289	1.33177e-13	-0.176088
11.31	2.15875	1.3392e-13	-0.179366
11.32	2.16457	1.34634e-13	-0.182547
11.33	2.17034	1.35322e-13	-0.185621
11.34	2.1761	1.35984e-13	-0.18858
11.35	2.18184	1.36623e-13	-0.191414
11.36	2.18758	1.37239e-13	-0.194112
11.37	2.19333	1.37834e-13	-0.196665
11.38	2.1991	1.38411e-13	-0.199063
11.39	2.2049	1.38969e-13	-0.201297
11.4	2.21074	1.3951e-13	-0.203356
11.41	2.21663	1.40036e-13	-0.205231
11.42	2.22259	1.40547e-13	-0.206912
11.43	2.22861	1.41044e-13	-0.208389
11.44	2.23471	1.41528e-13	-0.209653
11.45	2.24089	1.41998e-13	-0.210694
11.46	2.24716	1.42456e-13	-0.211503
11.47	2.25352	1.42901e-13	-0.21207
11.48	2.25998	1.43334e-13	-0.212386
11.49	2.26655	1.43753e-13	-0.212441
11.5	2.27321	1.44158e-13	-0.212226
11.51	2.27999	1.4455e-13	-0.211732
11.52	2.28686	1.44926e-13	-0.21095
11.53	2.29384	1.45286e-13	-0.209869
11.54	2.30092	1.45629e-13	-0.208483
11.55	2.3081	1.45954e-13	-0.206781
11.56	2.31537	1.4626e-13	-0.204754
11.57	2.32273	1.46544e-13	-0.202394
11.58	2.33017	1.46806e-13	-0.199692
11.59	2.33767	1.47044e-13	-0.196639
11.6	2.34524	1.47257e-13	-0.193227
11.61	2.35286	1.47443e-13	-0.189446
11.62	2.36051	1.47601e-13	-0.185288
11.63	2.36819	1.4773e-13	-0.180744
11.64	2.37588	1.47828e-13	-0.175806
11.65	2.38356	1.47894e-13	-0.170465
11.66	2.39121	1.47927e-13	-0.164713
11.67	2.39882	1.47926e-13	-0.15854
11.68	2.40637	1.47892e-13	-0.151939
11.69	2.41383	1.47822e-13	-0.1449
11.7	2.42119	1.47716e-13	-0.137415
11.71	2.42841	1.47576e-13	-0.129475
11.72	2.43549	1.47399e-13	-0.121072
11.73	2.44238	1.47188e-13	-0.112196
11.74	2.44907	1.46942e-13	-0.10284
11.75	2.45554	1.46662e-13	-0.0929947
11.76	2.46174	1.46349e-13	-0.0826507
11.77	2.46766	1.46003e-13	-0.0717997
11.78	2.47326	1.45627e-13	-0.0604329
11.79	2.47852	1.45222e-13	-0.0485416
11.8	2.4834	1.44789e-13	-0.036117
11.81	2.48788	1.44329e-13	-0.0231504
11.82	2.49193	1.43846e-13	-0.00963325
11.83	2.49551	1.43341e-13	0.00444317
11.84	2.49859	1.42816e-13	0.0190873
11.85	2.50115	1.42273e-13	0.0343077
11.86	2.50315	1.41715e-13	0.0501125
11.87	2.50456	1.41144e-13	0.06651
11.88	2.50535	1.40563e-13	0.0835081
11.89	2.5055	1.39973e-13	0.101115
11.9	2.50496	1.39378e-13	0.119337
11.91	2.50372	1.3878e-13	0.138183
11.92	2.50174	1.3818e-13	0.157659
11.93	2.499	1.37582e-13	0.177772
11.94	2.49546	1.36988e-13	0.198528
11.95	2.49111	1.364e-13	0.219932
11.96	2.48591	1.3582e-13	0.241991
11.97	2.47984	1.35251e-13	0.26471
11.98	2.47289	1.34694e-13	0.288091
11.99	2.46502	1.34152e-13	0.312139
12	2.45622	1.33625e-13	0.336857
12.01	2.44646	1.33117e-13	0.362248
12.02	2.43574	1.32628e-13	0.388311
12.03	2.42403	1.3216e-13	0.415049
12.04	2.41132	1.31715e-13	0.442461
12.05	2.3976	1.31294e-13	0.470545
12.06	2.38286	1.30898e-13	0.499299
12.07	2.36709	1.30528e-13	0.52872
12.08	2.35028	1.30185e-13	0.558803
12.09	2.33243	1.2987e-13	0.589544
12.1	2.31353	1.29584e-13	0.620934
12.11	2.29359	1.29327e-13	0.652966
12.12	2.2726	1.29101e-13	0.68563
12.13	2.25058	1.28904e-13	0.718916
12.14	2.22753	1.28738e-13	0.752811
12.15	2.20345	1.28603e-13	0.7873
12.16	2.17836	1.28499e-13	0.82237
12.17	2.15227	1.28425e-13	0.858003
12.18	2.1252	1.28381e-13	0.89418
12.19	2.09717	1.28368e-13	0.930882
12.2	2.0682	1.28384e-13	0.968086
12.21	2.0383	1.28429e-13	1.00577
12.22	2.00752	1.28503e-13	1.04391
12.23	1.97587	1.28604e-13	1.08247
12.24	1.94339	1.28731e-13	1.12143
12.25	1.91011	1.28885e-13	1.16076
12.26	1.87606	1.29063e-13	1.20043
12.27	1.84129	1.29264e-13	1.2404
12.28	1.80584	1.29488e-13	1.28063
12.29	1.76974	1.29733e-13	1.3211
12.3	1.73305	1.29997e-13	1.36175
12.31	1.6958	1.30281e-13	1.40256
12.32	1.65806	1.30581e-13	1.44347
12.33	1.61987	1.30897e-13	1.48445
12.34	1.58129	1.31228e-13	1.52544
12.35	1.54236	1.31573e-13	1.56641
12.36	1.50316	1.3193e-13	1.6073
12.37	1.46373	1.32298e-13	1.64807
12.38	1.42415	1.32676e-13	1.68866
12.39	1.38446	1.33063e-13	1.72902
12.4	1.34475	1.33458e-13	1.76911
12.41	1.30506	1.3386e-13	1.80886
12.42	1.26547	1.3427e-13	1.84822
12.43	1.22605	1.34685e-13	1.88714
12.44	1.18687	1.35106e-13	1.92556
12.45	1.14799	1.35532e-13	1.96343
12.46	1.10948	1.35962e-13	2.00068
12.47	1.07143	1.36397e-13	2.03727
12.48	1.03389	1.36836e-13	2.07312
12.49	0.99694	1.37279e-13	2.1082
12.5	0.960657	1.37726e-13	2.14243
12.51	0.925109	1.38176e-13	2.17577
12.52	0.890371	1.38631e-13	2.20816
12.53	0.856513	1.39088e-13	2.23953
12.54	0.823608	1.39549e-13	2.26984
12.55	0.791727	1.40013e-13	2.29904
12.56	0.760941	1.40479e-13	2.32706
12.57	0.73132	1.40948e-13	2.35386
12.58	0.702933	1.41419e-13	2.37938
12.59	0.675848	1.41891e-13	2.40358
12.6	0.650131	1.42363e-13	2.42641
12.61	0.625847	1.42835e-13	2.44783
12.62	0.60306	1.43305e-13	2.46778
12.63	0.581832	1.43772e-13	2.48623
12.64	0.562223	1.44234e-13	2.50314
12.65	0.54429	1.44691e-13	2.51847
12.66	0.52809	1.45141e-13	2.53218
12.67	0.513675	1.4558e-13	2.54424
12.68	0.501098	1.46009e-13	2.55463
12.69	0.490406	1.46423e-13	2.56331
12.7	0.481644	1.46822e-13	2.57025
12.71	0.474857	1.47203e-13	2.57545
12.72	0.470083	1.47563e-13	2.57887
12.73	0.46736	1.479e-13	2.5805
12.74	0.46672	1.48212e-13	2.58034
12.75	0.468195	1.48497e-13	2.57836
12.76	0.471811	1.48751e-13	2.57456
12.77	0.477592	1.48974e-13	2.56895
12.78	0.485556	1.49162e-13	2.56151
12.79	0.495721	1.49314e-13	2.55226
12.8	0.508099	1.49429e-13	2.54119
12.81	0.522697	1.49503e-13	2.52833
12.82	0.539521	1.49538e-13	2.51368
12.83	0.55857	1.4953e-13	2.49725
12.84	0.579843	1.4948e-13	2.47908
12.85	0.60333	1.49386e-13	2.45917
12.86	0.629021	1.49249e-13	2.43757
12.87	0.6569	1.49068e-13	2.41429
12.88	0.686947	1.48844e-13	2.38936
12.89	0.719138	1.48578e-13	2.36284
12.9	0.753445	1.48269e-13	2.33474
12.91	0.789836	1.4792e-13	2.30512
12.92	0.828275	1.47531e-13	2.27401
12.93	0.868721	1.47104e-13	2.24147
12.94	0.91113	1.46641e-13	2.20754
12.95	0.955453	1.46144e-13	2.17227
12.96	1.00164	1.45614e-13	2.13571
12.97	1.04963	1.45054e-13	2.09793
12.98	1.09937	1.44466e-13	2.05898
12.99	1.15078	1.43852e-13	2.01892
13	1.20382	1.43214e-13	1.97781
13.01	1.25839	1.42555e-13	1.93571
13.02	1.31444	1.41877e-13	1.89269
13.03	1.37187	1.41181e-13	1.84881
13.04	1.43062	1.4047e-13	1.80415
13.05	1.49059	1.39746e-13	1.75876
13.06	1.5517	1.39009e-13	1.71272
13.07	1.61386	1.38263e-13	1.66609
13.08	1.67698	1.37507e-13	1.61895
13.09	1.74095	1.36742e-13	1.57137
13.1	1.80569	1.35971e-13	1.52342
13.11	1.8711	1.35192e-13	1.47516
13.12	1.93706	1.34407e-13	1.42667
13.13	2.00349	1.33616e-13	1.37802
13.14	2.07027	1.32817e-13	1.32928
13.15	2.13729	1.32012e-13	1.28052
13.16	2.20446	1.312e-13	1.2318
13.17	2.27165	1.3038e-13	1.1832
13.18	2.33877	1.2955e-13	1.13479
13.19	2.40569	1.28711e-13	1.08662
13.2	2.47232	1.27862e-13	1.03876
13.21	2.53853	1.27e-13	0.991284
13.22	2.60422	1.26125e-13	0.944246
13.23	2.66928	1.25236e-13	0.897709
13.24	2.73359	1.24332e-13	0.851732
13.25	2.79705	1.23412e-13	0.806374
13.26	2.85955	1.22474e-13	0.761689
13.27	2.92097	1.21519e-13	0.717733
13.28	2.98122	1.20544e-13	0.674558
13.29	3.04019	1.1955e-13	0.632214
13.3	3.09778	1.18537e-13	0.59075
13.31	3.15388	1.17503e-13	0.550212
13.32	3.20839	1.1645e-13	0.510645
13.33	3.26123	1.15378e-13	0.47209
13.34	3.31229	1.14287e-13	0.434589
13.35	3.36148	1.13178e-13	0.398178
13.36	3.40872	1.12053e-13	0.362895
13.37	3.45392	1.10912e-13	0.328771
13.38	3.49699	1.09758e-13	0.295839
13.39	3.53787	1.08592e-13	0.264128
13.4	3.57647	1.07418e-13	0.233664
13.41	3.61273	1.06236e-13	0.204473
13.42	3.64658	1.05051e-13	0.176577
13.43	3.67795	1.03865e-13	0.149996
13.44	3.70679	1.02682e-13	0.124749
13.45	3.73305	1.01504e-13	0.100851
13.46	3.75667	1.00336e-13	0.0783171
13.47	3.77761	9.91819e-14	0.0571587
13.48	3.79583	9.80445e-14	0.0373856
13.49	3.8113	9.69283e-14	0.0190058
13.5	3.82399	9.58375e-14	0.00202515
13.51	3.83388	9.47761e-14	-0.0135525
13.52	3.84093	9.37482e-14	-0.0277251
13.53	3.84515	9.27581e-14	-0.0404926
13.54	3.84651	9.18098e-14	-0.0518565
13.55	3.84503	9.09074e-14	-0.0618205
13.56	3.84069	9.00548e-14	-0.0703897
13.57	3.83351	8.92558e-14	-0.077571
13.58	3.8235	8.8514e-14	-0.0833732
13.59	3.81067	8.78331e-14	-0.0878064
13.6	3.79506	8.72162e-14	-0.0908826
13.61	3.77668	8.66666e-14	-0.0926152
13.62	3.75557	8.6187e-14	-0.093019
13.63	3.73177	8.57802e-14	-0.0921106
13.64	3.70533	8.54484e-14	-0.0899079
13.65	3.67629	8.51937e-14	-0.0864302
13.66	3.64471	8.50179e-14	-0.0816983
13.67	3.61064	8.49226e-14	-0.0757343
13.68	3.57415	8.49089e-14	-0.0685615
13.69	3.53531	8.49777e-14	-0.0602048
13.7	3.49419	8.51297e-14	-0.0506902
13.71	3.45087	8.5365e-14	-0.040045
13.72	3.40542	8.56838e-14	-0.0282977
13.73	3.35793	8.60857e-14	-0.0154781
13.74	3.3085	8.65701e-14	-0.00161706
13.75	3.25721	8.71361e-14	0.0132533
13.76	3.20416	8.77828e-14	0.0290998
13.77	3.14945	8.85086e-14	0.045888
13.78	3.09319	8.93121e-14	0.0635826
13.79	3.03547	9.01914e-14	0.0821471
13.8	2.97641	9.11444e-14	0.101544
13.81	2.91611	9.21692e-14	0.121734
13.82	2.8547	9.32632e-14	0.142679
13.83	2.79228	9.4424e-14	0.164338
13.84	2.72897	9.5649e-14	0.186669
13.85	2.66489	9.69356e-14	0.209629
13.86	2.60016	9.82809e-14	0.233177
13.87	2.5349	9.9682e-14	0.257267
13.88	2.46923	1.01136e-13	0.281855
13.89	2.40327	1.0264e-13	0.306896
13.9	2.33715	1.04192e-13	0.332343
13.91	2.27098	1.05787e-13	0.358148
13.92	2.20489	1.07424e-13	0.384266
13.93	2.139	1.09098e-13	0.410647
13.94	2.07343	1.10809e-13	0.437243
13.95	2.0083	1.12552e-13	0.464004
13.96	1.94373	1.14324e-13	0.490882
13.97	1.87983	1.16123e-13	0.517827
13.98	1.81672	1.17947e-13	0.544789
13.99	1.75452	1.19792e-13	0.571717
14	1.69332	1.21657e-13	0.598561
14.01	1.63325	1.23537e-13	0.625272
14.02	1.57441	1.25432e-13	0.651799
14.03	1.51689	1.27338e-13	0.678091
14.04	1.46081	1.29253e-13	0.7041
14.05	1.40625	1.31175e-13	0.729775
14.06	1.3533	1.33101e-13	0.755068
14.07	1.30207	1.3503e-13	0.779931
14.08	1.25262	1.36958e-13	0.804315
14.09	1.20505	1.38884e-13	0.828173
14.1	1.15943	1.40806e-13	0.85146
14.11	1.11583	1.42722e-13	0.874129
14.12	1.07432	1.44628e-13	0.896137
14.13	1.03496	1.46524e-13	0.917441
14.14	0.997819	1.48408e-13	0.937997
14.15	0.962937	1.50276e-13	0.957767
14.16	0.930368	1.52127e-13	0.976711
14.17	0.900155	1.5396e-13	0.994791
14.18	0.872336	1.55772e-13	1.01197
14.19	0.846944	1.57561e-13	1.02822
14.2	0.824006	1.59325e-13	1.0435
14.21	0.803546	1.61062e-13	1.05778
14.22	0.785579	1.62771e-13	1.07104
14.23	0.770116	1.64449e-13	1.08325
14.24	0.757166	1.66095e-13	1.09438
14.25	0.746727	1.67706e-13	1.10442
14.26	0.738795	1.69282e-13	1.11334
14.27	0.733361	1.70819e-13	1.12112
14.28	0.730409	1.72317e-13	1.12776
14.29	0.729919	1.73773e-13	1.13323
14.3	0.731865	1.75186e-13	1.13754
14.31	0.736217	1.76554e-13	1.14067
14.32	0.742939	1.77876e-13	1.14261
14.33	0.75199	1.79149e-13	1.14337
14.34	0.763327	1.80372e-13	1.14295
14.35	0.776898	1.81543e-13	1.14135
14.36	0.792649	1.82661e-13	1.13857
14.37	0.810523	1.83724e-13	1.13463
14.38	0.830456	1.8473e-13	1.12954
14.39	0.852381	1.85677e-13	1.1233
14.4	0.876229	1.86565e-13	1.11594
14.41	0.901924	1.87391e-13	1.10748
14.42	0.929389	1.88154e-13	1.09793
14.43	0.958544	1.88852e-13	1.08732
14.44	0.989304	1.89483e-13	1.07568
14.45	1.02158	1.90047e-13	1.06304
14.46	1.05529	1.90541e-13	1.04941
14.47	1.09034	1.90965e-13	1.03485
14.48	1.12663	1.91316e-13	1.01938
14.49	1.16406	1.91594e-13	1.00304
14.5	1.20255	1.91797e-13	0.985874
14.51	1.24199	1.91924e-13	0.967912
14.52	1.28228	1.91974e-13	0.949201
14.53	1.32332	1.91945e-13	0.929784
14.54	1.36501	1.91838e-13	0.909706
14.55	1.40724	1.91652e-13	0.889014
14.56	1.44992	1.91385e-13	0.867753
14.57	1.49293	1.91038e-13	0.845973
14.58	1.53619	1.90611e-13	0.823723
14.59	1.57959	1.90103e-13	0.801051
14.6	1.62302	1.89514e-13	0.778009
14.61	1.66638	1.88845e-13	0.754648
14.62	1.70958	1.88097e-13	0.731017
14.63	1.75253	1.87271e-13	0.70717
14.64	1.79511	1.86366e-13	0.683156
14.65	1.83725	1.85386e-13	0.659027
14.66	1.87885	1.8433e-13	0.634834
14.67	1.91981	1.83201e-13	0.610628
14.68	1.96006	1.82001e-13	0.586459
14.69	1.9995	1.80731e-13	0.562376
14.7	2.03807	1.79394e-13	0.538428
14.71	2.07567	1.77991e-13	0.514662
14.72	2.11223	1.76526e-13	0.491127
14.73	2.14769	1.75001e-13	0.467867
14.74	2.18197	1.73418e-13	0.444928
14.75	2.215	1.7178e-13	0.422352
14.76	2.24674	1.7009e-13	0.400182
14.77	2.27712	1.6835e-13	0.378458
14.78	2.30608	1.66563e-13	0.35722
14.79	2.33359	1.64732e-13	0.336503
14.8	2.35958	1.62859e-13	0.316344
14.81	2.38404	1.60947e-13	0.296777
14.82	2.40691	1.58998e-13	0.277834
14.83	2.42816	1.57015e-13	0.259544
14.84	2.44778	1.54999e-13	0.241936
14.85	2.46573	1.52953e-13	0.225036
14.86	2.48199	1.50878e-13	0.208868
14.87	2.49656	1.48777e-13	0.193454
14.88	2.50942	1.4665e-13	0.178813
14.89	2.52057	1.445e-13	0.164965
14.9	2.53001	1.42327e-13	0.151924
14.91	2.53773	1.40133e-13	0.139704
14.92	2.54376	1.37918e-13	0.128316
14.93	2.54809	1.35684e-13	0.117771
14.94	2.55074	1.33431e-13	0.108074
14.95	2.55174	1.3116e-13	0.0992325
14.96	2.55111	1.28871e-13	0.0912482
14.97	2.54887	1.26566e-13	0.0841226
14.98	2.54507	1.24243e-13	0.0778547
14.99	2.53972	1.21905e-13	0.0724416
15	2.53287	1.1955e-13	0.0678785
15.01	2.52456	1.17181e-13	0.0641587
15.02	2.51484	1.14797e-13	0.0612736
15.03	2.50376	1.12398e-13	0.0592129
15.04	2.49135	1.09986e-13	0.0579644
15.05	2.47769	1.07562e-13	0.0575144
15.06	2.46282	1.05125e-13	0.0578475
15.07	2.4468	1.02678e-13	0.0589468
15.08	2.42969	1.0022e-13	0.0607938
15.09	2.41155	9.77544e-14	0.0633687
15.1	2.39245	9.52813e-14	0.0666503
15.11	2.37245	9.28026e-14	0.0706162
15.12	2.35163	9.03199e-14	0.0752426
15.13	2.33003	8.78351e-14	0.080505
15.14	2.30775	8.53501e-14	0.0863773
15.15	2.28483	8.2867e-14	0.092833
15.16	2.26137	8.03881e-14	0.0998443
15.17	2.23741	7.79156e-14	0.107383
15.18	2.21304	7.54521e-14	0.115419
15.19	2.18833	7.29999e-14	0.123925
15.2	2.16334	7.05618e-14	0.132868
15.21	2.13814	6.81403e-14	0.142218
15.22	2.11281	6.57381e-14	0.151945
15.23	2.08741	6.33579e-14	0.162016
15.24	2.062	6.10025e-14	0.172401
15.25	2.03666	5.86746e-14	0.183067
15.26	2.01145	5.63767e-14	0.193983
15.27	1.98643	5.41117e-14	0.205117
15.28	1.96165	5.1882e-14	0.216437
15.29	1.93719	4.96903e-14	0.227913
15.3	1.9131	4.75389e-14	0.239512
15.31	1.88943	4.54303e-14	0.251204
15.32	1.86624	4.33666e-14	0.26296
15.33	1.84357	4.13502e-14	0.274748
15.34	1.82147	3.93829e-14	0.28654
15.35	1.79999	3.74668e-14	0.298307
15.36	1.77917	3.56037e-14	0.310022
15.37	1.75906	3.37951e-14	0.321656
15.38	1.73968	3.20427e-14	0.333184
15.39	1.72107	3.03478e-14	0.344581
15.4	1.70326	2.87117e-14	0.355821
15.41	1.68628	2.71354e-14	0.366882
15.42	1.67016	2.562e-14	0.37774
15.43	1.6549	2.41661e-14	0.388374
15.44	1.64055	2.27744e-14	0.398764
15.45	1.6271	2.14454e-14	0.40889
15.46	1.61457	2.01795e-14	0.418735
15.47	1.60297	1.89768e-14	0.428281
15.48	1.5923	1.78374e-14	0.437512
15.49	1.58257	1.6761e-14	0.446415
15.5	1.57378	1.57475e-14	0.454975
15.51	1.56592	1.47964e-14	0.463181
15.52	1.55899	1.39072e-14	0.471022
15.53	1.55297	1.30792e-14	0.478488
15.54	1.54786	1.23114e-14	0.485571
15.55	1.54364	1.1603e-14	0.492263
15.56	1.5403	1.09528e-14	0.498558
15.57	1.53781	1.03597e-14	0.504453
15.58	1.53615	9.82233e-15	0.509942
15.59	1.5353	9.33929e-15	0.515023
15.6	1.53523	8.90911e-15	0.519696
15.61	1.53591	8.53024e-15	0.523958
15.62	1.53731	8.20107e-15	0.527812
15.63	1.53941	7.91994e-15	0.531258
15.64	1.54216	7.68518e-15	0.534299
15.65	1.54553	7.49511e-15	0.536938
15.66	1.54949	7.34803e-15	0.53918
15.67	1.55399	7.2423e-15	0.541029
15.68	1.559	7.17627e-15	0.54249
15.69	1.56448	7.14838e-15	0.543571
15.7	1.57039	7.15711e-15	0.544278
15.71	1.57669	7.20104e-15	0.544618
15.72	1.58333	7.27882e-15	0.5446
15.73	1.59029	7.38923e-15	0.544231
15.74	1.59751	7.53114e-15	0.543521
15.75	1.60495	7.70355e-15	0.542477
15.76	1.61258	7.90558e-15	0.54111
15.77	1.62036	8.13648e-15	0.539429
15.78	1.62824	8.39563e-15	0.537443
15.79	1.63619	8.68254e-15	0.535162
15.8	1.64418	8.99682e-15	0.532594
15.81	1.65215	9.33823e-15	0.52975
15.82	1.66009	9.70661e-15	0.52664
15.83	1.66795	1.01019e-14	0.523271
15.84	1.67571	1.05241e-14	0.519653
15.85	1.68333	1.09733e-14	0.515796
15.86	1.69078	1.14496e-14	0.511706
15.87	1.69804	1.19533e-14	0.507393
15.88	1.70509	1.24843e-14	0.502864
15.89	1.71189	1.3043e-14	0.498126
15.9	1.71844	1.36294e-14	0.493187
15.91	1.72471	1.42435e-14	0.488053
15.92	1.73068	1.48854e-14	0.48273
15.93	1.73635	1.55549e-14	0.477224
15.94	1.74169	1.62519e-14	0.47154
15.95	1.74671	1.69759e-14	0.465683
15.96	1.7514	1.77265e-14	0.459656
15.97	1.75574	1.8503e-14	0.453464
15.98	1.75975	1.93047e-14	0.44711
15.99	1.76342	2.01306e-14	0.440597
16	1.76676	2.09794e-14	0.433926
16.01	1.76977	2.185e-14	0.427102
16.02	1.77246	2.27408e-14	0.420124
16.03	1.77484	2.36502e-14	0.412994
16.04	1.77693	2.45764e-14	0.405713
16.05	1.77875	2.55176e-14	0.398282
16.06	1.78031	2.64715e-14	0.3907
16.07	1.78163	2.74362e-14	0.382969
16.08	1.78274	2.84094e-14	0.375088
16.09	1.78366	2.93888e-14	0.367057
16.1	1.78442	3.03721e-14	0.358876
16.11	1.78505	3.13569e-14	0.350544
16.12	1.78557	3.23411e-14	0.34206
16.13	1.78603	3.33222e-14	0.333425
16.14	1.78646	3.42982e-14	0.324638
16.15	1.78689	3.52668e-14	0.315699
16.16	1.78736	3.62263e-14	0.306609
16.17	1.7879	3.71746e-14	0.297366
16.18	1.78856	3.81103e-14	0.287972
16.19	1.78938	3.90317e-14	0.278428
16.2	1.7904	3.99377e-14	0.268734
16.21	1.79165	4.08271e-14	0.258892
16.22	1.79319	4.16991e-14	0.248904
16.23	1.79505	4.25532e-14	0.238773
16.24	1.79727	4.3389e-14	0.228501
16.25	1.7999	4.42063e-14	0.218091
16.26	1.80297	4.50052e-14	0.207548
16.27	1.80654	4.57862e-14	0.196875
16.28	1.81063	4.65497e-14	0.186079
16.29	1.81529	4.72966e-14	0.175165
16.3	1.82056	4.80277e-14	0.164139
16.31	1.82647	4.87443e-14	0.153008
16.32	1.83307	4.94476e-14	0.141781
16.33	1.84037	5.01389e-14	0.130464
16.34	1.84843	5.082e-14	0.119068
16.35	1.85727	5.14922e-14	0.107603
16.36	1.86691	5.21574e-14	0.0960774
16.37	1.87739	5.28171e-14	0.084504
16.38	1.88873	5.3473e-14	0.0728942
16.39	1.90096	5.41268e-14	0.0612605
16.4	1.91408	5.478e-14	0.0496159
16.41	1.92813	5.54341e-14	0.0379743
16.42	1.94311	5.60906e-14	0.0263502
16.43	1.95904	5.67506e-14	0.0147586
16.44	1.97592	5.74152e-14	0.00321511
16.45	1.99377	5.80855e-14	-0.00826393
16.46	2.01257	5.8762e-14	-0.0196617
16.47	2.03234	5.94452e-14	-0.030961
16.48	2.05307	6.01356e-14	-0.0421437
16.49	2.07475	6.08331e-14	-0.0531917
16.5	2.09737	6.15375e-14	-0.064086
16.51	2.12091	6.22485e-14	-0.0748074
16.52	2.14537	6.29653e-14	-0.0853362
16.53	2.17071	6.36871e-14	-0.0956523
16.54	2.19691	6.44127e-14	-0.105735
16.55	2.22395	6.51408e-14	-0.115564
16.56	2.25179	6.58698e-14	-0.125118
16.57	2.2804	6.65978e-14	-0.134375
16.58	2.30974	6.7323e-14	-0.143314
16.59	2.33977	6.80432e-14	-0.151913
16.6	2.37045	6.87561e-14	-0.16015
16.61	2.40172	6.94593e-14	-0.168002
16.62	2.43353	7.01503e-14	-0.175446
16.63	2.46583	7.08265e-14	-0.182461
16.64	2.49857	7.14852e-14	-0.189023
16.65	2.53168	7.21239e-14	-0.195109
16.66	2.5651	7.27398e-14	-0.200696
16.67	2.59876	7.33304e-14	-0.205761
16.68	2.6326	7.38931e-14	-0.210281
16.69	2.66655	7.44254e-14	-0.214231
16.7	2.70054	7.49249e-14	-0.21759
16.71	2.73449	7.53895e-14	-0.220333
16.72	2.76832	7.58171e-14	-0.222436
16.73	2.80196	7.62058e-14	-0.223878
16.74	2.83533	7.6554e-14	-0.224633
16.75	2.86835	7.68602e-14	-0.224679
16.76	2.90093	7.71233e-14	-0.223992
16.77	2.933	7.73423e-14	-0.222549
16.78	2.96448	7.75166e-14	-0.220326
16.79	2.99527	7.76459e-14	-0.217301
16.8	3.0253	7.773e-14	-0.21345
16.81	3.05449	7.77692e-14	-0.208751
16.82	3.08274	7.77639e-14	-0.20318
16.83	3.10999	7.7715e-14	-0.196716
16.84	3.13614	7.76235e-14	-0.189335
16.85	3.16111	7.74907e-14	-0.181016
16.86	3.18483	7.73184e-14	-0.171736
16.87	3.20722	7.71082e-14	-0.161476
16.88	3.2282	7.68624e-14	-0.150212
16.89	3.24769	7.65832e-14	-0.137925
16.9	3.26562	7.62731e-14	-0.124594
16.91	3.28193	7.59348e-14	-0.110199
16.92	3.29653	7.55711e-14	-0.0947222
16.93	3.30938	7.5185e-14	-0.0781436
16.94	3.32039	7.47795e-14	-0.0604457
16.95	3.32952	7.43576e-14	-0.0416113
16.96	3.33671	7.39227e-14	-0.0216241
16.97	3.3419	7.34777e-14	-0.000468467
16.98	3.34504	7.3026e-14	0.02187
16.99	3.34609	7.25706e-14	0.0454049
17	3.345	7.21147e-14	0.0701485
17.01	3.34174	7.16612e-14	0.0961122
17.02	3.33627	7.1213e-14	0.123306
17.03	3.32857	7.0773e-14	0.151738
17.04	3.3186	7.03439e-14	0.181415
17.05	3.30636	6.9928e-14	0.212343
17.06	3.29181	6.95279e-14	0.244527
17.07	3.27495	6.91457e-14	0.277967
17.08	3.25578	6.87835e-14	0.312664
17.09	3.23429	6.84429e-14	0.348617
17.1	3.21049	6.81259e-14	0.385822
17.11	3.18438	6.78337e-14	0.424273
17.12	3.15598	6.75677e-14	0.463962
17.13	3.1253	6.7329e-14	0.504879
17.14	3.09238	6.71185e-14	0.547011
17.15	3.05723	6.6937e-14	0.590343
17.16	3.0199	6.67851e-14	0.634857
17.17	2.98042	6.66632e-14	0.680532
17.18	2.93883	6.65716e-14	0.727347
17.19	2.89519	6.65105e-14	0.775274
17.2	2.84954	6.64798e-14	0.824286
17.21	2.80195	6.64796e-14	0.874351
17.22	2.75248	6.65096e-14	0.925434
17.23	2.7012	6.65695e-14	0.977499
17.24	2.64817	6.66588e-14	1.03051
17.25	2.59348	6.67771e-14	1.08441
17.26	2.5372	6.69238e-14	1.13916
17.27	2.47942	6.70983e-14	1.19472
17.28	2.42023	6.72998e-14	1.25103
17.29	2.35972	6.75276e-14	1.30803
17.3	2.29798	6.77808e-14	1.36567
17.31	2.23512	6.80586e-14	1.42389
17.32	2.17123	6.83599e-14	1.48262
17.33	2.10642	6.86838e-14	1.54179
17.34	2.04081	6.90292e-14	1.60134
17.35	1.97449	6.93949e-14	1.6612
17.36	1.90758	6.978e-14	1.72129
17.37	1.8402	7.01831e-14	1.78153
17.38	1.77247	7.06031e-14	1.84184
17.39	1.70449	7.10386e-14	1.90216
17.4	1.6364	7.14884e-14	1.96238
17.41	1.5683	7.19512e-14	2.02243
17.42	1.50033	7.24256e-14	2.08222
17.43	1.4326	7.29102e-14	2.14167
17.44	1.36523	7.34037e-14	2.20067
17.45	1.29835	7.39047e-14	2.25916
17.46	1.23208	7.44118e-14	2.31702
17.47	1.16655	7.49238e-14	2.37418
17.48	1.10186	7.54392e-14	2.43054
17.49	1.03814	7.59567e-14	2.48601
17.5	0.975508	7.64752e-14	2.54049
17.51	0.914081	7.69934e-14	2.5939
17.52	0.853974	7.75102e-14	2.64614
17.53	0.795299	7.80245e-14	2.69712
17.54	0.738165	7.85354e-14	2.74676
17.55	0.682681	7.90419e-14	2.79496
17.56	0.628952	7.95433e-14	2.84164
17.57	0.577078	8.00387e-14	2.88672
17.58	0.52716	8.05277e-14	2.93011
17.59	0.479292	8.10096e-14	2.97172
17.6	0.433565	8.1484e-14	3.01149
17.61	0.390067	8.19506e-14	3.04934
17.62	0.348881	8.24091e-14	3.08519
17.63	0.310086	8.28594e-14	3.11897
17.64	0.273758	8.33013e-14	3.15063
17.65	0.239965	8.37347e-14	3.18009
17.66	0.208774	8.41597e-14	3.2073
17.67	0.180245	8.45763e-14	3.2322
17.68	0.154432	8.49844e-14	3.25474
17.69	0.131386	8.53842e-14	3.27488
17.7	0.111153	8.57757e-14	3.29258
17.71	0.0937698	8.61588e-14	3.30779
17.72	0.0792722	8.65336e-14	3.32048
17.73	0.067688	8.68998e-14	3.33063
17.74	0.05904	8.72573e-14	3.33821
17.75	0.0533454	8.76058e-14	3.34321
17.76	0.0506153	8.79449e-14	3.34561
17.77	0.0508556	8.82742e-14	3.3454
17.78	0.0540661	8.85931e-14	3.34258
17.79	0.060241	8.89007e-14	3.33715
17.8	0.0693687	8.91964e-14	3.32911
17.81	0.0814319	8.94791e-14	3.31849
17.82	0.0964078	8.97478e-14	3.3053
17.83	0.114268	9.00012e-14	3.28956
17.84	0.134978	9.02382e-14	3.27129
17.85	0.158499	9.04573e-14	3.25053
17.86	0.184785	9.06571e-14	3.22731
17.87	0.213786	9.08361e-14	3.20168
17.88	0.245448	9.09929e-14	3.17368
17.89	0.279709	9.11258e-14	3.14336
17.9	0.316505	9.12334e-14	3.11077
17.91	0.355765	9.13142e-14	3.07598
17.92	0.397415	9.13667e-14	3.03904
17.93	0.441374	9.13895e-14	3.00002
17.94	0.487561	9.13815e-14	2.95899
17.95	0.535888	9.13415e-14	2.91602
17.96	0.586262	9.12683e-14	2.87118
17.97	0.63859	9.11613e-14	2.82456
17.98	0.692772	9.10197e-14	2.77624
17.99	0.748706	9.0843e-14	2.7263
18	0.806288	9.06309e-14	2.67482
18.01	0.86541	9.03832e-14	2.6219
18.02	0.925961	9.01001e-14	2.56762
18.03	0.987829	8.97819e-14	2.51207
18.04	1.0509	8.94289e-14	2.45534
18.05	1.11505	8.90419e-14	2.39753
18.06	1.18017	8.86216e-14	2.33874
18.07	1.24614	8.81692e-14	2.27905
18.08	1.31284	8.76856e-14	2.21856
18.09	1.38014	8.71723e-14	2.15737
18.1	1.44792	8.66304e-14	2.09557
18.11	1.51606	8.60615e-14	2.03325
18.12	1.58443	8.54671e-14	1.97051
18.13	1.65292	8.48486e-14	1.90744
18.14	1.7214	8.42077e-14	1.84413
18.15	1.78975	8.35458e-14	1.78067
18.16	1.85785	8.28644e-14	1.71716
18.17	1.92558	8.21649e-14	1.65368
18.18	1.99282	8.14487e-14	1.59031
18.19	2.05945	8.07169e-14	1.52714
18.2	2.12537	7.99707e-14	1.46426
18.21	2.19045	7.92111e-14	1.40173
18.22	2.25458	7.84388e-14	1.33964
18.23	2.31767	7.76546e-14	1.27807
18.24	2.37959	7.6859e-14	1.21708
18.25	2.44026	7.60524e-14	1.15675
18.26	2.49957	7.5235e-14	1.09714
18.27	2.55743	7.4407e-14	1.03832
18.28	2.61374	7.35683e-14	0.980338
18.29	2.66841	7.27189e-14	0.923265
18.3	2.72137	7.18585e-14	0.867152
18.31	2.77252	7.09868e-14	0.812052
18.32	2.8218	7.01034e-14	0.758012
18.33	2.86912	6.92082e-14	0.705078
18.34	2.91443	6.83006e-14	0.653293
18.35	2.95765	6.73803e-14	0.602696
18.36	2.99873	6.6447e-14	0.553322
18.37	3.03761	6.55006e-14	0.505206
18.38	3.07425	6.45409e-14	0.458376
18.39	3.10859	6.3568e-14	0.41286
18.4	3.14061	6.25819e-14	0.36868
18.41	3.17025	6.15831e-14	0.325858
18.42	3.1975	6.0572e-14	0.284411
18.43	3.22232	5.95495e-14	0.244353
18.44	3.2447	5.85163e-14	0.205697
18.45	3.26462	5.74737e-14	0.168451
18.46	3.28206	5.64231e-14	0.132621
18.47	3.29704	5.53661e-14	0.0982121
18.48	3.30953	5.43046e-14	0.0652237
18.49	3.31955	5.32407e-14	0.0336548
18.5	3.32711	5.21768e-14	0.00350128
18.51	3.33222	5.11153e-14	-0.025243
18.52	3.3349	5.00591e-14	-0.0525865
18.53	3.33516	4.9011e-14	-0.0785401
18.54	3.33305	4.79742e-14	-0.103116
18.55	3.32859	4.6952e-14	-0.12633
18.56	3.32182	4.59477e-14	-0.148197
18.57	3.31277	4.49649e-14	-0.168736
18.58	3.3015	4.40071e-14	-0.187968
18.59	3.28805	4.30779e-14	-0.205912
18.6	3.27247	4.2181e-14	-0.222593
18.61	3.25482	4.132e-14	-0.238034
18.62	3.23517	4.04985e-14	-0.252262
18.63	3.21356	3.972e-14	-0.265302
18.64	3.19007	3.89881e-14	-0.277183
18.65	3.16478	3.83061e-14	-0.287932
18.66	3.13774	3.76771e-14	-0.297581
18.67	3.10904	3.71042e-14	-0.306159
18.68	3.07875	3.65903e-14	-0.313697
18.69	3.04695	3.61379e-14	-0.320227
18.7	3.01372	3.57496e-14	-0.325781
18.71	2.97916	3.54274e-14	-0.330393
18.72	2.94334	3.51734e-14	-0.334094
18.73	2.90634	3.49891e-14	-0.336919
18.74	2.86827	3.48759e-14	-0.338902
18.75	2.8292	3.48348e-14	-0.340075
18.76	2.78923	3.48667e-14	-0.340473
18.77	2.74845	3.4972e-14	-0.34013
18.78	2.70695	3.51509e-14	-0.33908
18.79	2.66482	3.54032e-14	-0.337357
18.8	2.62216	3.57286e-14	-0.334994
18.81	2.57906	3.61263e-14	-0.332025
18.82	2.53561	3.65954e-14	-0.328483
18.83	2.49189	3.71345e-14	-0.324402
18.84	2.44801	3.77421e-14	-0.319813
18.85	2.40405	3.84166e-14	-0.314749
18.86	2.36011	3.91558e-14	-0.309243
18.87	2.31626	3.99575e-14	-0.303325
18.88	2.27259	4.08195e-14	-0.297027
18.89	2.2292	4.1739e-14	-0.290378
18.9	2.18616	4.27135e-14	-0.28341
18.91	2.14356	4.374e-14	-0.276151
18.92	2.10148	4.48156e-14	-0.268631
18.93	2.05999	4.59373e-14	-0.260876
18.94	2.01917	4.71021e-14	-0.252916
18.95	1.97909	4.83068e-14	-0.244777
18.96	1.93983	4.95484e-14	-0.236485
18.97	1.90144	5.08238e-14	-0.228065
18.98	1.864	5.21299e-14	-0.219544
18.99	1.82758	5.34639e-14	-0.210945
19	1.79222	5.48229e-14	-0.202292
19.01	1.75798	5.62042e-14	-0.193607
19.02	1.72493	5.76052e-14	-0.184913
19.03	1.6931	5.90234e-14	-0.176231
19.04	1.66255	6.04565e-14	-0.167581
19.05	1.63332	6.19026e-14	-0.158985
19.06	1.60544	6.33596e-14	-0.150461
19.07	1.57897	6.48259e-14	-0.142027
19.08	1.55393	6.63e-14	-0.133702
19.09	1.53034	6.77807e-14	-0.125502
19.1	1.50825	6.92668e-14	-0.117444
19.11	1.48767	7.07575e-14	-0.109544
19.12	1.46861	7.22522e-14	-0.101815
19.13	1.45111	7.37504e-14	-0.0942736
19.14	1.43516	7.52518e-14	-0.0869316
19.15	1.42079	7.67563e-14	-0.0798022
19.16	1.40799	7.8264e-14	-0.0728973
19.17	1.39677	7.97751e-14	-0.0662283
19.18	1.38712	8.12899e-14	-0.0598057
19.19	1.37905	8.28088e-14	-0.0536393
19.2	1.37254	8.43323e-14	-0.0477383
19.21	1.3676	8.5861e-14	-0.0421111
19.22	1.36419	8.73954e-14	-0.0367654
19.23	1.36231	8.89363e-14	-0.0317084
19.24	1.36193	9.0484e-14	-0.0269462
19.25	1.36304	9.20394e-14	-0.0224846
19.26	1.36561	9.36027e-14	-0.0183285
19.27	1.36961	9.51746e-14	-0.0144822
19.28	1.37501	9.67552e-14	-0.0109491
19.29	1.38178	9.8345e-14	-0.00773237
19.3	1.38988	9.99439e-14	-0.00483402
19.31	1.39928	1.01552e-13	-0.00225563
19.32	1.40993	1.03169e-13	1.94759e-06
19.33	1.42179	1.04795e-13	0.00193854
19.34	1.43483	1.06429e-13	0.00355464
19.35	1.44899	1.0807e-13	0.00485141
19.36	1.46422	1.09718e-13	0.00583068
19.37	1.48049	1.11372e-13	0.00649496
19.38	1.49773	1.1303e-13	0.00684739
19.39	1.5159	1.14691e-13	0.00689178
19.4	1.53495	1.16354e-13	0.00663261
19.41	1.55482	1.18017e-13	0.00607497
19.42	1.57545	1.19678e-13	0.00522462
19.43	1.5968	1.21336e-13	0.00408796
19.44	1.6188	1.22988e-13	0.00267199
19.45	1.6414	1.24633e-13	0.000984367
19.46	1.66454	1.26268e-13	-0.000966653
19.47	1.68818	1.27891e-13	-0.0031722
19.48	1.71224	1.295e-13	-0.00562282
19.49	1.73667	1.31093e-13	-0.00830845
19.5	1.76142	1.32667e-13	-0.0112185
19.51	1.78643	1.3422e-13	-0.0143417
19.52	1.81164	1.35751e-13	-0.0176664
19.53	1.837	1.37256e-13	-0.0211802
19.54	1.86245	1.38735e-13	-0.0248704
19.55	1.88794	1.40185e-13	-0.0287237
19.56	1.91341	1.41604e-13	-0.0327264
19.57	1.93882	1.4299e-13	-0.036864
19.58	1.96411	1.44342e-13	-0.041122
19.59	1.98922	1.45659e-13	-0.0454853
19.6	2.01412	1.46939e-13	-0.0499382
19.61	2.03876	1.48181e-13	-0.0544651
19.62	2.06308	1.49385e-13	-0.0590495
19.63	2.08705	1.50548e-13	-0.0636749
19.64	2.11061	1.51672e-13	-0.0683245
19.65	2.13373	1.52755e-13	-0.0729812
19.66	2.15637	1.53797e-13	-0.0776277
19.67	2.17849	1.54798e-13	-0.0822463
19.68	2.20005	1.55759e-13	-0.0868193
19.69	2.22103	1.56679e-13	-0.091329
19.7	2.24137	1.5756e-13	-0.0957573
19.71	2.26107	1.58401e-13	-0.100086
19.72	2.28008	1.59205e-13	-0.104298
19.73	2.29838	1.5997e-13	-0.108374
19.74	2.31594	1.607e-13	-0.112297
19.75	2.33275	1.61395e-13	-0.116048
19.76	2.34877	1.62057e-13	-0.119611
19.77	2.364	1.62686e-13	-0.122967
19.78	2.37842	1.63285e-13	-0.126098
19.79	2.39201	1.63856e-13	-0.128989
19.8	2.40476	1.644e-13	-0.131621
19.81	2.41665	1.64919e-13	-0.133978
19.82	2.42769	1.65414e-13	-0.136045
19.83	2.43786	1.65888e-13	-0.137805
19.84	2.44716	1.66343e-13	-0.139243
19.85	2.45558	1.6678e-13	-0.140343
19.86	2.46313	1.672e-13	-0.141092
19.87	2.46981	1.67606e-13	-0.141476
19.88	2.47562	1.68e-13	-0.141481
19.89	2.48056	1.68382e-13	-0.141094
19.9	2.48464	1.68754e-13	-0.140304
19.91	2.48788	1.69117e-13	-0.139099
19.92	2.49027	1.69473e-13	-0.137467
19.93	2.49183	1.69821e-13	-0.1354
19.94	2.49257	1.70164e-13	-0.132888
19.95	2.49251	1.70502e-13	-0.129922
19.96	2.49166	1.70835e-13	-0.126495
19.97	2.49004	1.71163e-13	-0.122598
19.98	2.48766	1.71487e-13	-0.118227
19.99	2.48455	1.71806e-13	-0.113376
20	2.48073	1.72121e-13	-0.10804
