0	4	0	0
0.01	3.9999	2.03929e-16	0.000187495
0.02	3.9996	4.07992e-16	0.000749922
0.03	3.9991	6.12374e-16	0.0016871
0.04	3.9984	8.17262e-16	0.00299875
0.05	3.9975	1.02284e-15	0.00468444
0.06	3.99641	1.22931e-15	0.00674366
0.07	3.99511	1.43684e-15	0.00917575
0.08	3.99362	1.64562e-15	0.01198
0.09	3.99193	1.85585e-15	0.0151554
0.1	3.99004	2.0677e-15	0.0187011
0.11	3.98796	2.28138e-15	0.0226159
0.12	3.98569	2.49706e-15	0.0268986
0.13	3.98322	2.71493e-15	0.0315479
0.14	3.98056	2.93518e-15	0.0365623
0.15	3.97771	3.15801e-15	0.0419402
0.16	3.97467	3.38359e-15	0.04768
0.17	3.97145	3.61211e-15	0.0537798
0.18	3.96803	3.84378e-15	0.0602377
0.19	3.96444	4.07876e-15	0.0670518
0.2	3.96066	4.31726e-15	0.0742198
0.21	3.9567	4.55946e-15	0.0817396
0.22	3.95257	4.80555e-15	0.0896087
0.23	3.94825	5.05571e-15	0.0978247
0.24	3.94377	5.31014e-15	0.106385
0.25	3.93911	5.56903e-15	0.115287
0.26	3.93428	5.83255e-15	0.124528
0.27	3.92928	6.1009e-15	0.134105
0.28	3.92412	6.37426e-15	0.144014
0.29	3.9188	6.65283e-15	0.154254
0.3	3.91332	6.93678e-15	0.16482
0.31	3.90768	7.2263e-15	0.17571
0.32	3.90188	7.52157e-15	0.186919
0.33	3.89594	7.82278e-15	0.198445
0.34	3.88985	8.1301e-15	0.210284
0.35	3.88361	8.44372e-15	0.222431
0.36	3.87723	8.76382e-15	0.234884
0.37	3.87071	9.09057e-15	0.247638
0.38	3.86405	9.42415e-15	0.26069
0.39	3.85726	9.76474e-15	0.274035
0.4	3.85034	1.01125e-14	0.287669
0.41	3.8433	1.04676e-14	0.301587
0.42	3.83613	1.08302e-14	0.315786
0.43	3.82885	1.12005e-14	0.330262
0.44	3.82145	1.15787e-14	0.345008
0.45	3.81393	1.19648e-14	0.360022
0.46	3.80631	1.23591e-14	0.375297
0.47	3.79859	1.27618e-14	0.39083
0.48	3.79076	1.31729e-14	0.406616
0.49	3.78283	1.35926e-14	0.422649
0.5	3.77482	1.40211e-14	0.438924
0.51	3.76671	1.44584e-14	0.455437
0.52	3.75852	1.49049e-14	0.472182
0.53	3.75025	1.53605e-14	0.489155
0.54	3.7419	1.58254e-14	0.506349
0.55	3.73347	1.62997e-14	0.52376
0.56	3.72498	1.67836e-14	0.541381
0.57	3.71642	1.72772e-14	0.559208
0.58	3.7078	1.77806e-14	0.577235
0.59	3.69912	1.82938e-14	0.595457
0.6	3.69039	1.88171e-14	0.613867
0.61	3.68161	1.93505e-14	0.63246
0.62	3.67279	1.9894e-14	0.65123
0.63	3.66392	2.04479e-14	0.670171
0.64	3.65502	2.1012e-14	0.689278
0.65	3.64609	2.15867e-14	0.708545
0.66	3.63712	2.21718e-14	0.727965
0.67	3.62814	2.27675e-14	0.747533
0.68	3.61913	2.33739e-14	0.767243
0.69	3.61011	2.3991e-14	0.787088
0.7	3.60107	2.46188e-14	0.807063
0.71	3.59203	2.52573e-14	0.827161
0.72	3.58299	2.59067e-14	0.847376
0.73	3.57395	2.6567e-14	0.867702
0.74	3.56491	2.72381e-14	0.888133
0.75	3.55588	2.79201e-14	0.908662
0.76	3.54686	2.8613e-14	0.929283
0.77	3.53787	2.93168e-14	0.949991
0.78	3.52889	3.00315e-14	0.970778
0.79	3.51994	3.07572e-14	0.991639
0.8	3.51102	3.14937e-14	1.01257
0.81	3.50213	3.2241e-14	1.03356
0.82	3.49328	3.29992e-14	1.0546
0.83	3.48447	3.37682e-14	1.07569
0.84	3.47571	3.45479e-14	1.09682
0.85	3.46699	3.53384e-14	1.11799
0.86	3.45833	3.61395e-14	1.13919
0.87	3.44972	3.69512e-14	1.16041
0.88	3.44118	3.77734e-14	1.18165
0.89	3.4327	3.86061e-14	1.2029
0.9	3.42428	3.94491e-14	1.22415
0.91	3.41594	4.03024e-14	1.2454
0.92	3.40767	4.1166e-14	1.26665
0.93	3.39948	4.20396e-14	1.28788
0.94	3.39138	4.29232e-14	1.30908
0.95	3.38335	4.38166e-14	1.33027
0.96	3.37542	4.47199e-14	1.35141
0.97	3.36758	4.56327e-14	1.37252
0.98	3.35983	4.65551e-14	1.39359
0.99	3.35218	4.74868e-14	1.41461
1	3.34463	4.84278e-14	1.43556
1.01	3.33719	4.93778e-14	1.45646
1.02	3.32985	5.03368e-14	1.47729
1.03	3.32262	5.13045e-14	1.49804
1.04	3.3155	5.22808e-14	1.51872
1.05	3.3085	5.32655e-14	1.53931
1.06	3.30162	5.42585e-14	1.5598
1.07	3.29486	5.52596e-14	1.58021
1.08	3.28822	5.62686e-14	1.60051
1.09	3.2817	5.72853e-14	1.6207
1.1	3.27532	5.83095e-14	1.64078
1.11	3.26906	5.9341e-14	1.66074
1.12	3.26294	6.03796e-14	1.68058
1.13	3.25695	6.14251e-14	1.70029
1.14	3.2511	6.24773e-14	1.71987
1.15	3.24538	6.35359e-14	1.73931
1.16	3.23981	6.46008e-14	1.7586
1.17	3.23437	6.56718e-14	1.77775
1.18	3.22908	6.67486e-14	1.79675
1.19	3.22394	6.78309e-14	1.81558
1.2	3.21894	6.89186e-14	1.83426
1.21	3.2141	7.00113e-14	1.85277
1.22	3.2094	7.1109e-14	1.87111
1.23	3.20485	7.22112e-14	1.88928
1.24	3.20045	7.33179e-14	1.90726
1.25	3.19621	7.44287e-14	1.92506
1.26	3.19212	7.55433e-14	1.94268
1.27	3.18819	7.66616e-14	1.9601
1.28	3.18441	7.77833e-14	1.97733
1.29	3.1808	7.89081e-14	1.99436
1.3	3.17733	8.00358e-14	2.01119
1.31	3.17403	8.11661e-14	2.02782
1.32	3.17088	8.22987e-14	2.04423
1.33	3.1679	8.34335e-14	2.06044
1.34	3.16507	8.457e-14	2.07642
1.35	3.1624	8.57082e-14	2.09219
1.36	3.1599	8.68476e-14	2.10774
1.37	3.15755	8.79882e-14	2.12307
1.38	3.15536	8.91295e-14	2.13817
1.39	3.15333	9.02713e-14	2.15304
1.4	3.15146	9.14134e-14	2.16767
1.41	3.14975	9.25555e-14	2.18208
1.42	3.1482	9.36973e-14	2.19624
1.43	3.14681	9.48387e-14	2.21017
1.44	3.14558	9.59792e-14	2.22386
1.45	3.1445	9.71188e-14	2.23731
1.46	3.14358	9.8257e-14	2.25051
1.47	3.14282	9.93937e-14	2.26347
1.48	3.14221	1.00529e-13	2.27617
1.49	3.14176	1.01662e-13	2.28863
1.5	3.14146	1.02792e-13	2.30084
1.51	3.14131	1.0392e-13	2.3128
1.52	3.14131	1.05046e-13	2.32451
1.53	3.14147	1.06168e-13	2.33596
1.54	3.14177	1.07287e-13	2.34716
1.55	3.14222	1.08402e-13	2.3581
1.56	3.14281	1.09514e-13	2.36879
1.57	3.14355	1.10622e-13	2.37922
1.58	3.14443	1.11726e-13	2.38939
1.59	3.14545	1.12825e-13	2.39931
1.6	3.14661	1.1392e-13	2.40897
1.61	3.14791	1.1501e-13	2.41837
1.62	3.14935	1.16095e-13	2.42752
1.63	3.15092	1.17174e-13	2.43641
1.64	3.15262	1.18248e-13	2.44504
1.65	3.15445	1.19317e-13	2.45341
1.66	3.15641	1.2038e-13	2.46153
1.67	3.1585	1.21436e-13	2.46939
1.68	3.16071	1.22487e-13	2.477
1.69	3.16304	1.23531e-13	2.48435
1.7	3.16549	1.24568e-13	2.49145
1.71	3.16806	1.25599e-13	2.49829
1.72	3.17074	1.26623e-13	2.50488
1.73	3.17354	1.27639e-13	2.51123
1.74	3.17644	1.28649e-13	2.51732
1.75	3.17945	1.29651e-13	2.52317
1.76	3.18257	1.30646e-13	2.52876
1.77	3.18579	1.31633e-13	2.53412
1.78	3.18911	1.32612e-13	2.53922
1.79	3.19252	1.33583e-13	2.54409
1.8	3.19603	1.34547e-13	2.54872
1.81	3.19963	1.35502e-13	2.5531
1.82	3.20332	1.36448e-13	2.55725
1.83	3.2071	1.37387e-13	2.56117
1.84	3.21096	1.38316e-13	2.56485
1.85	3.2149	1.39238e-13	2.5683
1.86	3.21892	1.4015e-13	2.57152
1.87	3.22301	1.41054e-13	2.57451
1.88	3.22717	1.41949e-13	2.57728
1.89	3.23141	1.42834e-13	2.57983
1.9	3.23571	1.43711e-13	2.58216
1.91	3.24007	1.44579e-13	2.58427
1.92	3.2445	1.45437e-13	2.58616
1.93	3.24898	1.46286e-13	2.58784
1.94	3.25352	1.47126e-13	2.58932
1.95	3.25811	1.47956e-13	2.59058
1.96	3.26274	1.48777e-13	2.59164
1.97	3.26743	1.49589e-13	2.5925
1.98	3.27215	1.5039e-13	2.59316
1.99	3.27692	1.51183e-13	2.59362
2	3.28172	1.51965e-13	2.59389
2.01	3.28656	1.52738e-13	2.59397
2.02	3.29143	1.53501e-13	2.59386
2.03	3.29632	1.54255e-13	2.59357
2.04	3.30124	1.54998e-13	2.59309
2.05	3.30619	1.55732e-13	2.59244
2.06	3.31115	1.56456e-13	2.59161
2.07	3.31613	1.5717e-13	2.59061
2.08	3.32113	1.57874e-13	2.58943
2.09	3.32614	1.58568e-13	2.58809
2.1	3.33115	1.59252e-13	2.58659
2.11	3.33617	1.59926e-13	2.58492
2.12	3.34119	1.60591e-13	2.5831
2.13	3.34621	1.61245e-13	2.58112
2.14	3.35123	1.61889e-13	2.579
2.15	3.35625	1.62523e-13	2.57672
2.16	3.36126	1.63147e-13	2.5743
2.17	3.36625	1.63761e-13	2.57173
2.18	3.37124	1.64365e-13	2.56903
2.19	3.3762	1.64958e-13	2.56619
2.2	3.38115	1.65542e-13	2.56322
2.21	3.38608	1.66115e-13	2.56011
2.22	3.39099	1.66678e-13	2.55688
2.23	3.39587	1.67231e-13	2.55353
2.24	3.40072	1.67773e-13	2.55006
2.25	3.40554	1.68306e-13	2.54646
2.26	3.41033	1.68828e-13	2.54276
2.27	3.41509	1.69339e-13	2.53894
2.28	3.4198	1.69841e-13	2.53501
2.29	3.42448	1.70331e-13	2.53098
2.3	3.42912	1.70812e-13	2.52684
2.31	3.43372	1.71282e-13	2.52261
2.32	3.43827	1.71741e-13	2.51827
2.33	3.44277	1.7219e-13	2.51384
2.34	3.44722	1.72628e-13	2.50932
2.35	3.45163	1.73056e-13	2.50472
2.36	3.45598	1.73473e-13	2.50002
2.37	3.46027	1.73879e-13	2.49524
2.38	3.46451	1.74274e-13	2.49038
2.39	3.4687	1.74659e-13	2.48544
2.4	3.47282	1.75032e-13	2.48043
2.41	3.47688	1.75395e-13	2.47534
2.42	3.48089	1.75747e-13	2.47019
2.43	3.48482	1.76087e-13	2.46496
2.44	3.4887	1.76416e-13	2.45967
2.45	3.4925	1.76734e-13	2.45432
2.46	3.49624	1.77041e-13	2.4489
2.47	3.49991	1.77337e-13	2.44343
2.48	3.50351	1.7762e-13	2.43789
2.49	3.50704	1.77893e-13	2.43231
2.5	3.5105	1.78153e-13	2.42667
2.51	3.51388	1.78402e-13	2.42098
2.52	3.51719	1.7864e-13	2.41525
2.53	3.52043	1.78865e-13	2.40947
2.54	3.52359	1.79078e-13	2.40364
2.55	3.52667	1.79279e-13	2.39777
2.56	3.52968	1.79469e-13	2.39187
2.57	3.53261	1.79645e-13	2.38592
2.58	3.53547	1.7981e-13	2.37994
2.59	3.53824	1.79962e-13	2.37392
2.6	3.54094	1.80102e-13	2.36787
2.61	3.54355	1.80229e-13	2.36179
2.62	3.54609	1.80343e-13	2.35567
2.63	3.54855	1.80445e-13	2.34953
2.64	3.55092	1.80534e-13	2.34337
2.65	3.55322	1.8061e-13	2.33717
2.66	3.55544	1.80672e-13	2.33096
2.67	3.55757	1.80722e-13	2.32471
2.68	3.55963	1.80759e-13	2.31845
2.69	3.5616	1.80782e-13	2.31217
2.7	3.5635	1.80792e-13	2.30587
2.71	3.56531	1.80788e-13	2.29955
2.72	3.56705	1.80771e-13	2.29321
2.73	3.5687	1.80741e-13	2.28686
2.74	3.57028	1.80696e-13	2.28049
2.75	3.57178	1.80639e-13	2.27411
2.76	3.5732	1.80567e-13	2.26772
2.77	3.57454	1.80481e-13	2.26131
2.78	3.5758	1.80382e-13	2.2549
2.79	3.57699	1.80269e-13	2.24847
2.8	3.5781	1.80142e-13	2.24203
2.81	3.57914	1.80001e-13	2.23558
2.82	3.5801	1.79846e-13	2.22913
2.83	3.58098	1.79677e-13	2.22266
2.84	3.58179	1.79494e-13	2.21619
2.85	3.58253	1.79297e-13	2.20972
2.86	3.5832	1.79086e-13	2.20323
2.87	3.5838	1.78861e-13	2.19674
2.88	3.58433	1.78622e-13	2.19025
2.89	3.58478	1.78369e-13	2.18375
2.9	3.58517	1.78102e-13	2.17725
2.91	3.5855	1.77821e-13	2.17074
2.92	3.58575	1.77526e-13	2.16423
2.93	3.58595	1.77217e-13	2.15771
2.94	3.58607	1.76895e-13	2.15119
2.95	3.58614	1.76559e-13	2.14467
2.96	3.58614	1.76209e-13	2.13814
2.97	3.58609	1.75846e-13	2.13161
2.98	3.58597	1.75469e-13	2.12508
2.99	3.5858	1.75079e-13	2.11854
3	3.58557	1.74675e-13	2.112
3.01	3.58529	1.74259e-13	2.10546
3.02	3.58495	1.73829e-13	2.09891
3.03	3.58456	1.73387e-13	2.09236
3.04	3.58412	1.72931e-13	2.08581
3.05	3.58363	1.72464e-13	2.07926
3.06	3.58309	1.71983e-13	2.0727
3.07	3.5825	1.71491e-13	2.06614
3.08	3.58187	1.70986e-13	2.05957
3.09	3.58119	1.70469e-13	2.053
3.1	3.58048	1.69941e-13	2.04643
3.11	3.57972	1.69401e-13	2.03985
3.12	3.57892	1.68849e-13	2.03327
3.13	3.57808	1.68287e-13	2.02669
3.14	3.5772	1.67713e-13	2.0201
3.15	3.57629	1.67129e-13	2.0135
3.16	3.57535	1.66534e-13	2.0069
3.17	3.57438	1.65929e-13	2.00029
3.18	3.57337	1.65314e-13	1.99368
3.19	3.57233	1.64689e-13	1.98706
3.2	3.57127	1.64055e-13	1.98044
3.21	3.57018	1.63411e-13	1.97381
3.22	3.56906	1.62759e-13	1.96717
3.23	3.56793	1.62097e-13	1.96052
3.24	3.56677	1.61428e-13	1.95387
3.25	3.56558	1.6075e-13	1.94721
3.26	3.56438	1.60064e-13	1.94053
3.27	3.56317	1.5937e-13	1.93386
3.28	3.56193	1.5867e-13	1.92717
3.29	3.56068	1.57962e-13	1.92047
3.3	3.55942	1.57247e-13	1.91376
3.31	3.55815	1.56526e-13	1.90705
3.32	3.55686	1.55799e-13	1.90032
3.33	3.55557	1.55065e-13	1.89358
3.34	3.55427	1.54327e-13	1.88683
3.35	3.55296	1.53583e-13	1.88007
3.36	3.55164	1.52834e-13	1.8733
3.37	3.55032	1.5208e-13	1.86652
3.38	3.549	1.51322e-13	1.85972
3.39	3.54768	1.5056e-13	1.85292
3.4	3.54636	1.49794e-13	1.84609
3.41	3.54504	1.49025e-13	1.83926
3.42	3.54372	1.48252e-13	1.83241
3.43	3.5424	1.47477e-13	1.82555
3.44	3.54109	1.46699e-13	1.81868
3.45	3.53978	1.45918e-13	1.81179
3.46	3.53848	1.45136e-13	1.80489
3.47	3.53719	1.44352e-13	1.79798
3.48	3.5359	1.43566e-13	1.79104
3.49	3.53463	1.42779e-13	1.7841
3.5	3.53336	1.41991e-13	1.77714
3.51	3.53211	1.41203e-13	1.77016
3.52	3.53087	1.40414e-13	1.76317
3.53	3.52964	1.39625e-13	1.75617
3.54	3.52843	1.38836e-13	1.74915
3.55	3.52723	1.38048e-13	1.74211
3.56	3.52605	1.3726e-13	1.73506
3.57	3.52488	1.36473e-13	1.72799
3.58	3.52374	1.35687e-13	1.7209
3.59	3.5226	1.34902e-13	1.7138
3.6	3.52149	1.34119e-13	1.70669
3.61	3.5204	1.33337e-13	1.69956
3.62	3.51932	1.32557e-13	1.69241
3.63	3.51827	1.3178e-13	1.68525
3.64	3.51724	1.31005e-13	1.67807
3.65	3.51622	1.30232e-13	1.67088
3.66	3.51523	1.29462e-13	1.66367
3.67	3.51426	1.28694e-13	1.65644
3.68	3.51332	1.2793e-13	1.6492
3.69	3.5124	1.27169e-13	1.64195
3.7	3.5115	1.26411e-13	1.63467
3.71	3.51062	1.25657e-13	1.62739
3.72	3.50977	1.24906e-13	1.62009
3.73	3.50894	1.24159e-13	1.61277
3.74	3.50813	1.23415e-13	1.60544
3.75	3.50735	1.22676e-13	1.5981
3.76	3.50659	1.21941e-13	1.59074
3.77	3.50586	1.2121e-13	1.58337
3.78	3.50515	1.20483e-13	1.57599
3.79	3.50447	1.1976e-13	1.56859
3.8	3.50381	1.19042e-13	1.56118
3.81	3.50317	1.18328e-13	1.55376
3.82	3.50256	1.17619e-13	1.54632
3.83	3.50198	1.16914e-13	1.53888
3.84	3.50141	1.16214e-13	1.53142
3.85	3.50088	1.15519e-13	1.52395
3.86	3.50036	1.14829e-13	1.51647
3.87	3.49987	1.14143e-13	1.50898
3.88	3.4994	1.13462e-13	1.50148
3.89	3.49896	1.12786e-13	1.49398
3.9	3.49853	1.12115e-13	1.48646
3.91	3.49813	1.11449e-13	1.47893
3.92	3.49775	1.10787e-13	1.4714
3.93	3.4974	1.10131e-13	1.46386
3.94	3.49706	1.09479e-13	1.45631
3.95	3.49675	1.08832e-13	1.44876
3.96	3.49645	1.0819e-13	1.4412
3.97	3.49618	1.07553e-13	1.43364
3.98	3.49592	1.06921e-13	1.42607
3.99	3.49568	1.06293e-13	1.41849
4	3.49547	1.0567e-13	1.41092
4.01	3.49527	1.05052e-13	1.40334
4.02	3.49508	1.04439e-13	1.39576
4.03	3.49491	1.0383e-13	1.38817
4.04	3.49476	1.03226e-13	1.38059
4.05	3.49463	1.02627e-13	1.373
4.06	3.49451	1.02032e-13	1.36542
4.07	3.4944	1.01442e-13	1.35783
4.08	3.49431	1.00856e-13	1.35025
4.09	3.49422	1.00274e-13	1.34267
4.1	3.49416	9.96972e-14	1.33509
4.11	3.4941	9.91243e-14	1.32751
4.12	3.49405	9.85556e-14	1.31994
4.13	3.49401	9.79911e-14	1.31238
4.14	3.49398	9.74307e-14	1.30482
4.15	3.49396	9.68743e-14	1.29726
4.16	3.49395	9.6322e-14	1.28971
4.17	3.49395	9.57735e-14	1.28217
4.18	3.49395	9.52289e-14	1.27464
4.19	3.49395	9.46881e-14	1.26712
4.2	3.49396	9.4151e-14	1.2596
4.21	3.49398	9.36176e-14	1.2521
4.22	3.49399	9.30878e-14	1.24461
4.23	3.49401	9.25615e-14	1.23713
4.24	3.49404	9.20387e-14	1.22966
4.25	3.49406	9.15193e-14	1.2222
4.26	3.49408	9.10032e-14	1.21476
4.27	3.4941	9.04904e-14	1.20733
4.28	3.49412	8.99808e-14	1.19991
4.29	3.49414	8.94744e-14	1.19252
4.3	3.49415	8.89711e-14	1.18513
4.31	3.49416	8.84707e-14	1.17777
4.32	3.49417	8.79734e-14	1.17042
4.33	3.49417	8.74789e-14	1.16309
4.34	3.49417	8.69873e-14	1.15578
4.35	3.49416	8.64985e-14	1.14849
4.36	3.49414	8.60125e-14	1.14122
4.37	3.49411	8.55291e-14	1.13397
4.38	3.49408	8.50483e-14	1.12675
4.39	3.49404	8.45702e-14	1.11954
4.4	3.49398	8.40946e-14	1.11236
4.41	3.49392	8.36214e-14	1.1052
4.42	3.49385	8.31507e-14	1.09806
4.43	3.49376	8.26824e-14	1.09095
4.44	3.49366	8.22164e-14	1.08386
4.45	3.49355	8.17527e-14	1.0768
4.46	3.49343	8.12913e-14	1.06977
4.47	3.49329	8.08322e-14	1.06276
4.48	3.49314	8.03752e-14	1.05578
4.49	3.49297	7.99203e-14	1.04883
4.5	3.49279	7.94676e-14	1.04191
4.51	3.49259	7.9017e-14	1.03501
4.52	3.49238	7.85684e-14	1.02814
4.53	3.49215	7.81219e-14	1.02131
4.54	3.49191	7.76774e-14	1.0145
4.55	3.49164	7.72348e-14	1.00773
4.56	3.49136	7.67942e-14	1.00099
4.57	3.49106	7.63555e-14	0.994275
4.58	3.49075	7.59187e-14	0.987596
4.59	3.49042	7.54838e-14	0.980949
4.6	3.49006	7.50508e-14	0.974336
4.61	3.48969	7.46196e-14	0.967756
4.62	3.48931	7.41902e-14	0.96121
4.63	3.4889	7.37627e-14	0.954698
4.64	3.48847	7.3337e-14	0.94822
4.65	3.48803	7.29131e-14	0.941778
4.66	3.48756	7.24909e-14	0.935371
4.67	3.48708	7.20705e-14	0.928999
4.68	3.48658	7.16519e-14	0.922663
4.69	3.48606	7.12351e-14	0.916364
4.7	3.48552	7.082e-14	0.910101
4.71	3.48497	7.04066e-14	0.903875
4.72	3.48439	6.9995e-14	0.897686
4.73	3.4838	6.95851e-14	0.891534
4.74	3.48318	6.91769e-14	0.88542
4.75	3.48255	6.87704e-14	0.879344
4.76	3.48191	6.83657e-14	0.873306
4.77	3.48124	6.79626e-14	0.867306
4.78	3.48056	6.75613e-14	0.861344
4.79	3.47986	6.71617e-14	0.855422
4.8	3.47915	6.67638e-14	0.849538
4.81	3.47841	6.63676e-14	0.843693
4.82	3.47767	6.59731e-14	0.837887
4.83	3.47691	6.55803e-14	0.832121
4.84	3.47613	6.51892e-14	0.826394
4.85	3.47534	6.47998e-14	0.820707
4.86	3.47454	6.4412e-14	0.81506
4.87	3.47372	6.4026e-14	0.809452
4.88	3.47289	6.36416e-14	0.803885
4.89	3.47205	6.32589e-14	0.798357
4.9	3.4712	6.28778e-14	0.79287
4.91	3.47033	6.24984e-14	0.787423
4.92	3.46946	6.21207e-14	0.782017
4.93	3.46858	6.17446e-14	0.776651
4.94	3.46769	6.13701e-14	0.771325
4.95	3.46679	6.09973e-14	0.76604
4.96	3.46589	6.0626e-14	0.760796
4.97	3.46498	6.02563e-14	0.755592
4.98	3.46406	5.98882e-14	0.750429
4.99	3.46314	5.95217e-14	0.745307
5	3.46222	5.91567e-14	0.740226
5.01	3.46129	5.87932e-14	0.735185
5.02	3.46036	5.84312e-14	0.730186
5.03	3.45943	5.80707e-14	0.725227
5.04	3.45851	5.77117e-14	0.720309
5.05	3.45758	5.7354e-14	0.715433
5.06	3.45665	5.69978e-14	0.710597
5.07	3.45573	5.66429e-14	0.705803
5.08	3.45481	5.62893e-14	0.701049
5.09	3.4539	5.59371e-14	0.696337
5.1	3.45299	5.55861e-14	0.691665
5.11	3.4521	5.52363e-14	0.687035
5.12	3.4512	5.48876e-14	0.682446
5.13	3.45032	5.45401e-14	0.677899
5.14	3.44945	5.41937e-14	0.673392
5.15	3.44859	5.38484e-14	0.668927
5.16	3.44775	5.3504e-14	0.664503
5.17	3.44691	5.31605e-14	0.660121
5.18	3.44609	5.28179e-14	0.65578
5.19	3.44529	5.24761e-14	0.651481
5.2	3.44451	5.2135e-14	0.647223
5.21	3.44374	5.17947e-14	0.643007
5.22	3.44299	5.1455e-14	0.638832
5.23	3.44227	5.11158e-14	0.634699
5.24	3.44156	5.07771e-14	0.630609
5.25	3.44088	5.04387e-14	0.62656
5.26	3.44022	5.01007e-14	0.622553
5.27	3.43959	4.9763e-14	0.618588
5.28	3.43898	4.94254e-14	0.614666
5.29	3.4384	4.90879e-14	0.610786
5.3	3.43785	4.87504e-14	0.606949
5.31	3.43733	4.84127e-14	0.603154
5.32	3.43684	4.80749e-14	0.599403
5.33	3.43638	4.77368e-14	0.595694
5.34	3.43595	4.73983e-14	0.592029
5.35	3.43556	4.70593e-14	0.588407
5.36	3.4352	4.67197e-14	0.584829
5.37	3.43488	4.63793e-14	0.581295
5.38	3.4346	4.60382e-14	0.577805
5.39	3.43436	4.56961e-14	0.574359
5.4	3.43415	4.53531e-14	0.570958
5.41	3.43398	4.50088e-14	0.567602
5.42	3.43386	4.46633e-14	0.564292
5.43	3.43378	4.43164e-14	0.561026
5.44	3.43374	4.39679e-14	0.557807
5.45	3.43375	4.36178e-14	0.554634
5.46	3.4338	4.3266e-14	0.551507
5.47	3.43389	4.29122e-14	0.548428
5.48	3.43404	4.25565e-14	0.545395
5.49	3.43423	4.21985e-14	0.542411
5.5	3.43447	4.18383e-14	0.539474
5.51	3.43476	4.14756e-14	0.536587
5.52	3.4351	4.11104e-14	0.533748
5.53	3.43549	4.07425e-14	0.530959
5.54	3.43593	4.03717e-14	0.52822
5.55	3.43643	3.99979e-14	0.525531
5.56	3.43697	3.9621e-14	0.522894
5.57	3.43757	3.92408e-14	0.520308
5.58	3.43823	3.88572e-14	0.517774
5.59	3.43894	3.84701e-14	0.515293
5.6	3.43971	3.80792e-14	0.512865
5.61	3.44053	3.76845e-14	0.510492
5.62	3.44141	3.72858e-14	0.508173
5.63	3.44235	3.68829e-14	0.50591
5.64	3.44334	3.64758e-14	0.503702
5.65	3.44439	3.60642e-14	0.501551
5.66	3.4455	3.5648e-14	0.499458
5.67	3.44667	3.5227e-14	0.497423
5.68	3.4479	3.48012e-14	0.495446
5.69	3.44918	3.43704e-14	0.49353
5.7	3.45053	3.39344e-14	0.491674
5.71	3.45193	3.34931e-14	0.489879
5.72	3.4534	3.30463e-14	0.488146
5.73	3.45492	3.25939e-14	0.486477
5.74	3.4565	3.21358e-14	0.484871
5.75	3.45815	3.16718e-14	0.48333
5.76	3.45985	3.12017e-14	0.481855
5.77	3.46161	3.07256e-14	0.480447
5.78	3.46344	3.02431e-14	0.479106
5.79	3.46532	2.97542e-14	0.477834
5.8	3.46726	2.92588e-14	0.476631
5.81	3.46926	2.87566e-14	0.475499
5.82	3.47132	2.82477e-14	0.474439
5.83	3.47344	2.77319e-14	0.473451
5.84	3.47561	2.7209e-14	0.472537
5.85	3.47785	2.66789e-14	0.471698
5.86	3.48014	2.61416e-14	0.470935
5.87	3.48249	2.55968e-14	0.470249
5.88	3.48489	2.50446e-14	0.469641
5.89	3.48735	2.44847e-14	0.469113
5.9	3.48987	2.39172e-14	0.468665
5.91	3.49244	2.33418e-14	0.468298
5.92	3.49506	2.27586e-14	0.468015
5.93	3.49774	2.21673e-14	0.467816
5.94	3.50047	2.1568e-14	0.467702
5.95	3.50325	2.09605e-14	0.467675
5.96	3.50608	2.03448e-14	0.467735
5.97	3.50896	1.97207e-14	0.467885
5.98	3.5119	1.90883e-14	0.468126
5.99	3.51487	1.84474e-14	0.468458
6	3.5179	1.7798e-14	0.468883
6.01	3.52097	1.714e-14	0.469402
6.02	3.52409	1.64734e-14	0.470018
6.03	3.52725	1.57981e-14	0.47073
6.04	3.53045	1.51141e-14	0.471541
6.05	3.5337	1.44214e-14	0.472452
6.06	3.53698	1.37198e-14	0.473465
6.07	3.5403	1.30094e-14	0.47458
6.08	3.54366	1.22902e-14	0.475798
6.09	3.54706	1.15621e-14	0.477123
6.1	3.55049	1.08251e-14	0.478554
6.11	3.55396	1.00792e-14	0.480094
6.12	3.55745	9.32439e-15	0.481744
6.13	3.56098	8.56067e-15	0.483505
6.14	3.56453	7.78804e-15	0.485378
6.15	3.56812	7.00652e-15	0.487366
6.16	3.57173	6.2161e-15	0.489469
6.17	3.57536	5.41682e-15	0.49169
6.18	3.57901	4.60869e-15	0.494029
6.19	3.58269	3.79175e-15	0.496488
6.2	3.58638	2.96601e-15	0.499069
6.21	3.59009	2.13152e-15	0.501773
6.22	3.59382	1.28833e-15	0.504601
6.23	3.59756	4.36464e-16	0.507555
6.24	3.60131	-4.24012e-16	0.510637
6.25	3.60508	-1.29305e-15	0.513848
6.26	3.60885	-2.17058e-15	0.517189
6.27	3.61262	-3.05655e-15	0.520662
6.28	3.6164	-3.95088e-15	0.524268
6.29	3.62019	-4.8535e-15	0.528009
6.3	3.62397	-5.76434e-15	0.531887
6.31	3.62775	-6.6833e-15	0.535902
6.32	3.63153	-7.61031e-15	0.540056
6.33	3.6353	-8.54528e-15	0.544352
6.34	3.63907	-9.4881e-15	0.548789
6.35	3.64282	-1.04387e-14	0.553369
6.36	3.64656	-1.13969e-14	0.558095
6.37	3.65029	-1.23627e-14	0.562967
6.38	3.65401	-1.33359e-14	0.567987
6.39	3.6577	-1.43164e-14	0.573155
6.4	3.66138	-1.53041e-14	0.578474
6.41	3.66503	-1.62989e-14	0.583945
6.42	3.66866	-1.73007e-14	0.58957
6.43	3.67226	-1.83092e-14	0.595348
6.44	3.67583	-1.93244e-14	0.601283
6.45	3.67937	-2.03462e-14	0.607374
6.46	3.68288	-2.13743e-14	0.613624
6.47	3.68636	-2.24087e-14	0.620033
6.48	3.68979	-2.34492e-14	0.626604
6.49	3.69319	-2.44956e-14	0.633336
6.5	3.69655	-2.55478e-14	0.640231
6.51	3.69986	-2.66056e-14	0.647291
6.52	3.70312	-2.76689e-14	0.654516
6.53	3.70634	-2.87374e-14	0.661908
6.54	3.70951	-2.9811e-14	0.669468
6.55	3.71263	-3.08896e-14	0.677196
6.56	3.71569	-3.19729e-14	0.685094
6.57	3.71869	-3.30608e-14	0.693163
6.58	3.72164	-3.41531e-14	0.701403
6.59	3.72453	-3.52496e-14	0.709816
6.6	3.72735	-3.635e-14	0.718403
6.61	3.73011	-3.74543e-14	0.727164
6.62	3.73281	-3.85622e-14	0.736101
6.63	3.73543	-3.96734e-14	0.745213
6.64	3.73799	-4.07879e-14	0.754503
6.65	3.74047	-4.19054e-14	0.76397
6.66	3.74287	-4.30256e-14	0.773615
6.67	3.74521	-4.41484e-14	0.783439
6.68	3.74746	-4.52735e-14	0.793443
6.69	3.74963	-4.64008e-14	0.803626
6.7	3.75172	-4.753e-14	0.813991
6.71	3.75373	-4.86609e-14	0.824536
6.72	3.75565	-4.97932e-14	0.835263
6.73	3.75749	-5.09267e-14	0.846172
6.74	3.75923	-5.20612e-14	0.857263
6.75	3.76089	-5.31965e-14	0.868536
6.76	3.76245	-5.43323e-14	0.879992
6.77	3.76392	-5.54684e-14	0.891632
6.78	3.7653	-5.66045e-14	0.903454
6.79	3.76657	-5.77404e-14	0.91546
6.8	3.76775	-5.88758e-14	0.927649
6.81	3.76883	-6.00106e-14	0.940021
6.82	3.76981	-6.11444e-14	0.952576
6.83	3.77068	-6.22771e-14	0.965314
6.84	3.77145	-6.34083e-14	0.978236
6.85	3.77212	-6.45378e-14	0.99134
6.86	3.77268	-6.56653e-14	1.00463
6.87	3.77313	-6.67906e-14	1.01809
6.88	3.77347	-6.79135e-14	1.03174
6.89	3.7737	-6.90337e-14	1.04558
6.9	3.77382	-7.01509e-14	1.05959
6.91	3.77383	-7.12649e-14	1.07378
6.92	3.77372	-7.23754e-14	1.08815
6.93	3.77351	-7.34822e-14	1.1027
6.94	3.77317	-7.4585e-14	1.11743
6.95	3.77272	-7.56835e-14	1.13233
6.96	3.77216	-7.67776e-14	1.14741
6.97	3.77147	-7.78668e-14	1.16267
6.98	3.77067	-7.89511e-14	1.17809
6.99	3.76975	-8.00301e-14	1.1937
7	3.76871	-8.11036e-14	1.20947
7.01	3.76755	-8.21713e-14	1.22541
7.02	3.76627	-8.32331e-14	1.24153
7.03	3.76487	-8.42885e-14	1.25781
7.04	3.76335	-8.53375e-14	1.27425
7.05	3.76171	-8.63797e-14	1.29087
7.06	3.75995	-8.74149e-14	1.30764
7.07	3.75806	-8.84429e-14	1.32458
7.08	3.75606	-8.94634e-14	1.34167
7.09	3.75393	-9.04763e-14	1.35892
7.1	3.75168	-9.14812e-14	1.37633
7.11	3.74931	-9.2478e-14	1.39389
7.12	3.74682	-9.34664e-14	1.41161
7.13	3.7442	-9.44463e-14	1.42947
7.14	3.74147	-9.54173e-14	1.44748
7.15	3.73861	-9.63794e-14	1.46563
7.16	3.73564	-9.73322e-14	1.48393
7.17	3.73254	-9.82756e-14	1.50237
7.18	3.72933	-9.92094e-14	1.52094
7.19	3.72599	-1.00133e-13	1.53965
7.2	3.72254	-1.01047e-13	1.5585
7.21	3.71897	-1.01951e-13	1.57747
7.22	3.71528	-1.02845e-13	1.59657
7.23	3.71148	-1.03728e-13	1.61579
7.24	3.70756	-1.046e-13	1.63513
7.25	3.70353	-1.05461e-13	1.65459
7.26	3.69938	-1.06312e-13	1.67416
7.27	3.69513	-1.07151e-13	1.69385
7.28	3.69076	-1.07979e-13	1.71364
7.29	3.68628	-1.08795e-13	1.73354
7.3	3.68169	-1.096e-13	1.75353
7.31	3.67699	-1.10394e-13	1.77363
7.32	3.67219	-1.11175e-13	1.79382
7.33	3.66728	-1.11944e-13	1.8141
7.34	3.66227	-1.12702e-13	1.83446
7.35	3.65715	-1.13447e-13	1.85491
7.36	3.65194	-1.1418e-13	1.87544
7.37	3.64662	-1.14901e-13	1.89604
7.38	3.64121	-1.15609e-13	1.91671
7.39	3.6357	-1.16305e-13	1.93744
7.4	3.6301	-1.16988e-13	1.95824
7.41	3.62441	-1.17658e-13	1.9791
7.42	3.61863	-1.18316e-13	2.00001
7.43	3.61276	-1.18961e-13	2.02097
7.44	3.6068	-1.19594e-13	2.04197
7.45	3.60076	-1.20213e-13	2.06301
7.46	3.59463	-1.2082e-13	2.08409
7.47	3.58843	-1.21413e-13	2.1052
7.48	3.58214	-1.21994e-13	2.12634
7.49	3.57579	-1.22562e-13	2.14749
7.5	3.56935	-1.23117e-13	2.16867
7.51	3.56285	-1.23659e-13	2.18985
7.52	3.55628	-1.24187e-13	2.21104
7.53	3.54964	-1.24703e-13	2.23223
7.54	3.54294	-1.25206e-13	2.25342
7.55	3.53617	-1.25697e-13	2.2746
7.56	3.52935	-1.26174e-13	2.29576
7.57	3.52247	-1.26638e-13	2.31691
7.58	3.51554	-1.27089e-13	2.33803
7.59	3.50855	-1.27528e-13	2.35912
7.6	3.50152	-1.27954e-13	2.38017
7.61	3.49444	-1.28367e-13	2.40119
7.62	3.48731	-1.28767e-13	2.42215
7.63	3.48015	-1.29155e-13	2.44307
7.64	3.47295	-1.2953e-13	2.46393
7.65	3.46571	-1.29893e-13	2.48472
7.66	3.45844	-1.30243e-13	2.50545
7.67	3.45114	-1.30581e-13	2.5261
7.68	3.44382	-1.30906e-13	2.54667
7.69	3.43647	-1.31219e-13	2.56716
7.7	3.4291	-1.3152e-13	2.58755
7.71	3.42172	-1.31809e-13	2.60785
7.72	3.41432	-1.32086e-13	2.62805
7.73	3.40691	-1.32351e-13	2.64813
7.74	3.39949	-1.32604e-13	2.6681
7.75	3.39206	-1.32845e-13	2.68796
7.76	3.38463	-1.33075e-13	2.70768
7.77	3.37721	-1.33293e-13	2.72727
7.78	3.36978	-1.335e-13	2.74673
7.79	3.36237	-1.33695e-13	2.76604
7.8	3.35496	-1.33879e-13	2.7852
7.81	3.34757	-1.34052e-13	2.80421
7.82	3.34019	-1.34213e-13	2.82306
7.83	3.33283	-1.34364e-13	2.84173
7.84	3.3255	-1.34504e-13	2.86024
7.85	3.31819	-1.34633e-13	2.87857
7.86	3.31091	-1.34752e-13	2.89671
7.87	3.30366	-1.3486e-13	2.91466
7.88	3.29644	-1.34957e-13	2.93242
7.89	3.28927	-1.35044e-13	2.94997
7.9	3.28213	-1.35121e-13	2.96732
7.91	3.27504	-1.35188e-13	2.98445
7.92	3.268	-1.35245e-13	3.00136
7.93	3.26101	-1.35292e-13	3.01805
7.94	3.25407	-1.3533e-13	3.03451
7.95	3.24719	-1.35358e-13	3.05074
7.96	3.24037	-1.35376e-13	3.06672
7.97	3.23361	-1.35385e-13	3.08245
7.98	3.22691	-1.35384e-13	3.09794
7.99	3.22029	-1.35375e-13	3.11316
8	3.21373	-1.35356e-13	3.12813
8.01	3.20725	-1.35329e-13	3.14282
8.02	3.20085	-1.35292e-13	3.15724
8.03	3.19453	-1.35247e-13	3.17139
8.04	3.18829	-1.35193e-13	3.18525
8.05	3.18214	-1.35131e-13	3.19882
8.06	3.17608	-1.35061e-13	3.21209
8.07	3.17011	-1.34982e-13	3.22507
8.08	3.16424	-1.34895e-13	3.23775
8.09	3.15846	-1.34801e-13	3.25012
8.1	3.15278	-1.34698e-13	3.26217
8.11	3.14721	-1.34587e-13	3.27391
8.12	3.14174	-1.34469e-13	3.28532
8.13	3.13637	-1.34344e-13	3.29641
8.14	3.13112	-1.34211e-13	3.30717
8.15	3.12598	-1.3407e-13	3.3176
8.16	3.12096	-1.33923e-13	3.32768
8.17	3.11606	-1.33768e-13	3.33742
8.18	3.11127	-1.33607e-13	3.34682
8.19	3.10661	-1.33438e-13	3.35586
8.2	3.10207	-1.33263e-13	3.36455
8.21	3.09766	-1.33082e-13	3.37289
8.22	3.09338	-1.32893e-13	3.38086
8.23	3.08923	-1.32699e-13	3.38846
8.24	3.08521	-1.32498e-13	3.3957
8.25	3.08133	-1.32291e-13	3.40256
8.26	3.07759	-1.32078e-13	3.40905
8.27	3.07398	-1.3186e-13	3.41516
8.28	3.07052	-1.31635e-13	3.42089
8.29	3.0672	-1.31405e-13	3.42624
8.3	3.06403	-1.31169e-13	3.4312
8.31	3.061	-1.30928e-13	3.43578
8.32	3.05812	-1.30681e-13	3.43996
8.33	3.05539	-1.30429e-13	3.44375
8.34	3.05281	-1.30173e-13	3.44714
8.35	3.05038	-1.29911e-13	3.45013
8.36	3.0481	-1.29644e-13	3.45273
8.37	3.04599	-1.29373e-13	3.45493
8.38	3.04402	-1.29097e-13	3.45672
8.39	3.04222	-1.28816e-13	3.45811
8.4	3.04057	-1.28531e-13	3.45909
8.41	3.03909	-1.28242e-13	3.45967
8.42	3.03776	-1.27949e-13	3.45984
8.43	3.0366	-1.27652e-13	3.4596
8.44	3.0356	-1.2735e-13	3.45895
8.45	3.03476	-1.27045e-13	3.45789
8.46	3.03409	-1.26737e-13	3.45642
8.47	3.03358	-1.26425e-13	3.45454
8.48	3.03324	-1.26109e-13	3.45224
8.49	3.03306	-1.2579e-13	3.44954
8.5	3.03305	-1.25468e-13	3.44642
8.51	3.0332	-1.25143e-13	3.4429
8.52	3.03352	-1.24814e-13	3.43896
8.53	3.03401	-1.24483e-13	3.43461
8.54	3.03467	-1.2415e-13	3.42985
8.55	3.03549	-1.23813e-13	3.42469
8.56	3.03648	-1.23475e-13	3.41911
8.57	3.03763	-1.23133e-13	3.41313
8.58	3.03896	-1.2279e-13	3.40674
8.59	3.04045	-1.22444e-13	3.39995
8.6	3.0421	-1.22097e-13	3.39275
8.61	3.04392	-1.21748e-13	3.38515
8.62	3.04591	-1.21397e-13	3.37715
8.63	3.04806	-1.21044e-13	3.36876
8.64	3.05038	-1.20689e-13	3.35997
8.65	3.05286	-1.20334e-13	3.35078
8.66	3.0555	-1.19977e-13	3.3412
8.67	3.05831	-1.19619e-13	3.33123
8.68	3.06127	-1.1926e-13	3.32088
8.69	3.0644	-1.189e-13	3.31014
8.7	3.06768	-1.18539e-13	3.29902
8.71	3.07113	-1.18177e-13	3.28753
8.72	3.07473	-1.17815e-13	3.27565
8.73	3.07848	-1.17453e-13	3.26341
8.74	3.08239	-1.1709e-13	3.2508
8.75	3.08645	-1.16727e-13	3.23782
8.76	3.09067	-1.16365e-13	3.22448
8.77	3.09503	-1.16002e-13	3.21078
8.78	3.09954	-1.15639e-13	3.19673
8.79	3.1042	-1.15277e-13	3.18232
8.8	3.109	-1.14915e-13	3.16757
8.81	3.11395	-1.14553e-13	3.15248
8.82	3.11904	-1.14193e-13	3.13706
8.83	3.12426	-1.13833e-13	3.12129
8.84	3.12963	-1.13474e-13	3.1052
8.85	3.13513	-1.13116e-13	3.08879
8.86	3.14076	-1.12759e-13	3.07206
8.87	3.14652	-1.12404e-13	3.05501
8.88	3.15242	-1.1205e-13	3.03765
8.89	3.15843	-1.11697e-13	3.01999
8.9	3.16458	-1.11346e-13	3.00203
8.91	3.17084	-1.10997e-13	2.98377
8.92	3.17722	-1.1065e-13	2.96522
8.93	3.18373	-1.10305e-13	2.94639
8.94	3.19034	-1.09962e-13	2.92729
8.95	3.19707	-1.09622e-13	2.90791
8.96	3.2039	-1.09284e-13	2.88826
8.97	3.21084	-1.08948e-13	2.86836
8.98	3.21789	-1.08615e-13	2.84819
8.99	3.22503	-1.08285e-13	2.82778
9	3.23227	-1.07958e-13	2.80713
9.01	3.23961	-1.07634e-13	2.78623
9.02	3.24704	-1.07313e-13	2.76511
9.03	3.25456	-1.06995e-13	2.74376
9.04	3.26216	-1.06681e-13	2.72219
9.05	3.26985	-1.0637e-13	2.70041
9.06	3.27761	-1.06063e-13	2.67843
9.07	3.28546	-1.0576e-13	2.65624
9.08	3.29337	-1.0546e-13	2.63386
9.09	3.30136	-1.05165e-13	2.61129
9.1	3.30941	-1.04874e-13	2.58854
9.11	3.31753	-1.04587e-13	2.56562
9.12	3.3257	-1.04305e-13	2.54253
9.13	3.33394	-1.04027e-13	2.51928
9.14	3.34223	-1.03754e-13	2.49588
9.15	3.35056	-1.03486e-13	2.47233
9.16	3.35895	-1.03222e-13	2.44864
9.17	3.36737	-1.02964e-13	2.42482
9.18	3.37584	-1.02711e-13	2.40086
9.19	3.38435	-1.02463e-13	2.37679
9.2	3.39288	-1.0222e-13	2.35261
9.21	3.40145	-1.01983e-13	2.32832
9.22	3.41004	-1.01752e-13	2.30393
9.23	3.41865	-1.01526e-13	2.27944
9.24	3.42729	-1.01306e-13	2.25487
9.25	3.43594	-1.01092e-13	2.23022
9.26	3.4446	-1.00884e-13	2.2055
9.27	3.45326	-1.00682e-13	2.18071
9.28	3.46194	-1.00487e-13	2.15587
9.29	3.47061	-1.00298e-13	2.13097
9.3	3.47928	-1.00115e-13	2.10603
9.31	3.48795	-9.9939e-14	2.08105
9.32	3.4966	-9.97696e-14	2.05603
9.33	3.50525	-9.96069e-14	2.031
9.34	3.51387	-9.94511e-14	2.00594
9.35	3.52248	-9.93022e-14	1.98088
9.36	3.53106	-9.91603e-14	1.9558
9.37	3.53962	-9.90254e-14	1.93074
9.38	3.54814	-9.88977e-14	1.90567
9.39	3.55663	-9.87773e-14	1.88063
9.4	3.56508	-9.86641e-14	1.85561
9.41	3.5735	-9.85582e-14	1.83061
9.42	3.58186	-9.84598e-14	1.80565
9.43	3.59018	-9.83688e-14	1.78073
9.44	3.59845	-9.82853e-14	1.75586
9.45	3.60666	-9.82094e-14	1.73104
9.46	3.61482	-9.8141e-14	1.70628
9.47	3.62291	-9.80803e-14	1.68159
9.48	3.63094	-9.80272e-14	1.65697
9.49	3.6389	-9.79818e-14	1.63243
9.5	3.64679	-9.79441e-14	1.60797
9.51	3.65461	-9.79141e-14	1.5836
9.52	3.66234	-9.78917e-14	1.55933
9.53	3.67	-9.78771e-14	1.53516
9.54	3.67758	-9.78702e-14	1.5111
9.55	3.68506	-9.7871e-14	1.48716
9.56	3.69246	-9.78794e-14	1.46333
9.57	3.69977	-9.78955e-14	1.43962
9.58	3.70698	-9.79192e-14	1.41605
9.59	3.71409	-9.79505e-14	1.39261
9.6	3.7211	-9.79893e-14	1.36932
9.61	3.72801	-9.80357e-14	1.34616
9.62	3.73481	-9.80894e-14	1.32316
9.63	3.74151	-9.81505e-14	1.30032
9.64	3.74809	-9.82189e-14	1.27764
9.65	3.75455	-9.82945e-14	1.25512
9.66	3.7609	-9.83773e-14	1.23277
9.67	3.76713	-9.84671e-14	1.2106
9.68	3.77324	-9.85639e-14	1.18861
9.69	3.77923	-9.86675e-14	1.16681
9.7	3.78509	-9.87779e-14	1.14519
9.71	3.79082	-9.88949e-14	1.12377
9.72	3.79642	-9.90183e-14	1.10255
9.73	3.80189	-9.91482e-14	1.08152
9.74	3.80722	-9.92843e-14	1.06071
9.75	3.81242	-9.94265e-14	1.0401
9.76	3.81748	-9.95747e-14	1.01971
9.77	3.8224	-9.97286e-14	0.999533
9.78	3.82717	-9.98882e-14	0.979579
9.79	3.83181	-1.00053e-13	0.959851
9.8	3.8363	-1.00224e-13	0.940351
9.81	3.84064	-1.00399e-13	0.921082
9.82	3.84483	-1.00579e-13	0.902049
9.83	3.84888	-1.00765e-13	0.883254
9.84	3.85277	-1.00954e-13	0.864701
9.85	3.85651	-1.01148e-13	0.846392
9.86	3.8601	-1.01347e-13	0.82833
9.87	3.86354	-1.01549e-13	0.810518
9.88	3.86681	-1.01755e-13	0.792959
9.89	3.86994	-1.01964e-13	0.775656
9.9	3.8729	-1.02177e-13	0.75861
9.91	3.87571	-1.02393e-13	0.741824
9.92	3.87836	-1.02611e-13	0.725301
9.93	3.88084	-1.02833e-13	0.709042
9.94	3.88317	-1.03056e-13	0.693051
9.95	3.88534	-1.03282e-13	0.677327
9.96	3.88735	-1.0351e-13	0.661875
9.97	3.88919	-1.03739e-13	0.646695
9.98	3.89088	-1.0397e-13	0.631788
9.99	3.8924	-1.04202e-13	0.617158
10	3.89376	-1.04435e-13	0.602804
10.01	3.89496	-1.04668e-13	0.588729
10.02	3.896	-1.04902e-13	0.574934
10.03	3.89687	-1.05136e-13	0.561419
10.04	3.89758	-1.0537e-13	0.548187
10.05	3.89814	-1.05604e-13	0.535237
10.06	3.89853	-1.05837e-13	0.522571
10.07	3.89875	-1.06069e-13	0.51019
10.08	3.89882	-1.063e-13	0.498094
10.09	3.89873	-1.06529e-13	0.486285
10.1	3.89848	-1.06757e-13	0.474761
10.11	3.89808	-1.06983e-13	0.463524
10.12	3.89751	-1.07207e-13	0.452575
10.13	3.89679	-1.07429e-13	0.441913
10.14	3.89591	-1.07647e-13	0.431538
10.15	3.89488	-1.07863e-13	0.421451
10.16	3.89369	-1.08076e-13	0.411652
10.17	3.89235	-1.08285e-13	0.40214
10.18	3.89086	-1.08491e-13	0.392915
10.19	3.88922	-1.08692e-13	0.383977
10.2	3.88743	-1.08889e-13	0.375325
10.21	3.88549	-1.09082e-13	0.366959
10.22	3.88341	-1.09271e-13	0.358879
10.23	3.88118	-1.09454e-13	0.351083
10.24	3.87881	-1.09632e-13	0.343572
10.25	3.8763	-1.09805e-13	0.336344
10.26	3.87365	-1.09972e-13	0.329398
10.27	3.87086	-1.10133e-13	0.322733
10.28	3.86793	-1.10288e-13	0.316349
10.29	3.86487	-1.10437e-13	0.310244
10.3	3.86168	-1.10579e-13	0.304417
10.31	3.85836	-1.10715e-13	0.298867
10.32	3.85491	-1.10843e-13	0.293592
10.33	3.85134	-1.10965e-13	0.288591
10.34	3.84764	-1.11079e-13	0.283862
10.35	3.84382	-1.11185e-13	0.279405
10.36	3.83988	-1.11284e-13	0.275217
10.37	3.83583	-1.11374e-13	0.271296
10.38	3.83166	-1.11456e-13	0.267641
10.39	3.82738	-1.1153e-13	0.26425
10.4	3.82299	-1.11596e-13	0.261122
10.41	3.81849	-1.11652e-13	0.258253
10.42	3.81389	-1.117e-13	0.255643
10.43	3.80918	-1.11738e-13	0.253289
10.44	3.80438	-1.11767e-13	0.251189
10.45	3.79949	-1.11786e-13	0.249341
10.46	3.79449	-1.11796e-13	0.247742
10.47	3.78941	-1.11796e-13	0.246391
10.48	3.78424	-1.11786e-13	0.245284
10.49	3.77899	-1.11766e-13	0.24442
10.5	3.77365	-1.11736e-13	0.243796
10.51	3.76823	-1.11695e-13	0.24341
10.52	3.76274	-1.11643e-13	0.243259
10.53	3.75717	-1.11581e-13	0.24334
10.54	3.75154	-1.11508e-13	0.243651
10.55	3.74583	-1.11424e-13	0.244189
10.56	3.74006	-1.11328e-13	0.244952
10.57	3.73423	-1.11221e-13	0.245936
10.58	3.72834	-1.11103e-13	0.247139
10.59	3.7224	-1.10974e-13	0.248559
10.6	3.71641	-1.10833e-13	0.250191
10.61	3.71036	-1.1068e-13	0.252034
10.62	3.70427	-1.10515e-13	0.254083
10.63	3.69814	-1.10338e-13	0.256338
10.64	3.69196	-1.10149e-13	0.258793
10.65	3.68576	-1.09948e-13	0.261447
10.66	3.67951	-1.09734e-13	0.264296
10.67	3.67324	-1.09509e-13	0.267337
10.68	3.66694	-1.0927e-13	0.270567
10.69	3.66062	-1.0902e-13	0.273983
10.7	3.65427	-1.08757e-13	0.277582
10.71	3.64791	-1.08481e-13	0.28136
10.72	3.64154	-1.08192e-13	0.285315
10.73	3.63515	-1.07891e-13	0.289443
10.74	3.62875	-1.07576e-13	0.29374
10.75	3.62235	-1.07249e-13	0.298204
10.76	3.61595	-1.06909e-13	0.302832
10.77	3.60955	-1.06556e-13	0.307619
10.78	3.60316	-1.0619e-13	0.312563
10.79	3.59677	-1.05811e-13	0.317661
10.8	3.59039	-1.05419e-13	0.322909
10.81	3.58402	-1.05013e-13	0.328304
10.82	3.57768	-1.04595e-13	0.333842
10.83	3.57135	-1.04164e-13	0.33952
10.84	3.56504	-1.03719e-13	0.345335
10.85	3.55876	-1.03261e-13	0.351284
10.86	3.55251	-1.0279e-13	0.357362
10.87	3.54629	-1.02306e-13	0.363568
10.88	3.5401	-1.01809e-13	0.369897
10.89	3.53395	-1.01298e-13	0.376346
10.9	3.52784	-1.00775e-13	0.382912
10.91	3.52177	-1.00238e-13	0.389591
10.92	3.51575	-9.96887e-14	0.396381
10.93	3.50977	-9.91262e-14	0.403277
10.94	3.50385	-9.85507e-14	0.410277
10.95	3.49798	-9.79623e-14	0.417377
10.96	3.49216	-9.73611e-14	0.424575
10.97	3.4864	-9.67471e-14	0.431866
10.98	3.48071	-9.61204e-14	0.439247
10.99	3.47507	-9.5481e-14	0.446716
11	3.4695	-9.48291e-14	0.454269
11.01	3.464	-9.41647e-14	0.461902
11.02	3.45857	-9.34879e-14	0.469613
11.03	3.45321	-9.27988e-14	0.477399
11.04	3.44793	-9.20975e-14	0.485256
11.05	3.44272	-9.1384e-14	0.493182
11.06	3.43759	-9.06586e-14	0.501173
11.07	3.43254	-8.99213e-14	0.509225
11.08	3.42758	-8.91723e-14	0.517337
11.09	3.42269	-8.84116e-14	0.525505
11.1	3.4179	-8.76394e-14	0.533726
11.11	3.41319	-8.68558e-14	0.541997
11.12	3.40858	-8.6061e-14	0.550316
11.13	3.40405	-8.52551e-14	0.558678
11.14	3.39962	-8.44383e-14	0.567082
11.15	3.39528	-8.36107e-14	0.575525
11.16	3.39104	-8.27725e-14	0.584004
11.17	3.3869	-8.19238e-14	0.592516
11.18	3.38285	-8.10648e-14	0.601058
11.19	3.37891	-8.01958e-14	0.609628
11.2	3.37507	-7.93168e-14	0.618223
11.21	3.37133	-7.8428e-14	0.62684
11.22	3.3677	-7.75297e-14	0.635477
11.23	3.36417	-7.66221e-14	0.644132
11.24	3.36075	-7.57052e-14	0.652802
11.25	3.35743	-7.47794e-14	0.661484
11.26	3.35422	-7.38448e-14	0.670176
11.27	3.35112	-7.29017e-14	0.678876
11.28	3.34813	-7.19502e-14	0.687581
11.29	3.34526	-7.09905e-14	0.696289
11.3	3.34249	-7.0023e-14	0.704998
11.31	3.33983	-6.90477e-14	0.713706
11.32	3.33728	-6.80649e-14	0.722411
11.33	3.33485	-6.70749e-14	0.73111
11.34	3.33253	-6.60779e-14	0.739802
11.35	3.33032	-6.50741e-14	0.748484
11.36	3.32823	-6.40637e-14	0.757154
11.37	3.32625	-6.3047e-14	0.765812
11.38	3.32438	-6.20241e-14	0.774454
11.39	3.32263	-6.09955e-14	0.783079
11.4	3.32099	-5.99612e-14	0.791686
11.41	3.31946	-5.89216e-14	0.800273
11.42	3.31804	-5.78769e-14	0.808837
11.43	3.31674	-5.68272e-14	0.817378
11.44	3.31555	-5.5773e-14	0.825894
11.45	3.31448	-5.47143e-14	0.834383
11.46	3.31351	-5.36515e-14	0.842844
11.47	3.31266	-5.25849e-14	0.851276
11.48	3.31191	-5.15146e-14	0.859678
11.49	3.31128	-5.04409e-14	0.868047
11.5	3.31076	-4.9364e-14	0.876384
11.51	3.31034	-4.82843e-14	0.884686
11.52	3.31004	-4.72019e-14	0.892952
11.53	3.30984	-4.61171e-14	0.901183
11.54	3.30974	-4.50302e-14	0.909375
11.55	3.30976	-4.39414e-14	0.91753
11.56	3.30987	-4.28509e-14	0.925645
11.57	3.31009	-4.1759e-14	0.93372
11.58	3.31041	-4.06659e-14	0.941754
11.59	3.31084	-3.95719e-14	0.949747
11.6	3.31136	-3.84772e-14	0.957697
11.61	3.31198	-3.7382e-14	0.965604
11.62	3.3127	-3.62867e-14	0.973467
11.63	3.31351	-3.51913e-14	0.981287
11.64	3.31442	-3.40962e-14	0.989062
11.65	3.31542	-3.30016e-14	0.996792
11.66	3.31652	-3.19077e-14	1.00448
11.67	3.3177	-3.08147e-14	1.01212
11.68	3.31897	-2.97229e-14	1.01971
11.69	3.32033	-2.86324e-14	1.02725
11.7	3.32177	-2.75435e-14	1.03475
11.71	3.3233	-2.64565e-14	1.04221
11.72	3.32491	-2.53714e-14	1.04962
11.73	3.3266	-2.42885e-14	1.05698
11.74	3.32836	-2.32081e-14	1.06429
11.75	3.33021	-2.21303e-14	1.07156
11.76	3.33212	-2.10553e-14	1.07878
11.77	3.33411	-1.99832e-14	1.08595
11.78	3.33617	-1.89144e-14	1.09308
11.79	3.3383	-1.7849e-14	1.10016
11.8	3.3405	-1.67871e-14	1.10719
11.81	3.34276	-1.57289e-14	1.11418
11.82	3.34508	-1.46747e-14	1.12113
11.83	3.34746	-1.36245e-14	1.12803
11.84	3.3499	-1.25785e-14	1.13489
11.85	3.3524	-1.15369e-14	1.1417
11.86	3.35495	-1.04999e-14	1.14847
11.87	3.35755	-9.46754e-15	1.15519
11.88	3.36021	-8.44003e-15	1.16187
11.89	3.36291	-7.41751e-15	1.16852
11.9	3.36565	-6.4001e-15	1.17512
11.91	3.36844	-5.38794e-15	1.18168
11.92	3.37127	-4.38115e-15	1.1882
11.93	3.37414	-3.37986e-15	1.19468
11.94	3.37705	-2.38419e-15	1.20112
11.95	3.37999	-1.39425e-15	1.20752
11.96	3.38297	-4.10141e-16	1.21389
11.97	3.38597	5.6802e-16	1.22022
11.98	3.389	1.54014e-15	1.22652
11.99	3.39206	2.50612e-15	1.23278
12	3.39514	3.46586e-15	1.23901
12.01	3.39824	4.41929e-15	1.2452
12.02	3.40136	5.36632e-15	1.25136
12.03	3.4045	6.30687e-15	1.2575
12.04	3.40765	7.24087e-15	1.2636
12.05	3.41081	8.16825e-15	1.26967
12.06	3.41399	9.08893e-15	1.27572
12.07	3.41717	1.00029e-14	1.28174
12.08	3.42036	1.091e-14	1.28773
12.09	3.42355	1.18103e-14	1.2937
12.1	3.42674	1.27036e-14	1.29964
12.11	3.42994	1.359e-14	1.30557
12.12	3.43313	1.44694e-14	1.31146
12.13	3.43631	1.53417e-14	1.31734
12.14	3.43949	1.6207e-14	1.3232
12.15	3.44266	1.70652e-14	1.32904
12.16	3.44582	1.79162e-14	1.33486
12.17	3.44897	1.876e-14	1.34067
12.18	3.4521	1.95967e-14	1.34646
12.19	3.45522	2.04261e-14	1.35223
12.2	3.45832	2.12483e-14	1.35799
12.21	3.4614	2.20633e-14	1.36374
12.22	3.46445	2.2871e-14	1.36948
12.23	3.46749	2.36714e-14	1.37521
12.24	3.47049	2.44645e-14	1.38092
12.25	3.47347	2.52504e-14	1.38663
12.26	3.47642	2.6029e-14	1.39233
12.27	3.47934	2.68002e-14	1.39803
12.28	3.48223	2.75642e-14	1.40372
12.29	3.48508	2.83209e-14	1.4094
12.3	3.4879	2.90702e-14	1.41508
12.31	3.49068	2.98123e-14	1.42076
12.32	3.49343	3.05471e-14	1.42644
12.33	3.49613	3.12746e-14	1.43212
12.34	3.49879	3.19948e-14	1.43779
12.35	3.50141	3.27077e-14	1.44347
12.36	3.50399	3.34134e-14	1.44915
12.37	3.50652	3.41118e-14	1.45483
12.38	3.509	3.4803e-14	1.46051
12.39	3.51144	3.54869e-14	1.4662
12.4	3.51382	3.61635e-14	1.4719
12.41	3.51616	3.6833e-14	1.4776
12.42	3.51845	3.74952e-14	1.4833
12.43	3.52069	3.81502e-14	1.48901
12.44	3.52287	3.8798e-14	1.49474
12.45	3.525	3.94385e-14	1.50046
12.46	3.52707	4.00719e-14	1.5062
12.47	3.52909	4.06981e-14	1.51195
12.48	3.53106	4.13171e-14	1.51771
12.49	3.53296	4.19289e-14	1.52348
12.5	3.53481	4.25336e-14	1.52926
12.51	3.53661	4.3131e-14	1.53505
12.52	3.53834	4.37213e-14	1.54086
12.53	3.54002	4.43044e-14	1.54667
12.54	3.54163	4.48803e-14	1.5525
12.55	3.54319	4.54491e-14	1.55834
12.56	3.54468	4.60106e-14	1.5642
12.57	3.54612	4.6565e-14	1.57007
12.58	3.54749	4.71122e-14	1.57596
12.59	3.5488	4.76522e-14	1.58186
12.6	3.55005	4.8185e-14	1.58777
12.61	3.55124	4.87105e-14	1.5937
12.62	3.55237	4.92289e-14	1.59964
12.63	3.55344	4.974e-14	1.6056
12.64	3.55444	5.02438e-14	1.61158
12.65	3.55539	5.07404e-14	1.61757
12.66	3.55627	5.12297e-14	1.62357
12.67	3.55709	5.17117e-14	1.62959
12.68	3.55785	5.21864e-14	1.63562
12.69	3.55855	5.26538e-14	1.64167
12.7	3.55919	5.31138e-14	1.64774
12.71	3.55977	5.35664e-14	1.65381
12.72	3.56029	5.40117e-14	1.65991
12.73	3.56075	5.44495e-14	1.66601
12.74	3.56116	5.488e-14	1.67213
12.75	3.5615	5.53029e-14	1.67827
12.76	3.56178	5.57184e-14	1.68442
12.77	3.56201	5.61263e-14	1.69058
12.78	3.56218	5.65268e-14	1.69675
12.79	3.5623	5.69197e-14	1.70293
12.8	3.56236	5.7305e-14	1.70913
12.81	3.56237	5.76827e-14	1.71534
12.82	3.56232	5.80528e-14	1.72156
12.83	3.56222	5.84152e-14	1.72779
12.84	3.56206	5.877e-14	1.73402
12.85	3.56186	5.91171e-14	1.74027
12.86	3.5616	5.94565e-14	1.74652
12.87	3.5613	5.97881e-14	1.75279
12.88	3.56094	6.0112e-14	1.75905
12.89	3.56054	6.04282e-14	1.76533
12.9	3.56009	6.07365e-14	1.77161
12.91	3.5596	6.10371e-14	1.77789
12.92	3.55906	6.13298e-14	1.78418
12.93	3.55848	6.16147e-14	1.79047
12.94	3.55785	6.18919e-14	1.79676
12.95	3.55719	6.21611e-14	1.80306
12.96	3.55648	6.24226e-14	1.80935
12.97	3.55574	6.26762e-14	1.81565
12.98	3.55496	6.2922e-14	1.82194
12.99	3.55414	6.31599e-14	1.82822
13	3.55328	6.33901e-14	1.83451
13.01	3.55239	6.36124e-14	1.84079
13.02	3.55147	6.38269e-14	1.84706
13.03	3.55052	6.40337e-14	1.85333
13.04	3.54954	6.42327e-14	1.85959
13.05	3.54852	6.44241e-14	1.86584
13.06	3.54748	6.46077e-14	1.87208
13.07	3.54642	6.47837e-14	1.87831
13.08	3.54532	6.49521e-14	1.88453
13.09	3.54421	6.51129e-14	1.89073
13.1	3.54307	6.52662e-14	1.89692
13.11	3.54191	6.5412e-14	1.90309
13.12	3.54073	6.55505e-14	1.90925
13.13	3.53953	6.56817e-14	1.91538
13.14	3.53832	6.58055e-14	1.9215
13.15	3.53709	6.59223e-14	1.92759
13.16	3.53584	6.60319e-14	1.93367
13.17	3.53458	6.61345e-14	1.93972
13.18	3.53331	6.62302e-14	1.94575
13.19	3.53203	6.63191e-14	1.95175
13.2	3.53074	6.64013e-14	1.95772
13.21	3.52944	6.64769e-14	1.96366
13.22	3.52813	6.6546e-14	1.96958
13.23	3.52682	6.66087e-14	1.97546
13.24	3.52551	6.66653e-14	1.98132
13.25	3.52419	6.67158e-14	1.98714
13.26	3.52287	6.67603e-14	1.99292
13.27	3.52155	6.6799e-14	1.99867
13.28	3.52022	6.68321e-14	2.00438
13.29	3.51891	6.68597e-14	2.01005
13.3	3.51759	6.6882e-14	2.01568
13.31	3.51628	6.68992e-14	2.02127
13.32	3.51497	6.69114e-14	2.02682
13.33	3.51367	6.69188e-14	2.03233
13.34	3.51237	6.69216e-14	2.03779
13.35	3.51109	6.692e-14	2.0432
13.36	3.50981	6.69143e-14	2.04857
13.37	3.50855	6.69045e-14	2.05389
13.38	3.50729	6.6891e-14	2.05916
13.39	3.50605	6.68739e-14	2.06438
13.4	3.50482	6.68535e-14	2.06954
13.41	3.50361	6.68299e-14	2.07465
13.42	3.50241	6.68035e-14	2.07971
13.43	3.50122	6.67744e-14	2.08472
13.44	3.50006	6.67429e-14	2.08966
13.45	3.49891	6.67093e-14	2.09455
13.46	3.49778	6.66737e-14	2.09938
13.47	3.49666	6.66364e-14	2.10415
13.48	3.49557	6.65977e-14	2.10885
13.49	3.4945	6.65578e-14	2.1135
13.5	3.49345	6.6517e-14	2.11808
13.51	3.49242	6.64756e-14	2.1226
13.52	3.49141	6.64338e-14	2.12705
13.53	3.49042	6.63918e-14	2.13144
13.54	3.48946	6.63499e-14	2.13575
13.55	3.48852	6.63085e-14	2.14
13.56	3.4876	6.62677e-14	2.14419
13.57	3.48671	6.62278e-14	2.1483
13.58	3.48584	6.61891e-14	2.15234
13.59	3.485	6.61519e-14	2.15631
13.6	3.48418	6.61164e-14	2.1602
13.61	3.48339	6.60828e-14	2.16403
13.62	3.48263	6.60515e-14	2.16778
13.63	3.48188	6.60228e-14	2.17145
13.64	3.48117	6.59968e-14	2.17505
13.65	3.48048	6.59738e-14	2.17857
13.66	3.47982	6.59541e-14	2.18202
13.67	3.47918	6.59379e-14	2.18538
13.68	3.47857	6.59255e-14	2.18867
13.69	3.47798	6.59171e-14	2.19188
13.7	3.47742	6.5913e-14	2.19501
13.71	3.47688	6.59134e-14	2.19806
13.72	3.47637	6.59184e-14	2.20103
13.73	3.47589	6.59285e-14	2.20392
13.74	3.47543	6.59437e-14	2.20673
13.75	3.47499	6.59643e-14	2.20946
13.76	3.47458	6.59905e-14	2.2121
13.77	3.47419	6.60226e-14	2.21466
13.78	3.47383	6.60606e-14	2.21714
13.79	3.47349	6.61048e-14	2.21953
13.8	3.47317	6.61554e-14	2.22184
13.81	3.47288	6.62125e-14	2.22407
13.82	3.4726	6.62764e-14	2.22621
13.83	3.47235	6.63471e-14	2.22827
13.84	3.47211	6.64249e-14	2.23024
13.85	3.4719	6.65099e-14	2.23213
13.86	3.47171	6.66023e-14	2.23393
13.87	3.47153	6.67021e-14	2.23565
13.88	3.47137	6.68094e-14	2.23728
13.89	3.47123	6.69245e-14	2.23882
13.9	3.47111	6.70474e-14	2.24028
13.91	3.471	6.71782e-14	2.24166
13.92	3.4709	6.7317e-14	2.24295
13.93	3.47082	6.74639e-14	2.24415
13.94	3.47076	6.7619e-14	2.24527
13.95	3.4707	6.77822e-14	2.2463
13.96	3.47066	6.79537e-14	2.24724
13.97	3.47063	6.81336e-14	2.2481
13.98	3.4706	6.83218e-14	2.24888
13.99	3.47059	6.85184e-14	2.24957
14	3.47058	6.87234e-14	2.25017
14.01	3.47058	6.89369e-14	2.25069
14.02	3.47058	6.91587e-14	2.25113
14.03	3.47059	6.9389e-14	2.25148
14.04	3.4706	6.96277e-14	2.25175
14.05	3.47062	6.98748e-14	2.25193
14.06	3.47063	7.01303e-14	2.25203
14.07	3.47065	7.03941e-14	2.25204
14.08	3.47067	7.06662e-14	2.25197
14.09	3.47068	7.09465e-14	2.25182
14.1	3.47069	7.1235e-14	2.25159
14.11	3.4707	7.15316e-14	2.25127
14.12	3.4707	7.18362e-14	2.25087
14.13	3.4707	7.21488e-14	2.25039
14.14	3.47068	7.24693e-14	2.24982
14.15	3.47067	7.27976e-14	2.24918
14.16	3.47064	7.31336e-14	2.24845
14.17	3.4706	7.34771e-14	2.24765
14.18	3.47055	7.38282e-14	2.24676
14.19	3.47048	7.41866e-14	2.2458
14.2	3.4704	7.45522e-14	2.24475
14.21	3.47031	7.4925e-14	2.24363
14.22	3.4702	7.53048e-14	2.24243
14.23	3.47008	7.56914e-14	2.24114
14.24	3.46994	7.60848e-14	2.23979
14.25	3.46977	7.64848e-14	2.23835
14.26	3.46959	7.68913e-14	2.23683
14.27	3.46939	7.73041e-14	2.23524
14.28	3.46916	7.7723e-14	2.23358
14.29	3.46891	7.8148e-14	2.23183
14.3	3.46864	7.85788e-14	2.23001
14.31	3.46834	7.90154e-14	2.22812
14.32	3.46802	7.94575e-14	2.22615
14.33	3.46767	7.99051e-14	2.2241
14.34	3.46729	8.03579e-14	2.22198
14.35	3.46689	8.08158e-14	2.21979
14.36	3.46645	8.12786e-14	2.21752
14.37	3.46599	8.17463e-14	2.21518
14.38	3.46549	8.22185e-14	2.21277
14.39	3.46497	8.26953e-14	2.21028
14.4	3.46441	8.31764e-14	2.20772
14.41	3.46381	8.36616e-14	2.20509
14.42	3.46319	8.41509e-14	2.20238
14.43	3.46253	8.46441e-14	2.19961
14.44	3.46183	8.51409e-14	2.19676
14.45	3.4611	8.56414e-14	2.19384
14.46	3.46033	8.61453e-14	2.19085
14.47	3.45953	8.66524e-14	2.18778
14.48	3.45869	8.71627e-14	2.18465
14.49	3.45781	8.7676e-14	2.18145
14.5	3.4569	8.81922e-14	2.17817
14.51	3.45594	8.87111e-14	2.17482
14.52	3.45495	8.92326e-14	2.17141
14.53	3.45392	8.97566e-14	2.16792
14.54	3.45285	9.0283e-14	2.16436
14.55	3.45174	9.08116e-14	2.16073
14.56	3.4506	9.13423e-14	2.15703
14.57	3.44941	9.18751e-14	2.15325
14.58	3.44819	9.24097e-14	2.14941
14.59	3.44692	9.29461e-14	2.1455
14.6	3.44562	9.34842e-14	2.14151
14.61	3.44427	9.40239e-14	2.13746
14.62	3.44289	9.45651e-14	2.13333
14.63	3.44147	9.51077e-14	2.12913
14.64	3.44001	9.56516e-14	2.12486
14.65	3.43851	9.61968e-14	2.12052
14.66	3.43697	9.67431e-14	2.11611
14.67	3.4354	9.72904e-14	2.11162
14.68	3.43378	9.78388e-14	2.10706
14.69	3.43213	9.83881e-14	2.10243
14.7	3.43045	9.89382e-14	2.09772
14.71	3.42872	9.94891e-14	2.09294
14.72	3.42697	1.00041e-13	2.08809
14.73	3.42517	1.00593e-13	2.08316
14.74	3.42335	1.01146e-13	2.07816
14.75	3.42149	1.017e-13	2.07308
14.76	3.41959	1.02254e-13	2.06793
14.77	3.41767	1.02808e-13	2.0627
14.78	3.41571	1.03363e-13	2.05739
14.79	3.41373	1.03919e-13	2.05201
14.8	3.41171	1.04474e-13	2.04655
14.81	3.40967	1.0503e-13	2.04101
14.82	3.40759	1.05587e-13	2.03539
14.83	3.4055	1.06143e-13	2.02969
14.84	3.40337	1.067e-13	2.02392
14.85	3.40123	1.07257e-13	2.01806
14.86	3.39906	1.07814e-13	2.01212
14.87	3.39687	1.08371e-13	2.0061
14.88	3.39466	1.08928e-13	2
14.89	3.39243	1.09486e-13	1.99381
14.9	3.39018	1.10043e-13	1.98754
14.91	3.38791	1.10601e-13	1.98119
14.92	3.38564	1.11158e-13	1.97475
14.93	3.38334	1.11715e-13	1.96822
14.94	3.38104	1.12273e-13	1.96161
14.95	3.37873	1.1283e-13	1.95491
14.96	3.3764	1.13387e-13	1.94813
14.97	3.37407	1.13944e-13	1.94125
14.98	3.37174	1.14501e-13	1.93429
14.99	3.3694	1.15058e-13	1.92724
15	3.36706	1.15614e-13	1.92009
15.01	3.36472	1.16171e-13	1.91286
15.02	3.36238	1.16727e-13	1.90553
15.03	3.36005	1.17282e-13	1.89811
15.04	3.35772	1.17838e-13	1.8906
15.05	3.35539	1.18393e-13	1.88299
15.06	3.35308	1.18947e-13	1.87529
15.07	3.35077	1.19501e-13	1.8675
15.08	3.34848	1.20055e-13	1.8596
15.09	3.34621	1.20608e-13	1.85162
15.1	3.34395	1.2116e-13	1.84353
15.11	3.3417	1.21712e-13	1.83535
15.12	3.33948	1.22263e-13	1.82706
15.13	3.33729	1.22813e-13	1.81868
15.14	3.33511	1.23363e-13	1.8102
15.15	3.33297	1.23911e-13	1.80162
15.16	3.33085	1.24459e-13	1.79294
15.17	3.32876	1.25006e-13	1.78416
15.18	3.32671	1.25551e-13	1.77528
15.19	3.32469	1.26096e-13	1.76629
15.2	3.3227	1.26639e-13	1.7572
15.21	3.32076	1.27181e-13	1.74801
15.22	3.31886	1.27721e-13	1.73872
15.23	3.317	1.2826e-13	1.72932
15.24	3.31519	1.28797e-13	1.71982
15.25	3.31342	1.29333e-13	1.71022
15.26	3.3117	1.29867e-13	1.70051
15.27	3.31004	1.30399e-13	1.6907
15.28	3.30842	1.30929e-13	1.68078
15.29	3.30687	1.31457e-13	1.67076
15.3	3.30537	1.31982e-13	1.66063
15.31	3.30393	1.32506e-13	1.6504
15.32	3.30255	1.33027e-13	1.64007
15.33	3.30124	1.33545e-13	1.62963
15.34	3.29999	1.3406e-13	1.61908
15.35	3.29881	1.34573e-13	1.60844
15.36	3.2977	1.35083e-13	1.59768
15.37	3.29666	1.35589e-13	1.58683
15.38	3.2957	1.36092e-13	1.57587
15.39	3.29481	1.36592e-13	1.5648
15.4	3.294	1.37089e-13	1.55364
15.41	3.29326	1.37581e-13	1.54237
15.42	3.29261	1.3807e-13	1.531
15.43	3.29204	1.38555e-13	1.51953
15.44	3.29156	1.39035e-13	1.50796
15.45	3.29116	1.39511e-13	1.49629
15.46	3.29084	1.39983e-13	1.48452
15.47	3.29062	1.4045e-13	1.47265
15.48	3.29049	1.40912e-13	1.46069
15.49	3.29045	1.41369e-13	1.44862
15.5	3.2905	1.41821e-13	1.43647
15.51	3.29065	1.42268e-13	1.42421
15.52	3.2909	1.42709e-13	1.41187
15.53	3.29124	1.43144e-13	1.39943
15.54	3.29169	1.43573e-13	1.3869
15.55	3.29223	1.43997e-13	1.37428
15.56	3.29288	1.44414e-13	1.36158
15.57	3.29363	1.44824e-13	1.34878
15.58	3.29449	1.45228e-13	1.3359
15.59	3.29544	1.45625e-13	1.32294
15.6	3.29651	1.46014e-13	1.30989
15.61	3.29768	1.46397e-13	1.29677
15.62	3.29897	1.46772e-13	1.28356
15.63	3.30036	1.4714e-13	1.27028
15.64	3.30186	1.47499e-13	1.25692
15.65	3.30347	1.47851e-13	1.24349
15.66	3.30519	1.48194e-13	1.22999
15.67	3.30702	1.48529e-13	1.21642
15.68	3.30897	1.48855e-13	1.20278
15.69	3.31103	1.49173e-13	1.18907
15.7	3.3132	1.49481e-13	1.17531
15.71	3.31549	1.4978e-13	1.16148
15.72	3.31789	1.5007e-13	1.1476
15.73	3.3204	1.5035e-13	1.13366
15.74	3.32303	1.50621e-13	1.11966
15.75	3.32578	1.50881e-13	1.10562
15.76	3.32863	1.51131e-13	1.09153
15.77	3.3316	1.51371e-13	1.07739
15.78	3.33469	1.516e-13	1.06321
15.79	3.33789	1.51818e-13	1.04899
15.8	3.3412	1.52026e-13	1.03474
15.81	3.34463	1.52222e-13	1.02045
15.82	3.34817	1.52407e-13	1.00613
15.83	3.35182	1.5258e-13	0.991783
15.84	3.35558	1.52742e-13	0.977411
15.85	3.35946	1.52892e-13	0.963018
15.86	3.36344	1.53029e-13	0.948607
15.87	3.36754	1.53155e-13	0.934181
15.88	3.37174	1.53268e-13	0.919743
15.89	3.37605	1.53368e-13	0.905297
15.9	3.38047	1.53456e-13	0.890847
15.91	3.385	1.53531e-13	0.876395
15.92	3.38963	1.53593e-13	0.861946
15.93	3.39436	1.53641e-13	0.847503
15.94	3.39919	1.53676e-13	0.833069
15.95	3.40413	1.53698e-13	0.818648
15.96	3.40917	1.53706e-13	0.804245
15.97	3.4143	1.537e-13	0.789862
15.98	3.41953	1.5368e-13	0.775503
15.99	3.42485	1.53646e-13	0.761173
16	3.43027	1.53598e-13	0.746875
16.01	3.43578	1.53535e-13	0.732614
16.02	3.44138	1.53458e-13	0.718392
16.03	3.44707	1.53367e-13	0.704215
16.04	3.45284	1.5326e-13	0.690085
16.05	3.45869	1.53139e-13	0.676008
16.06	3.46463	1.53003e-13	0.661987
16.07	3.47065	1.52852e-13	0.648027
16.08	3.47674	1.52686e-13	0.634131
16.09	3.48291	1.52505e-13	0.620304
16.1	3.48915	1.52308e-13	0.60655
16.11	3.49546	1.52096e-13	0.592873
16.12	3.50183	1.51869e-13	0.579277
16.13	3.50828	1.51626e-13	0.565768
16.14	3.51478	1.51368e-13	0.552348
16.15	3.52135	1.51094e-13	0.539022
16.16	3.52797	1.50805e-13	0.525794
16.17	3.53464	1.505e-13	0.51267
16.18	3.54137	1.50179e-13	0.499653
16.19	3.54815	1.49842e-13	0.486747
16.2	3.55497	1.4949e-13	0.473957
16.21	3.56183	1.49122e-13	0.461288
16.22	3.56873	1.48739e-13	0.448742
16.23	3.57568	1.48339e-13	0.436326
16.24	3.58265	1.47924e-13	0.424044
16.25	3.58965	1.47493e-13	0.411899
16.26	3.59669	1.47047e-13	0.399895
16.27	3.60374	1.46585e-13	0.388039
16.28	3.61082	1.46107e-13	0.376333
16.29	3.61791	1.45614e-13	0.364782
16.3	3.62502	1.45105e-13	0.35339
16.31	3.63214	1.4458e-13	0.342163
16.32	3.63927	1.44041e-13	0.331103
16.33	3.6464	1.43486e-13	0.320216
16.34	3.65353	1.42915e-13	0.309505
16.35	3.66066	1.4233e-13	0.298975
16.36	3.66778	1.41729e-13	0.28863
16.37	3.67489	1.41114e-13	0.278474
16.38	3.68199	1.40483e-13	0.268512
16.39	3.68908	1.39838e-13	0.258748
16.4	3.69614	1.39178e-13	0.249185
16.41	3.70318	1.38504e-13	0.239829
16.42	3.71019	1.37815e-13	0.230682
16.43	3.71717	1.37112e-13	0.22175
16.44	3.72411	1.36395e-13	0.213035
16.45	3.73102	1.35664e-13	0.204542
16.46	3.73789	1.34919e-13	0.196276
16.47	3.74471	1.3416e-13	0.188239
16.48	3.75148	1.33388e-13	0.180436
16.49	3.7582	1.32603e-13	0.172871
16.5	3.76486	1.31804e-13	0.165547
16.51	3.77147	1.30992e-13	0.158468
16.52	3.77801	1.30168e-13	0.151637
16.53	3.78448	1.29331e-13	0.145059
16.54	3.79089	1.28482e-13	0.138737
16.55	3.79722	1.2762e-13	0.132675
16.56	3.80347	1.26747e-13	0.126875
16.57	3.80964	1.25862e-13	0.121342
16.58	3.81573	1.24965e-13	0.116079
16.59	3.82173	1.24057e-13	0.111089
16.6	3.82764	1.23137e-13	0.106375
16.61	3.83346	1.22207e-13	0.10194
16.62	3.83918	1.21266e-13	0.0977884
16.63	3.8448	1.20315e-13	0.0939223
16.64	3.85031	1.19353e-13	0.0903448
16.65	3.85572	1.18382e-13	0.087059
16.66	3.86101	1.174e-13	0.0840677
16.67	3.86619	1.1641e-13	0.0813736
16.68	3.87126	1.1541e-13	0.0789795
16.69	3.87621	1.14401e-13	0.0768881
16.7	3.88103	1.13383e-13	0.0751018
16.71	3.88573	1.12357e-13	0.0736233
16.72	3.8903	1.11322e-13	0.0724549
16.73	3.89474	1.1028e-13	0.071599
16.74	3.89904	1.09229e-13	0.0710578
16.75	3.90321	1.08171e-13	0.0708335
16.76	3.90723	1.07107e-13	0.0709282
16.77	3.91112	1.06035e-13	0.071344
16.78	3.91486	1.04956e-13	0.0720828
16.79	3.91845	1.03871e-13	0.0731464
16.8	3.9219	1.02779e-13	0.0745365
16.81	3.92519	1.01682e-13	0.0762549
16.82	3.92833	1.00579e-13	0.0783032
16.83	3.93131	9.94712e-14	0.0806828
16.84	3.93413	9.83578e-14	0.0833951
16.85	3.93679	9.72396e-14	0.0864415
16.86	3.93929	9.61167e-14	0.0898232
16.87	3.94163	9.49895e-14	0.0935412
16.88	3.94379	9.38583e-14	0.0975967
16.89	3.94579	9.27233e-14	0.101991
16.9	3.94762	9.15847e-14	0.106724
16.91	3.94928	9.04428e-14	0.111796
16.92	3.95077	8.9298e-14	0.11721
16.93	3.95208	8.81504e-14	0.122964
16.94	3.95321	8.70003e-14	0.129061
16.95	3.95417	8.5848e-14	0.135499
16.96	3.95495	8.46938e-14	0.142279
16.97	3.95555	8.35379e-14	0.149401
16.98	3.95597	8.23805e-14	0.156865
16.99	3.95621	8.1222e-14	0.164672
17	3.95627	8.00627e-14	0.172821
17.01	3.95614	7.89027e-14	0.181311
17.02	3.95583	7.77423e-14	0.190142
17.03	3.95534	7.65818e-14	0.199315
17.04	3.95466	7.54215e-14	0.208827
17.05	3.95379	7.42616e-14	0.218679
17.06	3.95275	7.31024e-14	0.22887
17.07	3.95151	7.19442e-14	0.239398
17.08	3.95009	7.07872e-14	0.250262
17.09	3.94849	6.96316e-14	0.261462
17.1	3.9467	6.84778e-14	0.272996
17.11	3.94472	6.73259e-14	0.284863
17.12	3.94256	6.61763e-14	0.297061
17.13	3.94021	6.50292e-14	0.309589
17.14	3.93768	6.38849e-14	0.322445
17.15	3.93497	6.27436e-14	0.335626
17.16	3.93208	6.16056e-14	0.349132
17.17	3.929	6.04712e-14	0.36296
17.18	3.92574	5.93406e-14	0.377107
17.19	3.9223	5.8214e-14	0.391573
17.2	3.91868	5.70917e-14	0.406353
17.21	3.91488	5.59741e-14	0.421446
17.22	3.91091	5.48613e-14	0.436849
17.23	3.90676	5.37535e-14	0.452559
17.24	3.90244	5.26511e-14	0.468573
17.25	3.89794	5.15544e-14	0.484889
17.26	3.89327	5.04634e-14	0.501504
17.27	3.88844	4.93786e-14	0.518413
17.28	3.88343	4.83002e-14	0.535614
17.29	3.87826	4.72284e-14	0.553104
17.3	3.87293	4.61634e-14	0.570879
17.31	3.86743	4.51056e-14	0.588935
17.32	3.86177	4.40551e-14	0.607268
17.33	3.85596	4.30123e-14	0.625875
17.34	3.84999	4.19773e-14	0.644752
17.35	3.84387	4.09504e-14	0.663894
17.36	3.8376	3.99318e-14	0.683298
17.37	3.83118	3.89219e-14	0.702959
17.38	3.82461	3.79208e-14	0.722873
17.39	3.8179	3.69288e-14	0.743035
17.4	3.81105	3.5946e-14	0.763441
17.41	3.80407	3.49728e-14	0.784085
17.42	3.79695	3.40094e-14	0.804964
17.43	3.7897	3.3056e-14	0.826072
17.44	3.78232	3.21128e-14	0.847405
17.45	3.77481	3.118e-14	0.868957
17.46	3.76718	3.02579e-14	0.890722
17.47	3.75944	2.93467e-14	0.912697
17.48	3.75158	2.84466e-14	0.934875
17.49	3.74361	2.75578e-14	0.95725
17.5	3.73553	2.66806e-14	0.979818
17.51	3.72734	2.5815e-14	1.00257
17.52	3.71905	2.49614e-14	1.02551
17.53	3.71067	2.41199e-14	1.04862
17.54	3.70218	2.32906e-14	1.0719
17.55	3.69361	2.24739e-14	1.09534
17.56	3.68496	2.16698e-14	1.11894
17.57	3.67622	2.08786e-14	1.14269
17.58	3.6674	2.01004e-14	1.16659
17.59	3.6585	1.93354e-14	1.19062
17.6	3.64953	1.85837e-14	1.21479
17.61	3.6405	1.78455e-14	1.23908
17.62	3.6314	1.71209e-14	1.26349
17.63	3.62224	1.64101e-14	1.28802
17.64	3.61303	1.57133e-14	1.31265
17.65	3.60377	1.50305e-14	1.33738
17.66	3.59445	1.43618e-14	1.3622
17.67	3.5851	1.37075e-14	1.38711
17.68	3.57571	1.30676e-14	1.41209
17.69	3.56628	1.24421e-14	1.43715
17.7	3.55682	1.18313e-14	1.46228
17.71	3.54733	1.12351e-14	1.48746
17.72	3.53783	1.06537e-14	1.51269
17.73	3.5283	1.00872e-14	1.53797
17.74	3.51876	9.53552e-15	1.56328
17.75	3.50921	8.99884e-15	1.58863
17.76	3.49966	8.47717e-15	1.61399
17.77	3.49011	7.97055e-15	1.63937
17.78	3.48056	7.47902e-15	1.66476
17.79	3.47101	7.0026e-15	1.69015
17.8	3.46148	6.54132e-15	1.71554
17.81	3.45197	6.09518e-15	1.74091
17.82	3.44248	5.66417e-15	1.76626
17.83	3.43301	5.2483e-15	1.79158
17.84	3.42357	4.84755e-15	1.81686
17.85	3.41416	4.46189e-15	1.8421
17.86	3.40479	4.09128e-15	1.86729
17.87	3.39546	3.73569e-15	1.89243
17.88	3.38618	3.39506e-15	1.9175
17.89	3.37695	3.06933e-15	1.94249
17.9	3.36777	2.75844e-15	1.96741
17.91	3.35865	2.46231e-15	1.99224
17.92	3.34959	2.18085e-15	2.01698
17.93	3.3406	1.91396e-15	2.04161
17.94	3.33168	1.66154e-15	2.06614
17.95	3.32283	1.42349e-15	2.09055
17.96	3.31406	1.19968e-15	2.11484
17.97	3.30537	9.89975e-16	2.139
17.98	3.29677	7.94245e-16	2.16302
17.99	3.28825	6.12343e-16	2.1869
18	3.27983	4.44113e-16	2.21062
18.01	3.27151	2.89393e-16	2.23419
18.02	3.26328	1.48013e-16	2.2576
18.03	3.25516	1.97937e-17	2.28083
18.04	3.24715	-9.54517e-17	2.30388
18.05	3.23925	-1.97918e-16	2.32675
18.06	3.23146	-2.87806e-16	2.34943
18.07	3.22379	-3.65327e-16	2.37191
18.08	3.21624	-4.30697e-16	2.39418
18.09	3.20881	-4.8414e-16	2.41624
18.1	3.20151	-5.25888e-16	2.43809
18.11	3.19434	-5.5618e-16	2.45971
18.12	3.18731	-5.7526e-16	2.4811
18.13	3.18041	-5.83379e-16	2.50226
18.14	3.17365	-5.80797e-16	2.52317
18.15	3.16703	-5.67776e-16	2.54384
18.16	3.16055	-5.44587e-16	2.56425
18.17	3.15422	-5.11507e-16	2.5844
18.18	3.14805	-4.68815e-16	2.60429
18.19	3.14202	-4.168e-16	2.6239
18.2	3.13615	-3.55753e-16	2.64324
18.21	3.13043	-2.85971e-16	2.6623
18.22	3.12487	-2.07755e-16	2.68108
18.23	3.11948	-1.21412e-16	2.69956
18.24	3.11425	-2.72508e-17	2.71774
18.25	3.10918	7.44139e-17	2.73563
18.26	3.10428	1.83265e-16	2.7532
18.27	3.09955	2.9898e-16	2.77047
18.28	3.09499	4.21237e-16	2.78742
18.29	3.0906	5.49707e-16	2.80405
18.3	3.08638	6.8406e-16	2.82036
18.31	3.08234	8.23966e-16	2.83634
18.32	3.07848	9.6909e-16	2.85199
18.33	3.07479	1.11909e-15	2.86731
18.34	3.07129	1.27364e-15	2.88228
18.35	3.06796	1.4324e-15	2.89691
18.36	3.06482	1.59502e-15	2.9112
18.37	3.06185	1.76117e-15	2.92513
18.38	3.05907	1.9305e-15	2.93872
18.39	3.05648	2.10268e-15	2.95195
18.4	3.05406	2.27736e-15	2.96482
18.41	3.05183	2.4542e-15	2.97733
18.42	3.04979	2.63287e-15	2.98947
18.43	3.04793	2.81302e-15	3.00125
18.44	3.04626	2.99432e-15	3.01266
18.45	3.04478	3.17644e-15	3.02371
18.46	3.04348	3.35903e-15	3.03438
18.47	3.04236	3.54178e-15	3.04467
18.48	3.04143	3.72434e-15	3.05459
18.49	3.04069	3.90639e-15	3.06414
18.5	3.04013	4.08761e-15	3.0733
18.51	3.03976	4.26768e-15	3.08209
18.52	3.03957	4.44628e-15	3.09049
18.53	3.03957	4.62311e-15	3.09852
18.54	3.03974	4.79784e-15	3.10616
18.55	3.04011	4.97017e-15	3.11342
18.56	3.04065	5.13981e-15	3.12029
18.57	3.04137	5.30645e-15	3.12679
18.58	3.04227	5.46981e-15	3.1329
18.59	3.04335	5.62961e-15	3.13862
18.6	3.04461	5.78555e-15	3.14397
18.61	3.04605	5.93736e-15	3.14893
18.62	3.04765	6.08478e-15	3.1535
18.63	3.04944	6.22754e-15	3.1577
18.64	3.05139	6.36539e-15	3.16151
18.65	3.05351	6.49807e-15	3.16495
18.66	3.05581	6.62533e-15	3.168
18.67	3.05826	6.74694e-15	3.17068
18.68	3.06089	6.86267e-15	3.17298
18.69	3.06367	6.97228e-15	3.17491
18.7	3.06662	7.07558e-15	3.17646
18.71	3.06973	7.17233e-15	3.17764
18.72	3.07299	7.26234e-15	3.17845
18.73	3.0764	7.3454e-15	3.17889
18.74	3.07997	7.42134e-15	3.17897
18.75	3.08369	7.48997e-15	3.17869
18.76	3.08756	7.55111e-15	3.17804
18.77	3.09157	7.60459e-15	3.17703
18.78	3.09572	7.65026e-15	3.17567
18.79	3.10002	7.68795e-15	3.17396
18.8	3.10445	7.71754e-15	3.1719
18.81	3.10901	7.73887e-15	3.16949
18.82	3.11371	7.75183e-15	3.16673
18.83	3.11853	7.75627e-15	3.16363
18.84	3.12349	7.7521e-15	3.1602
18.85	3.12856	7.7392e-15	3.15643
18.86	3.13375	7.71747e-15	3.15234
18.87	3.13907	7.68682e-15	3.14791
18.88	3.14449	7.64716e-15	3.14317
18.89	3.15003	7.59841e-15	3.1381
18.9	3.15567	7.5405e-15	3.13272
18.91	3.16142	7.47337e-15	3.12703
18.92	3.16727	7.39695e-15	3.12103
18.93	3.17322	7.31119e-15	3.11472
18.94	3.17926	7.21605e-15	3.10812
18.95	3.18539	7.11149e-15	3.10123
18.96	3.19161	6.99748e-15	3.09404
18.97	3.19792	6.87398e-15	3.08657
18.98	3.20431	6.74098e-15	3.07882
18.99	3.21077	6.59847e-15	3.07079
19	3.21731	6.44643e-15	3.0625
19.01	3.22392	6.28485e-15	3.05393
19.02	3.2306	6.11374e-15	3.04511
19.03	3.23734	5.93311e-15	3.03602
19.04	3.24414	5.74296e-15	3.02669
19.05	3.25099	5.54331e-15	3.01711
19.06	3.2579	5.33418e-15	3.00729
19.07	3.26486	5.11559e-15	2.99723
19.08	3.27187	4.88757e-15	2.98693
19.09	3.27892	4.65014e-15	2.97642
19.1	3.286	4.40335e-15	2.96568
19.11	3.29312	4.14723e-15	2.95472
19.12	3.30028	3.88182e-15	2.94356
19.13	3.30746	3.60716e-15	2.93219
19.14	3.31466	3.3233e-15	2.92062
19.15	3.32189	3.03028e-15	2.90885
19.16	3.32913	2.72817e-15	2.8969
19.17	3.33639	2.41699e-15	2.88476
19.18	3.34365	2.09682e-15	2.87244
19.19	3.35093	1.76771e-15	2.85995
19.2	3.3582	1.4297e-15	2.84729
19.21	3.36548	1.08286e-15	2.83447
19.22	3.37275	7.27247e-16	2.82149
19.23	3.38002	3.62914e-16	2.80835
19.24	3.38727	-1.00772e-17	2.79508
19.25	3.39451	-3.9167e-16	2.78166
19.26	3.40174	-7.81804e-16	2.7681
19.27	3.40894	-1.18042e-15	2.75442
19.28	3.41611	-1.58747e-15	2.74061
19.29	3.42327	-2.00288e-15	2.72668
19.3	3.43038	-2.42661e-15	2.71263
19.31	3.43747	-2.85859e-15	2.69847
19.32	3.44452	-3.29877e-15	2.68422
19.33	3.45153	-3.7471e-15	2.66986
19.34	3.45849	-4.20352e-15	2.6554
19.35	3.46541	-4.66799e-15	2.64086
19.36	3.47228	-5.14045e-15	2.62624
19.37	3.4791	-5.62085e-15	2.61153
19.38	3.48586	-6.10914e-15	2.59676
19.39	3.49257	-6.60529e-15	2.58191
19.4	3.49921	-7.10924e-15	2.567
19.41	3.50579	-7.62096e-15	2.55203
19.42	3.51231	-8.14039e-15	2.53701
19.43	3.51875	-8.66751e-15	2.52193
19.44	3.52512	-9.20228e-15	2.50681
19.45	3.53142	-9.74465e-15	2.49166
19.46	3.53765	-1.02946e-14	2.47646
19.47	3.54379	-1.08521e-14	2.46124
19.48	3.54985	-1.14171e-14	2.44599
19.49	3.55583	-1.19896e-14	2.43071
19.5	3.56172	-1.25695e-14	2.41542
19.51	3.56753	-1.31568e-14	2.40012
19.52	3.57324	-1.37516e-14	2.3848
19.53	3.57886	-1.43537e-14	2.36948
19.54	3.58439	-1.49631e-14	2.35416
19.55	3.58982	-1.55799e-14	2.33885
19.56	3.59515	-1.6204e-14	2.32354
19.57	3.60038	-1.68354e-14	2.30824
19.58	3.60551	-1.7474e-14	2.29295
19.59	3.61054	-1.81198e-14	2.27769
19.6	3.61546	-1.87729e-14	2.26244
19.61	3.62028	-1.94331e-14	2.24722
19.62	3.62498	-2.01005e-14	2.23203
19.63	3.62958	-2.07751e-14	2.21687
19.64	3.63407	-2.14567e-14	2.20175
19.65	3.63844	-2.21455e-14	2.18667
19.66	3.6427	-2.28413e-14	2.17163
19.67	3.64685	-2.35441e-14	2.15664
19.68	3.65088	-2.4254e-14	2.14169
19.69	3.65479	-2.49708e-14	2.12679
19.7	3.65859	-2.56946e-14	2.11195
19.71	3.66227	-2.64253e-14	2.09717
19.72	3.66583	-2.71628e-14	2.08245
19.73	3.66927	-2.79071e-14	2.06779
19.74	3.67258	-2.86583e-14	2.05319
19.75	3.67578	-2.94161e-14	2.03866
19.76	3.67886	-3.01807e-14	2.0242
19.77	3.68181	-3.09519e-14	2.00982
19.78	3.68464	-3.17296e-14	1.99551
19.79	3.68735	-3.25138e-14	1.98127
19.8	3.68994	-3.33045e-14	1.96711
19.81	3.6924	-3.41015e-14	1.95304
19.82	3.69474	-3.49048e-14	1.93905
19.83	3.69695	-3.57142e-14	1.92514
19.84	3.69905	-3.65298e-14	1.91132
19.85	3.70102	-3.73514e-14	1.89758
19.86	3.70286	-3.8179e-14	1.88394
19.87	3.70459	-3.90123e-14	1.87039
19.88	3.70619	-3.98513e-14	1.85692
19.89	3.70767	-4.06959e-14	1.84356
19.9	3.70903	-4.1546e-14	1.83029
19.91	3.71026	-4.24014e-14	1.81711
19.92	3.71138	-4.32621e-14	1.80403
19.93	3.71238	-4.41277e-14	1.79106
19.94	3.71325	-4.49983e-14	1.77818
19.95	3.71401	-4.58736e-14	1.7654
19.96	3.71465	-4.67536e-14	1.75272
19.97	3.71518	-4.76379e-14	1.74015
19.98	3.71559	-4.85265e-14	1.72768
19.99	3.71588	-4.94192e-14	1.71531
20	3.71606	-5.03158e-14	1.70305
