0	4	0	0
0.01	3.96013	-1.8088e-17	0.00373855
0.02	3.84214	-2.88974e-17	0.0148173
0.03	3.65078	-1.85433e-17	0.0328294
0.04	3.39373	2.41709e-17	0.0571092
0.05	3.08136	1.05722e-16	0.0867513
0.06	2.72621	2.26994e-16	0.120638
0.07	2.34255	3.83526e-16	0.157474
0.08	1.94578	5.66503e-16	0.195832
0.09	1.55181	7.64085e-16	0.234199
0.1	1.1764	9.62868e-16	0.27104
0.11	0.834548	1.14946e-15	0.304851
0.12	0.539857	1.31223e-15	0.334229
0.13	0.304017	1.44305e-15	0.357928
0.14	0.136318	1.53867e-15	0.374916
0.15	0.043286	1.60119e-15	0.384424
0.16	0.0284262	1.63723e-15	0.385979
0.17	0.0920907	1.65604e-15	0.379429
0.18	0.231473	1.66711e-15	0.364947
0.19	0.440733	1.67812e-15	0.343024
0.2	0.71124	1.694e-15	0.314443
0.21	1.03194	1.71732e-15	0.28024
0.22	1.3898	1.74933e-15	0.241658
0.23	1.77034	1.79106e-15	0.200087
0.24	2.15826	1.84362e-15	0.157003
0.25	2.538	1.90735e-15	0.113907
0.26	2.89444	1.98058e-15	0.0722655
0.27	3.21342	2.05859e-15	0.0334522
0.28	3.48242	2.13379e-15	-0.00129748
0.29	3.69095	2.19743e-15	-0.0309276
0.3	3.83103	2.24228e-15	-0.0545936
0.31	3.89747	2.26546e-15	-0.0716846
0.32	3.88807	2.27024e-15	-0.0818388
0.33	3.80368	2.2661e-15	-0.0849502
0.34	3.64818	2.26716e-15	-0.0811683
0.35	3.42825	2.28939e-15	-0.0708906
0.36	3.15314	2.34754e-15	-0.0547493
0.37	2.83423	2.45252e-15	-0.0335905
0.38	2.48459	2.60956e-15	-0.00844677
0.39	2.11842	2.8173e-15	0.0194966
0.4	1.75046	3.06767e-15	0.048942
0.41	1.39543	3.34654e-15	0.0785261
0.42	1.0674	3.6354e-15	0.10687
0.43	0.779231	3.9137e-15	0.132636
0.44	0.542088	4.16198e-15	0.154576
0.45	0.364982	4.36487e-15	0.171593
0.46	0.254431	4.51325e-15	0.18278
0.47	0.214226	4.60494e-15	0.187468
0.48	0.245296	4.64363e-15	0.18525
0.49	0.345702	4.63673e-15	0.176
0.5	0.51074	4.5929e-15	0.159878
0.51	0.73316	4.52046e-15	0.137318
0.52	1.00349	4.42706e-15	0.109006
0.53	1.31041	4.32037e-15	0.0758463
0.54	1.6413	4.20916e-15	0.0389132
0.55	1.98267	4.10349e-15	-0.000595728
0.56	2.32078	4.01378e-15	-0.041415
0.57	2.64219	3.94867e-15	-0.0822651
0.58	2.93427	3.91263e-15	-0.121904
0.59	3.18572	3.90452e-15	-0.159172
0.6	3.38702	3.91778e-15	-0.193035
0.61	3.53076	3.94248e-15	-0.222614
0.62	3.61196	3.96857e-15	-0.247209
0.63	3.62818	3.98926e-15	-0.266321
0.64	3.57964	4.00336e-15	-0.279655
0.65	3.46917	4.01619e-15	-0.287126
0.66	3.30201	4.03865e-15	-0.288856
0.67	3.08563	4.08519e-15	-0.285169
0.68	2.82936	4.1709e-15	-0.27657
0.69	2.544	4.30849e-15	-0.263735
0.7	2.24136	4.50536e-15	-0.247483
0.71	1.93376	4.76134e-15	-0.228751
0.72	1.63355	5.06748e-15	-0.20856
0.73	1.35257	5.40628e-15	-0.187982
0.74	1.10173	5.7538e-15	-0.168097
0.75	0.890536	6.08322e-15	-0.149953
0.76	0.726761	6.36922e-15	-0.134526
0.77	0.616143	6.59198e-15	-0.122678
0.78	0.562194	6.73948e-15	-0.11512
0.79	0.566089	6.80777e-15	-0.112385
0.8	0.626663	6.79914e-15	-0.114803
0.81	0.740496	6.71947e-15	-0.122492
0.82	0.90209	6.57586e-15	-0.13535
0.83	1.10413	6.37575e-15	-0.15307
0.84	1.33781	6.12758e-15	-0.175152
0.85	1.59323	5.84239e-15	-0.200937
0.86	1.85978	5.53507e-15	-0.229634
0.87	2.12662	5.22423e-15	-0.26036
0.88	2.38312	4.93024e-15	-0.292187
0.89	2.61927	4.67188e-15	-0.32417
0.9	2.82606	4.46278e-15	-0.355398
0.91	2.99588	4.30901e-15	-0.385017
0.92	3.12272	4.20857e-15	-0.412266
0.93	3.20246	4.15304e-15	-0.436495
0.94	3.23294	4.13079e-15	-0.457183
0.95	3.21404	4.13066e-15	-0.473951
0.96	3.1476	4.1453e-15	-0.486563
0.97	3.03737	4.1732e-15	-0.494933
0.98	2.88874	4.21926e-15	-0.499115
0.99	2.70853	4.29372e-15	-0.499302
1	2.50467	4.40961e-15	-0.495817
1.01	2.28587	4.57916e-15	-0.489095
1.02	2.06119	4.80972e-15	-0.479673
1.03	1.83975	5.10028e-15	-0.46817
1.04	1.63028	5.4394e-15	-0.455267
1.05	1.44082	5.80567e-15	-0.441682
1.06	1.2784	6.1706e-15	-0.428145
1.07	1.14877	6.5035e-15	-0.415372
1.08	1.05622	6.77675e-15	-0.404035
1.09	1.00342	6.97e-15	-0.394738
1.1	0.991377	7.07195e-15	-0.387993
1.11	1.01942	7.07938e-15	-0.384196
1.12	1.08528	6.99439e-15	-0.383618
1.13	1.18524	6.82133e-15	-0.38639
1.14	1.31431	6.56492e-15	-0.392505
1.15	1.46647	6.23045e-15	-0.401818
1.16	1.63495	5.82576e-15	-0.414062
1.17	1.81253	5.36381e-15	-0.428861
1.18	1.99186	4.86435e-15	-0.445754
1.19	2.16572	4.35336e-15	-0.464215
1.2	2.32736	3.86025e-15	-0.483681
1.21	2.47074	3.41331e-15	-0.503574
1.22	2.59077	3.03507e-15	-0.523329
1.23	2.68344	2.73866e-15	-0.542408
1.24	2.74603	2.52659e-15	-0.560323
1.25	2.77709	2.39174e-15	-0.576645
1.26	2.77653	2.32052e-15	-0.591017
1.27	2.74552	2.29707e-15	-0.603159
1.28	2.68643	2.30769e-15	-0.612872
1.29	2.60269	2.34429e-15	-0.620038
1.3	2.49859	2.4063e-15	-0.62462
1.31	2.37909	2.50034e-15	-0.626661
1.32	2.24957	2.63765e-15	-0.626277
1.33	2.11561	2.8296e-15	-0.623656
1.34	1.98274	3.08257e-15	-0.619047
1.35	1.85623	3.39353e-15	-0.612757
1.36	1.74085	3.74798e-15	-0.605136
1.37	1.64072	4.12098e-15	-0.59657
1.38	1.55916	4.48126e-15	-0.587465
1.39	1.49856	4.79712e-15	-0.578234
1.4	1.46038	5.04208e-15	-0.569282
1.41	1.44506	5.19855e-15	-0.560992
1.42	1.45209	5.25834e-15	-0.553707
1.43	1.48008	5.22047e-15	-0.547721
1.44	1.52683	5.08745e-15	-0.543269
1.45	1.58948	4.86219e-15	-0.540514
1.46	1.66468	4.54683e-15	-0.539553
1.47	1.7487	4.14408e-15	-0.540406
1.48	1.83769	3.66028e-15	-0.543028
1.49	1.92779	3.10866e-15	-0.547308
1.5	2.01531	2.51102e-15	-0.553086
1.51	2.09688	1.8969e-15	-0.560154
1.52	2.1696	1.3001e-15	-0.568273
1.53	2.23111	7.53575e-16	-0.577182
1.54	2.27966	2.84166e-16	-0.586611
1.55	2.31419	-9.15089e-17	-0.596285
1.56	2.33427	-3.68849e-16	-0.605935
1.57	2.34016	-5.54492e-16	-0.615306
1.58	2.33267	-6.63203e-16	-0.62416
1.59	2.31314	-7.13186e-16	-0.63228
1.6	2.28335	-7.20896e-16	-0.639472
1.61	2.24536	-6.96609e-16	-0.645573
1.62	2.20144	-6.41929e-16	-0.650448
1.63	2.15392	-5.50077e-16	-0.653994
1.64	2.10512	-4.0911e-16	-0.656146
1.65	2.05717	-2.07324e-16	-0.656873
1.66	2.01198	6.07472e-17	-0.656185
1.67	1.97115	3.89717e-16	-0.654132
1.68	1.9359	7.61795e-16	-0.650801
1.69	1.90707	1.14899e-15	-0.646319
1.7	1.88509	1.5184e-15	-0.640845
1.71	1.86997	1.83879e-15	-0.63457
1.72	1.86141	2.08617e-15	-0.627705
1.73	1.85877	2.24649e-15	-0.620477
1.74	1.86119	2.31506e-15	-0.613122
1.75	1.86763	2.29317e-15	-0.605872
1.76	1.87697	2.184e-15	-0.598954
1.77	1.88807	1.9896e-15	-0.592574
1.78	1.89988	1.71033e-15	-0.586917
1.79	1.91147	1.3468e-15	-0.582142
1.8	1.92208	9.03232e-16	-0.578375
1.81	1.93121	3.90722e-16	-0.57571
1.82	1.93857	-1.712e-16	-0.574206
1.83	1.94415	-7.55472e-16	-0.57389
1.84	1.94817	-1.33075e-15	-0.574753
1.85	1.95105	-1.8661e-15	-0.576756
1.86	1.95339	-2.33591e-15	-0.57983
1.87	1.95591	-2.7237e-15	-0.583877
1.88	1.95936	-3.02398e-15	-0.58877
1.89	1.96448	-3.24173e-15	-0.59436
1.9	1.97193	-3.38946e-15	-0.600474
1.91	1.98224	-3.48259e-15	-0.606919
1.92	1.99572	-3.53415e-15	-0.613489
1.93	2.01245	-3.55029e-15	-0.619969
1.94	2.03226	-3.52799e-15	-0.626137
1.95	2.05469	-3.45604e-15	-0.631779
1.96	2.07901	-3.31913e-15	-0.636689
1.97	2.10425	-3.10417e-15	-0.640684
1.98	2.12923	-2.80662e-15	-0.643605
1.99	2.15264	-2.4348e-15	-0.645331
2	2.17308	-2.01043e-15	-0.645782
2.01	2.18913	-1.56515e-15	-0.644923
2.02	2.1995	-1.13423e-15	-0.642767
2.03	2.20301	-7.49443e-16	-0.639377
2.04	2.19874	-4.33825e-16	-0.63486
2.05	2.1861	-1.99538e-16	-0.629367
2.06	2.16483	-4.92953e-17	-0.623085
2.07	2.1351	1.98584e-17	-0.61623
2.08	2.09749	1.22732e-17	-0.609039
2.09	2.05302	-6.92866e-17	-0.601761
2.1	2.0031	-2.24316e-16	-0.594647
2.11	1.94952	-4.53012e-16	-0.587942
2.12	1.89435	-7.53443e-16	-0.58188
2.13	1.83987	-1.11878e-15	-0.576671
2.14	1.78848	-1.53573e-15	-0.5725
2.15	1.7426	-1.98481e-15	-0.56952
2.16	1.70453	-2.44236e-15	-0.567843
2.17	1.67635	-2.88385e-15	-0.567544
2.18	1.65984	-3.28763e-15	-0.568653
2.19	1.65633	-3.63819e-15	-0.571153
2.2	1.66666	-3.9281e-15	-0.57498
2.21	1.69107	-4.15798e-15	-0.580025
2.22	1.72925	-4.33425e-15	-0.586132
2.23	1.78022	-4.46507e-15	-0.593106
2.24	1.84242	-4.55546e-15	-0.600713
2.25	1.91374	-4.60333e-15	-0.608694
2.26	1.99158	-4.59787e-15	-0.616768
2.27	2.07292	-4.52139e-15	-0.624646
2.28	2.15452	-4.35432e-15	-0.632042
2.29	2.23294	-4.08214e-15	-0.638686
2.3	2.3048	-3.70179e-15	-0.644336
2.31	2.36683	-3.22531e-15	-0.648788
2.32	2.4161	-2.67935e-15	-0.651887
2.33	2.45007	-2.10058e-15	-0.653537
2.34	2.4668	-1.52848e-15	-0.653698
2.35	2.46502	-9.97886e-16	-0.652398
2.36	2.44418	-5.33647e-16	-0.649723
2.37	2.40453	-1.48622e-16	-0.645817
2.38	2.34712	1.54839e-16	-0.640876
2.39	2.27379	3.81123e-16	-0.635132
2.4	2.1871	5.36967e-16	-0.628854
2.41	2.09026	6.28028e-16	-0.622324
2.42	1.98698	6.57281e-16	-0.615837
2.43	1.88138	6.25365e-16	-0.609681
2.44	1.77775	5.32318e-16	-0.604132
2.45	1.68044	3.79876e-16	-0.599443
2.46	1.59365	1.73487e-16	-0.595835
2.47	1.52125	-7.65792e-17	-0.593492
2.48	1.4666	-3.55445e-16	-0.592552
2.49	1.4324	-6.45203e-16	-0.593106
2.5	1.42057	-9.27582e-16	-0.595192
2.51	1.43215	-1.187e-15	-0.598794
2.52	1.46722	-1.41299e-15	-0.603838
2.53	1.52487	-1.601e-15	-0.610198
2.54	1.60325	-1.7509e-15	-0.617694
2.55	1.69961	-1.86346e-15	-0.6261
2.56	1.81035	-1.93588e-15	-0.635146
2.57	1.93125	-1.95815e-15	-0.644532
2.58	2.05753	-1.9121e-15	-0.653939
2.59	2.18411	-1.77397e-15	-0.663038
2.6	2.30578	-1.52025e-15	-0.671508
2.61	2.41743	-1.13504e-15	-0.679051
2.62	2.51427	-6.16443e-16	-0.685405
2.63	2.59201	2.02624e-17	-0.690357
2.64	2.64707	7.43908e-16	-0.693756
2.65	2.67675	1.51284e-15	-0.69552
2.66	2.67935	2.28271e-15	-0.695638
2.67	2.65423	3.01439e-15	-0.694177
2.68	2.60191	3.67967e-15	-0.69127
2.69	2.52403	4.26364e-15	-0.687117
2.7	2.42334	4.76359e-15	-0.68197
2.71	2.30353	5.1855e-15	-0.67612
2.72	2.1692	5.53931e-15	-0.669888
2.73	2.0256	5.83467e-15	-0.663605
2.74	1.87845	6.07791e-15	-0.657601
2.75	1.73373	6.27098e-15	-0.652189
2.76	1.59742	6.4122e-15	-0.647655
2.77	1.47525	6.49854e-15	-0.644247
2.78	1.37246	6.52854e-15	-0.642169
2.79	1.29359	6.50497e-15	-0.64157
2.8	1.24226	6.43628e-15	-0.642543
2.81	1.22102	6.33607e-15	-0.645124
2.82	1.23123	6.22075e-15	-0.649286
2.83	1.27298	6.10605e-15	-0.654941
2.84	1.34505	6.00385e-15	-0.661943
2.85	1.44498	5.92079e-15	-0.67009
2.86	1.56911	5.85952e-15	-0.679129
2.87	1.71274	5.82249e-15	-0.688766
2.88	1.87029	5.81659e-15	-0.698668
2.89	2.03554	5.85691e-15	-0.708483
2.9	2.20184	5.96727e-15	-0.717848
2.91	2.36242	6.17697e-15	-0.726407
2.92	2.51063	6.51417e-15	-0.733826
2.93	2.64024	6.99799e-15	-0.739808
2.94	2.74567	7.63194e-15	-0.744112
2.95	2.82228	8.40086e-15	-0.746563
2.96	2.8665	9.27257e-15	-0.747066
2.97	2.87608	1.02035e-14	-0.745612
2.98	2.85013	1.1147e-14	-0.742278
2.99	2.78919	1.20609e-14	-0.737231
3	2.69525	1.29143e-14	-0.730714
3.01	2.57169	1.36903e-14	-0.723039
3.02	2.42312	1.4385e-14	-0.714573
3.03	2.25525	1.50049e-14	-0.705715
3.04	2.07464	1.55615e-14	-0.696882
3.05	1.88849	1.60662e-14	-0.68849
3.06	1.7043	1.65264e-14	-0.680929
3.07	1.52959	1.69434e-14	-0.674554
3.08	1.3716	1.73131e-14	-0.669662
3.09	1.23699	1.7628e-14	-0.666491
3.1	1.13155	1.78822e-14	-0.665201
3.11	1.05996	1.8074e-14	-0.665877
3.12	1.02558	1.82087e-14	-0.668522
3.13	1.0303	1.8298e-14	-0.673063
3.14	1.07445	1.83565e-14	-0.679348
3.15	1.15675	1.83982e-14	-0.687155
3.16	1.27436	1.84323e-14	-0.696198
3.17	1.42296	1.84624e-14	-0.706136
3.18	1.59691	1.84886e-14	-0.716584
3.19	1.7895	1.85121e-14	-0.727122
3.2	1.99313	1.85408e-14	-0.737311
3.21	2.19968	1.85932e-14	-0.746709
3.22	2.40082	1.86987e-14	-0.754885
3.23	2.58832	1.88934e-14	-0.761439
3.24	2.7544	1.92126e-14	-0.766018
3.25	2.89205	1.96821e-14	-0.768334
3.26	2.99535	2.03118e-14	-0.768182
3.27	3.05967	2.10918e-14	-0.765448
3.28	3.08192	2.19945e-14	-0.760127
3.29	3.06068	2.29796e-14	-0.752319
3.3	2.99627	2.40021e-14	-0.742237
3.31	2.89077	2.50201e-14	-0.730196
3.32	2.74794	2.60011e-14	-0.716602
3.33	2.5731	2.69255e-14	-0.701941
3.34	2.37294	2.77865e-14	-0.686747
3.35	2.15524	2.85872e-14	-0.671591
3.36	1.9286	2.93358e-14	-0.657043
3.37	1.70208	3.00402e-14	-0.643652
3.38	1.48482	3.07041e-14	-0.631919
3.39	1.28572	3.13246e-14	-0.622277
3.4	1.11304	3.18931e-14	-0.615066
3.41	0.974059	3.23989e-14	-0.610525
3.42	0.874798	3.28334e-14	-0.60878
3.43	0.819727	3.31935e-14	-0.609838
3.44	0.811585	3.3484e-14	-0.613593
3.45	0.851246	3.37152e-14	-0.619827
3.46	0.937666	3.38995e-14	-0.62822
3.47	1.0679	3.40463e-14	-0.638364
3.48	1.23719	3.41594e-14	-0.649775
3.49	1.43917	3.42364e-14	-0.661912
3.5	1.66606	3.42729e-14	-0.674197
3.51	1.909	3.42681e-14	-0.68603
3.52	2.15839	3.42313e-14	-0.69681
3.53	2.40424	3.41854e-14	-0.70596
3.54	2.63662	3.41666e-14	-0.712943
3.55	2.84602	3.42189e-14	-0.717284
3.56	3.02376	3.43863e-14	-0.718591
3.57	3.16232	3.4704e-14	-0.716573
3.58	3.25572	3.51909e-14	-0.711055
3.59	3.29969	3.58466e-14	-0.701992
3.6	3.29194	3.66522e-14	-0.689476
3.61	3.23221	3.75747e-14	-0.673739
3.62	3.12237	3.85742e-14	-0.655151
3.63	2.96628	3.9611e-14	-0.634209
3.64	2.76974	4.06517e-14	-0.61152
3.65	2.54022	4.16727e-14	-0.58778
3.66	2.2866	4.2661e-14	-0.563742
3.67	2.01882	4.3612e-14	-0.540191
3.68	1.74748	4.45251e-14	-0.5179
3.69	1.48346	4.53996e-14	-0.497603
3.7	1.23742	4.62308e-14	-0.479957
3.71	1.01942	4.70087e-14	-0.465514
3.72	0.838501	4.772e-14	-0.454696
3.73	0.702288	4.83508e-14	-0.447773
3.74	0.616688	4.88917e-14	-0.444854
3.75	0.585633	4.93404e-14	-0.445886
3.76	0.6109	4.97016e-14	-0.45065
3.77	0.692018	4.99849e-14	-0.458777
3.78	0.826272	5.01998e-14	-0.469762
3.79	1.00878	5.03515e-14	-0.482985
3.8	1.23269	5.04387e-14	-0.497733
3.81	1.48941	5.04552e-14	-0.513231
3.82	1.76895	5.03946e-14	-0.528666
3.83	2.06032	5.02573e-14	-0.543219
3.84	2.35197	5.00562e-14	-0.55609
3.85	2.63221	4.98193e-14	-0.566527
3.86	2.88971	4.95887e-14	-0.573853
3.87	3.11397	4.94145e-14	-0.57749
3.88	3.2957	4.93471e-14	-0.576979
3.89	3.42728	4.94285e-14	-0.572004
3.9	3.50299	4.96859e-14	-0.562402
3.91	3.51934	5.01282e-14	-0.548183
3.92	3.47518	5.07461e-14	-0.529529
3.93	3.37175	5.15156e-14	-0.506797
3.94	3.21273	5.24034e-14	-0.480513
3.95	3.004	5.33734e-14	-0.451357
3.96	2.75353	5.43915e-14	-0.420143
3.97	2.47099	5.54297e-14	-0.387787
3.98	2.16744	5.64677e-14	-0.355275
3.99	1.85484	5.7491e-14	-0.32362
4	1.54562	5.84883e-14	-0.293821
4.01	1.25216	5.9448e-14	-0.266819
4.02	0.986317	6.03558e-14	-0.243454
4.03	0.758909	6.11943e-14	-0.224425
4.04	0.579301	6.19451e-14	-0.210262
4.05	0.45501	6.25923e-14	-0.201296
4.06	0.391391	6.31263e-14	-0.197651
4.07	0.391403	6.35455e-14	-0.199233
4.08	0.455481	6.38556e-14	-0.205737
4.09	0.581496	6.40655e-14	-0.216664
4.1	0.764825	6.41836e-14	-0.231337
4.11	0.99852	6.42135e-14	-0.248936
4.12	1.27358	6.41534e-14	-0.268527
4.13	1.57927	6.39981e-14	-0.289104
4.14	1.90359	6.37445e-14	-0.309619
4.15	2.23371	6.3397e-14	-0.32903
4.16	2.55649	6.29727e-14	-0.34633
4.17	2.859	6.25026e-14	-0.360584
4.18	3.12907	6.20298e-14	-0.370964
4.19	3.35574	6.16044e-14	-0.376772
4.2	3.52973	6.12766e-14	-0.377471
4.21	3.64382	6.10898e-14	-0.372698
4.22	3.69316	6.10752e-14	-0.36229
4.23	3.67544	6.12483e-14	-0.346284
4.24	3.59104	6.16085e-14	-0.32493
4.25	3.44301	6.21406e-14	-0.298683
4.26	3.23694	6.28191e-14	-0.268196
4.27	2.98079	6.36123e-14	-0.234304
4.28	2.68454	6.44875e-14	-0.197991
4.29	2.35983	6.54146e-14	-0.160364
4.3	2.01948	6.63676e-14	-0.122606
4.31	1.67699	6.73243e-14	-0.085932
4.32	1.34599	6.82643e-14	-0.0515382
4.33	1.03973	6.91667e-14	-0.0205499
4.34	0.770484	7.00085e-14	0.00602739
4.35	0.549114	7.07656e-14	0.0273541
4.36	0.384599	7.14153e-14	0.0427947
4.37	0.283673	7.19396e-14	0.0519468
4.38	0.250552	7.23284e-14	0.0546592
4.39	0.286753	7.25806e-14	0.0510386
4.4	0.39103	7.27024e-14	0.0414432
4.41	0.55941	7.27039e-14	0.0264657
4.42	0.785349	7.25948e-14	0.00690642
4.43	1.05999	7.23815e-14	-0.0162624
4.44	1.3725	7.20666e-14	-0.0419381
4.45	1.71052	7.16511e-14	-0.0689328
4.46	2.06065	7.11377e-14	-0.0960195
4.47	2.40898	7.05359e-14	-0.121979
4.48	2.74162	6.98644e-14	-0.145643
4.49	3.04533	6.91522e-14	-0.165935
4.5	3.30799	6.84373e-14	-0.181907
4.51	3.51908	6.77629e-14	-0.19277
4.52	3.67017	6.7173e-14	-0.197919
4.53	3.75519	6.67076e-14	-0.196957
4.54	3.77073	6.63983e-14	-0.189707
4.55	3.71611	6.62646e-14	-0.176224
4.56	3.5935	6.63131e-14	-0.156791
4.57	3.40776	6.6537e-14	-0.131923
4.58	3.16628	6.69184e-14	-0.102345
4.59	2.87866	6.74319e-14	-0.0689796
4.6	2.55637	6.80484e-14	-0.03291
4.61	2.21223	6.87386e-14	0.00465143
4.62	1.85995	6.94743e-14	0.0424106
4.63	1.51354	7.0229e-14	0.079041
4.64	1.18677	7.09759e-14	0.113238
4.65	0.892598	7.16869e-14	0.143774
4.66	0.642683	7.23323e-14	0.169553
4.67	0.446887	7.28821e-14	0.189656
4.68	0.312901	7.33094e-14	0.203387
4.69	0.245931	7.35939e-14	0.210303
4.7	0.2485	7.37245e-14	0.21023
4.71	0.320347	7.37004e-14	0.203274
4.72	0.458444	7.3529e-14	0.189814
4.73	0.65713	7.32227e-14	0.170478
4.74	0.908337	7.27952e-14	0.146119
4.75	1.20192	7.22589e-14	0.11777
4.76	1.52609	7.16237e-14	0.0866036
4.77	1.86785	7.08982e-14	0.0538778
4.78	2.21356	7.00918e-14	0.0208876
4.79	2.54948	6.92172e-14	-0.0110857
4.8	2.8623	6.8292e-14	-0.0408205
4.81	3.13969	6.73401e-14	-0.0671978
4.82	3.37079	6.63912e-14	-0.0892373
4.83	3.54664	6.54791e-14	-0.106129
4.84	3.66052	6.46401e-14	-0.117258
4.85	3.70822	6.39092e-14	-0.122221
4.86	3.6882	6.33166e-14	-0.120841
4.87	3.60161	6.28844e-14	-0.113175
4.88	3.45228	6.26236e-14	-0.0995076
4.89	3.24651	6.25336e-14	-0.0803493
4.9	2.9928	6.26026e-14	-0.0564199
4.91	2.70155	6.28104e-14	-0.0286269
4.92	2.38455	6.31319e-14	0.00196421
4.93	2.05456	6.35396e-14	0.0341665
4.94	1.72478	6.40051e-14	0.0667153
4.95	1.40828	6.4499e-14	0.0983169
4.96	1.11755	6.49901e-14	0.127701
4.97	0.863902	6.54448e-14	0.153673
4.98	0.657121	6.58276e-14	0.175166
4.99	0.505024	6.61041e-14	0.191289
5	0.413184	6.62443e-14	0.201362
5.01	0.384721	6.62265e-14	0.204952
5.02	0.420198	6.60397e-14	0.201883
5.03	0.517617	6.56841e-14	0.192249
5.04	0.672528	6.5169e-14	0.1764
5.05	0.878227	6.45102e-14	0.154927
5.06	1.12605	6.37261e-14	0.128628
5.07	1.40573	6.28354e-14	0.0984727
5.08	1.70584	6.18555e-14	0.0655533
5.09	2.01426	6.08023e-14	0.0310408
5.1	2.31866	5.96908e-14	-0.00386506
5.11	2.60702	5.85364e-14	-0.0379822
5.12	2.8681	5.7356e-14	-0.0701892
5.13	3.09185	5.61696e-14	-0.0994628
5.14	3.26987	5.50006e-14	-0.12491
5.15	3.39567	5.38764e-14	-0.145796
5.16	3.46494	5.28273e-14	-0.161559
5.17	3.47566	5.18838e-14	-0.171833
5.18	3.42819	5.10736e-14	-0.176446
5.19	3.32523	5.04175e-14	-0.175433
5.2	3.17162	4.99265e-14	-0.169028
5.21	2.97418	4.96006e-14	-0.157658
5.22	2.74139	4.94295e-14	-0.141931
5.23	2.48299	4.93947e-14	-0.122612
5.24	2.20963	4.94725e-14	-0.100606
5.25	1.93236	4.96359e-14	-0.0769179
5.26	1.66224	4.98557e-14	-0.05262
5.27	1.40986	5.01001e-14	-0.0288102
5.28	1.1849	5.03343e-14	-0.00656811
5.29	0.995824	5.05207e-14	0.0130902
5.3	0.849483	5.06212e-14	0.0292548
5.31	0.750911	5.05996e-14	0.0411608
5.32	0.703139	5.04265e-14	0.0482211
5.33	0.707111	5.00818e-14	0.0500501
5.34	0.761684	4.95571e-14	0.0464778
5.35	0.863709	4.8855e-14	0.0375528
5.36	1.0082	4.79875e-14	0.0235349
5.37	1.18858	4.69733e-14	0.00487766
5.38	1.39696	4.58345e-14	-0.0177981
5.39	1.62449	4.45945e-14	-0.0437365
5.4	1.86176	4.32768e-14	-0.0720835
5.41	2.09915	4.19034e-14	-0.101925
5.42	2.32726	4.04953e-14	-0.132327
5.43	2.53729	3.9072e-14	-0.162369
5.44	2.72134	3.76531e-14	-0.191177
5.45	2.87276	3.62588e-14	-0.217951
5.46	2.98635	3.49111e-14	-0.241989
5.47	3.05858	3.36346e-14	-0.262705
5.48	3.08765	3.24552e-14	-0.279639
5.49	3.07353	3.1398e-14	-0.29247
5.5	3.01795	3.04841e-14	-0.30102
5.51	2.92424	2.97273e-14	-0.305257
5.52	2.79717	2.91321e-14	-0.305293
5.53	2.64272	2.86929e-14	-0.30138
5.54	2.4678	2.83956e-14	-0.293901
5.55	2.27995	2.82194e-14	-0.283359
5.56	2.08698	2.81393e-14	-0.270362
5.57	1.89669	2.81274e-14	-0.255597
5.58	1.71652	2.8153e-14	-0.23981
5.59	1.55325	2.81826e-14	-0.223774
5.6	1.41278	2.81798e-14	-0.20826
5.61	1.29988	2.81067e-14	-0.194005
5.62	1.21805	2.79264e-14	-0.181682
5.63	1.1694	2.76068e-14	-0.17187
5.64	1.15463	2.71236e-14	-0.165034
5.65	1.17306	2.64629e-14	-0.161506
5.66	1.22266	2.56213e-14	-0.161477
5.67	1.30026	2.46052e-14	-0.164991
5.68	1.40163	2.34291e-14	-0.171956
5.69	1.52178	2.21129e-14	-0.182151
5.7	1.65517	2.06802e-14	-0.195246
5.71	1.79593	1.91574e-14	-0.21082
5.72	1.93817	1.75717e-14	-0.228387
5.73	2.0762	1.59509e-14	-0.247418
5.74	2.20476	1.43219e-14	-0.267363
5.75	2.31924	1.27106e-14	-0.287672
5.76	2.41582	1.11414e-14	-0.307809
5.77	2.49162	9.63788e-15	-0.32727
5.78	2.54473	8.22281e-15	-0.345591
5.79	2.57433	6.91815e-15	-0.362358
5.8	2.58058	5.74387e-15	-0.377213
5.81	2.5646	4.71604e-15	-0.389862
5.82	2.52839	3.84452e-15	-0.400076
5.83	2.47464	3.13122e-15	-0.4077
5.84	2.40663	2.56956e-15	-0.412651
5.85	2.32802	2.1453e-15	-0.414928
5.86	2.24266	1.83844e-15	-0.414606
5.87	2.15445	1.6251e-15	-0.411839
5.88	2.06709	1.47886e-15	-0.406854
5.89	1.98399	1.37114e-15	-0.399947
5.9	1.90812	1.27092e-15	-0.391469
5.91	1.84187	1.14478e-15	-0.381811
5.92	1.78703	9.57803e-16	-0.371396
5.93	1.74471	6.75842e-16	-0.360653
5.94	1.71536	2.68564e-16	-0.350004
5.95	1.6988	-2.87489e-16	-0.339848
5.96	1.6943	-1.00686e-15	-0.330542
5.97	1.7006	-1.89467e-15	-0.322398
5.98	1.71611	-2.94751e-15	-0.315669
5.99	1.73894	-4.15514e-15	-0.310547
6	1.76711	-5.50211e-15	-0.307166
6.01	1.7986	-6.96886e-15	-0.3056
6.02	1.8315	-8.53218e-15	-0.305874
6.03	1.86412	-1.01655e-14	-0.307965
6.04	1.89506	-1.18395e-14	-0.311812
6.05	1.92327	-1.35227e-14	-0.317316
6.06	1.94809	-1.51837e-14	-0.32435
6.07	1.96925	-1.67919e-14	-0.332757
6.08	1.98686	-1.83189e-14	-0.342351
6.09	2.00135	-1.97396e-14	-0.352919
6.1	2.01343	-2.10329e-14	-0.364218
6.11	2.02401	-2.21819e-14	-0.37598
6.12	2.03406	-2.31757e-14	-0.387911
6.13	2.04458	-2.40099e-14	-0.399697
6.14	2.05646	-2.46873e-14	-0.411012
6.15	2.07041	-2.52184e-14	-0.421527
6.16	2.08688	-2.56191e-14	-0.430921
6.17	2.10599	-2.59099e-14	-0.438896
6.18	2.12752	-2.61136e-14	-0.445187
6.19	2.15087	-2.62545e-14	-0.449575
6.2	2.1751	-2.63582e-14	-0.4519
6.21	2.19895	-2.64526e-14	-0.452063
6.22	2.22091	-2.65674e-14	-0.450033
6.23	2.2393	-2.67345e-14	-0.445849
6.24	2.2524	-2.69849e-14	-0.439615
6.25	2.2585	-2.73464e-14	-0.431496
6.26	2.25609	-2.78402e-14	-0.42171
6.27	2.24389	-2.84787e-14	-0.410524
6.28	2.22106	-2.92655e-14	-0.39824
6.29	2.18718	-3.01964e-14	-0.385191
6.3	2.1424	-3.12617e-14	-0.371733
6.31	2.08744	-3.24483e-14	-0.358236
6.32	2.02363	-3.37406e-14	-0.34508
6.33	1.95285	-3.51207e-14	-0.332642
6.34	1.87755	-3.65676e-14	-0.321298
6.35	1.80058	-3.80565e-14	-0.311404
6.36	1.72514	-3.95589e-14	-0.303291
6.37	1.65465	-4.10439e-14	-0.297252
6.38	1.59253	-4.24796e-14	-0.293531
6.39	1.54211	-4.38355e-14	-0.292305
6.4	1.50641	-4.50845e-14	-0.293674
6.41	1.48802	-4.6204e-14	-0.297651
6.42	1.48889	-4.71777e-14	-0.304152
6.43	1.51027	-4.79963e-14	-0.312992
6.44	1.55253	-4.86577e-14	-0.323891
6.45	1.61518	-4.91672e-14	-0.336471
6.46	1.69678	-4.95367e-14	-0.350278
6.47	1.79497	-4.97826e-14	-0.364793
6.48	1.90654	-4.9924e-14	-0.379454
6.49	2.02753	-4.99811e-14	-0.393683
6.5	2.15335	-4.99742e-14	-0.406904
6.51	2.27899	-4.99244e-14	-0.418576
6.52	2.39921	-4.98549e-14	-0.428208
6.53	2.50873	-4.97919e-14	-0.435383
6.54	2.60251	-4.97646e-14	-0.439772
6.55	2.67597	-4.98035e-14	-0.441147
6.56	2.72518	-4.99366e-14	-0.439385
6.57	2.7471	-5.01859e-14	-0.434475
6.58	2.73972	-5.05646e-14	-0.426513
6.59	2.7022	-5.10756e-14	-0.415703
6.6	2.63494	-5.17134e-14	-0.402345
6.61	2.53963	-5.24662e-14	-0.386831
6.62	2.41919	-5.33191e-14	-0.369633
6.63	2.27773	-5.42567e-14	-0.351288
6.64	2.12035	-5.52632e-14	-0.332389
6.65	1.95302	-5.63223e-14	-0.313564
6.66	1.78232	-5.7416e-14	-0.295459
6.67	1.61519	-5.8523e-14	-0.278717
6.68	1.45861	-5.96195e-14	-0.263956
6.69	1.31936	-6.06792e-14	-0.251742
6.7	1.20367	-6.16757e-14	-0.242569
6.71	1.11697	-6.25838e-14	-0.236831
6.72	1.06365	-6.33815e-14	-0.234804
6.73	1.04681	-6.40519e-14	-0.236628
6.74	1.0681	-6.45841e-14	-0.242292
6.75	1.12764	-6.49742e-14	-0.251636
6.76	1.22397	-6.52253e-14	-0.264345
6.77	1.35402	-6.53461e-14	-0.279965
6.78	1.51329	-6.53497e-14	-0.297918
6.79	1.69592	-6.52508e-14	-0.317526
6.8	1.89496	-6.50643e-14	-0.338039
6.81	2.10262	-6.48043e-14	-0.358673
6.82	2.31056	-6.4485e-14	-0.378635
6.83	2.51028	-6.41232e-14	-0.397166
6.84	2.69341	-6.374e-14	-0.413566
6.85	2.8521	-6.33619e-14	-0.427223
6.86	2.97936	-6.30201e-14	-0.43764
6.87	3.06937	-6.27466e-14	-0.444446
6.88	3.11771	-6.25699e-14	-0.447409
6.89	3.12164	-6.251e-14	-0.446446
6.9	3.08018	-6.2576e-14	-0.441617
6.91	2.99421	-6.27656e-14	-0.433126
6.92	2.86648	-6.30672e-14	-0.421309
6.93	2.70151	-6.34636e-14	-0.406626
6.94	2.50541	-6.39354e-14	-0.389641
6.95	2.28572	-6.44636e-14	-0.37101
6.96	2.05105	-6.50308e-14	-0.351457
6.97	1.81076	-6.56209e-14	-0.331752
6.98	1.5746	-6.62182e-14	-0.312685
6.99	1.35229	-6.68065e-14	-0.295041
7	1.15313	-6.73688e-14	-0.279567
7.01	0.985593	-6.78872e-14	-0.266949
7.02	0.856967	-6.83434e-14	-0.257776
7.03	0.77304	-6.872e-14	-0.252519
7.04	0.737833	-6.90013e-14	-0.251503
7.05	0.753414	-6.91748e-14	-0.254895
7.06	0.819785	-6.92326e-14	-0.262685
7.07	0.934856	-6.91722e-14	-0.274687
7.08	1.09451	-6.89961e-14	-0.290543
7.09	1.29273	-6.87109e-14	-0.309735
7.1	1.52186	-6.83249e-14	-0.331607
7.11	1.77288	-6.78462e-14	-0.355394
7.12	2.03575	-6.72815e-14	-0.380257
7.13	2.29987	-6.6637e-14	-0.405316
7.14	2.55444	-6.59206e-14	-0.429694
7.15	2.78896	-6.51456e-14	-0.452553
7.16	2.99365	-6.43333e-14	-0.473128
7.17	3.15985	-6.35134e-14	-0.49076
7.18	3.28041	-6.27218e-14	-0.504918
7.19	3.34999	-6.1996e-14	-0.515218
7.2	3.36529	-6.13686e-14	-0.521435
7.21	3.32521	-6.08624e-14	-0.523503
7.22	3.23093	-6.04871e-14	-0.521519
7.23	3.08587	-6.02388e-14	-0.51573
7.24	2.89554	-6.01029e-14	-0.506523
7.25	2.66738	-6.00574e-14	-0.494407
7.26	2.41044	-6.00775e-14	-0.479998
7.27	2.13499	-6.01391e-14	-0.463992
7.28	1.85219	-6.02207e-14	-0.447144
7.29	1.57352	-6.03047e-14	-0.430243
7.3	1.31043	-6.03772e-14	-0.414084
7.31	1.07376	-6.04271e-14	-0.399442
7.32	0.873353	-6.04449e-14	-0.387042
7.33	0.717632	-6.04214e-14	-0.377531
7.34	0.613226	-6.03468e-14	-0.371455
7.35	0.564701	-6.021e-14	-0.369232
7.36	0.574351	-5.99997e-14	-0.371131
7.37	0.642096	-5.97052e-14	-0.377262
7.38	0.76547	-5.93191e-14	-0.387562
7.39	0.93971	-5.88374e-14	-0.401798
7.4	1.15794	-5.82604e-14	-0.419572
7.41	1.41144	-5.75904e-14	-0.440337
7.42	1.69	-5.68301e-14	-0.463422
7.43	1.98236	-5.59802e-14	-0.488056
7.44	2.27659	-5.50397e-14	-0.513409
7.45	2.5607	-5.40073e-14	-0.538628
7.46	2.823	-5.28855e-14	-0.562874
7.47	3.05269	-5.16852e-14	-0.585361
7.48	3.24027	-5.04286e-14	-0.605391
7.49	3.37791	-4.91491e-14	-0.622379
7.5	3.45981	-4.78887e-14	-0.635881
7.51	3.48244	-4.66913e-14	-0.645603
7.52	3.44471	-4.55962e-14	-0.651413
7.53	3.34796	-4.46314e-14	-0.653337
7.54	3.196	-4.38096e-14	-0.651555
7.55	2.9949	-4.31281e-14	-0.646384
7.56	2.75275	-4.257e-14	-0.638268
7.57	2.47935	-4.21093e-14	-0.627749
7.58	2.18583	-4.17152e-14	-0.615449
7.59	1.88414	-4.13574e-14	-0.602048
7.6	1.58662	-4.10101e-14	-0.588252
7.61	1.30542	-4.0654e-14	-0.574777
7.62	1.0521	-4.02769e-14	-0.562317
7.63	0.837054	-3.98731e-14	-0.551526
7.64	0.669147	-3.94399e-14	-0.542992
7.65	0.555316	-3.89753e-14	-0.537216
7.66	0.500293	-3.84753e-14	-0.534594
7.67	0.506402	-3.79327e-14	-0.5354
7.68	0.573468	-3.73381e-14	-0.53977
7.69	0.698811	-3.66817e-14	-0.547698
7.7	0.877362	-3.59558e-14	-0.559028
7.71	1.10187	-3.51568e-14	-0.573461
7.72	1.36317	-3.42839e-14	-0.590561
7.73	1.65062	-3.33377e-14	-0.609775
7.74	1.95247	-3.2317e-14	-0.630453
7.75	2.25639	-3.12169e-14	-0.651878
7.76	2.54994	-3.0029e-14	-0.673298
7.77	2.82112	-2.87448e-14	-0.693962
7.78	3.05882	-2.73607e-14	-0.713154
7.79	3.25334	-2.58833e-14	-0.730226
7.8	3.3967	-2.43333e-14	-0.744631
7.81	3.48305	-2.27456e-14	-0.755943
7.82	3.50886	-2.11654e-14	-0.763879
7.83	3.47308	-1.96415e-14	-0.768304
7.84	3.37719	-1.82188e-14	-0.769237
7.85	3.22514	-1.69302e-14	-0.766843
7.86	3.02314	-1.57927e-14	-0.761422
7.87	2.77949	-1.48051e-14	-0.753386
7.88	2.50417	-1.39501e-14	-0.743247
7.89	2.20843	-1.3199e-14	-0.731581
7.9	1.90438	-1.25172e-14	-0.71901
7.91	1.60446	-1.18712e-14	-0.706172
7.92	1.3209	-1.12331e-14	-0.693699
7.93	1.06528	-1.05849e-14	-0.68219
7.94	0.848018	-9.9182e-15	-0.672196
7.95	0.677945	-9.23226e-15	-0.664199
7.96	0.56196	-8.53017e-15	-0.658593
7.97	0.504741	-7.81431e-15	-0.655679
7.98	0.508558	-7.0833e-15	-0.655646
7.99	0.573181	-6.33122e-15	-0.658568
8	0.695897	-5.54919e-15	-0.6644
8.01	0.871622	-4.72855e-15	-0.672977
8.02	1.09312	-3.8637e-15	-0.684015
8.03	1.35127	-2.95325e-15	-0.697121
8.04	1.63552	-1.99855e-15	-0.711808
8.05	1.93421	-1.00027e-15	-0.727506
8.06	2.23515	4.53758e-17	-0.743593
8.07	2.52606	1.14886e-15	-0.759416
8.08	2.7951	2.32632e-15	-0.774319
8.09	3.03134	3.59528e-15	-0.78768
8.1	3.22521	4.96812e-15	-0.798932
8.11	3.36889	6.44552e-15	-0.807601
8.12	3.45662	8.01215e-15	-0.813322
8.13	3.48492	9.63621e-15	-0.815861
8.14	3.45276	1.12731e-14	-0.815128
8.15	3.36156	1.28726e-14	-0.811177
8.16	3.21515	1.43869e-14	-0.804207
8.17	3.01961	1.5779e-14	-0.794548
8.18	2.78299	1.70282e-14	-0.782642
8.19	2.51499	1.81322e-14	-0.769022
8.2	2.2266	1.9106e-14	-0.754286
8.21	1.92956	1.99767e-14	-0.739065
8.22	1.63598	2.07773e-14	-0.723995
8.23	1.35778	2.15392e-14	-0.709691
8.24	1.10623	2.22861e-14	-0.696719
8.25	0.89147	2.30313e-14	-0.685576
8.26	0.722149	2.37775e-14	-0.676675
8.27	0.605025	2.45206e-14	-0.670324
8.28	0.544727	2.52542e-14	-0.666728
8.29	0.543561	2.59752e-14	-0.665973
8.3	0.601428	2.66854e-14	-0.668034
8.31	0.715834	2.73921e-14	-0.67277
8.32	0.881996	2.81047e-14	-0.679935
8.33	1.09305	2.88306e-14	-0.689182
8.34	1.34032	2.95728e-14	-0.700077
8.35	1.61371	3.03298e-14	-0.71211
8.36	1.90207	3.1098e-14	-0.724716
8.37	2.1937	3.18773e-14	-0.737288
8.38	2.47679	3.2675e-14	-0.749209
8.39	2.7399	3.35078e-14	-0.759868
8.4	2.97246	3.44004e-14	-0.768689
8.41	3.16516	3.53798e-14	-0.775159
8.42	3.31032	3.64678e-14	-0.778849
8.43	3.40222	3.76736e-14	-0.779439
8.44	3.43731	3.8989e-14	-0.776735
8.45	3.41432	4.03877e-14	-0.770683
8.46	3.33438	4.18287e-14	-0.761375
8.47	3.20087	4.32628e-14	-0.749046
8.48	3.01933	4.46415e-14	-0.734066
8.49	2.79724	4.5925e-14	-0.716926
8.5	2.54367	4.70881e-14	-0.698213
8.51	2.26893	4.81233e-14	-0.678585
8.52	1.98414	4.90392e-14	-0.658736
8.53	1.7008	4.98567e-14	-0.639367
8.54	1.43031	5.06011e-14	-0.621153
8.55	1.18349	5.12958e-14	-0.604712
8.56	0.970189	5.19565e-14	-0.590579
8.57	0.798868	5.25888e-14	-0.579185
8.58	0.676263	5.31896e-14	-0.570839
8.59	0.607129	5.37518e-14	-0.565725
8.6	0.594057	5.42693e-14	-0.563888
8.61	0.637376	5.47414e-14	-0.565244
8.62	0.735148	5.51743e-14	-0.569583
8.63	0.883262	5.5579e-14	-0.57658
8.64	1.0756	5.59672e-14	-0.585806
8.65	1.30431	5.63474e-14	-0.596749
8.66	1.56008	5.67222e-14	-0.608829
8.67	1.8326	5.70898e-14	-0.621417
8.68	2.11089	5.74476e-14	-0.633861
8.69	2.38381	5.77978e-14	-0.645502
8.7	2.64047	5.8152e-14	-0.655699
8.71	2.87068	5.85322e-14	-0.663855
8.72	3.06536	5.89688e-14	-0.669438
8.73	3.21687	5.94943e-14	-0.672001
8.74	3.31935	6.0136e-14	-0.671209
8.75	3.3689	6.09082e-14	-0.666849
8.76	3.36377	6.18079e-14	-0.658849
8.77	3.30439	6.28137e-14	-0.647284
8.78	3.19335	6.38887e-14	-0.632376
8.79	3.03529	6.49864e-14	-0.614495
8.8	2.8367	6.60589e-14	-0.594138
8.81	2.60565	6.70648e-14	-0.571919
8.82	2.35148	6.79747e-14	-0.548536
8.83	2.08438	6.87751e-14	-0.524747
8.84	1.81502	6.94668e-14	-0.50133
8.85	1.55411	7.00612e-14	-0.479055
8.86	1.31196	7.05737e-14	-0.458642
8.87	1.09808	7.10176e-14	-0.440735
8.88	0.92083	7.1399e-14	-0.425872
8.89	0.787053	7.17162e-14	-0.414461
8.9	0.701839	7.19622e-14	-0.406769
8.91	0.668325	7.21292e-14	-0.402911
8.92	0.687581	7.22143e-14	-0.402848
8.93	0.758581	7.2222e-14	-0.406393
8.94	0.878256	7.21652e-14	-0.413224
8.95	1.04162	7.20612e-14	-0.422896
8.96	1.242	7.19272e-14	-0.434862
8.97	1.47129	7.17762e-14	-0.448496
8.98	1.72027	7.16151e-14	-0.463112
8.99	1.97903	7.14458e-14	-0.477993
9	2.23729	7.12699e-14	-0.492412
9.01	2.48489	7.10931e-14	-0.505658
9.02	2.71213	7.09291e-14	-0.517058
9.03	2.91017	7.08008e-14	-0.526001
9.04	3.07139	7.07373e-14	-0.531961
9.05	3.18966	7.07692e-14	-0.534514
9.06	3.26058	7.09219e-14	-0.533358
9.07	3.28165	7.12092e-14	-0.528327
9.08	3.25235	7.16298e-14	-0.5194
9.09	3.17414	7.21654e-14	-0.506709
9.1	3.0504	7.27831e-14	-0.490537
9.11	2.88627	7.34404e-14	-0.471309
9.12	2.68845	7.40918e-14	-0.449584
9.13	2.46493	7.4696e-14	-0.426028
9.14	2.22464	7.52217e-14	-0.401395
9.15	1.97709	7.56506e-14	-0.376489
9.16	1.73204	7.59771e-14	-0.352138
9.17	1.49906	7.62042e-14	-0.32915
9.18	1.28717	7.63383e-14	-0.308284
9.19	1.10453	7.63832e-14	-0.290212
9.2	0.958046	7.6337e-14	-0.275497
9.21	0.853185	7.61924e-14	-0.264565
9.22	0.793729	7.59395e-14	-0.257688
9.23	0.781656	7.55717e-14	-0.25498
9.24	0.81707	7.50898e-14	-0.256393
9.25	0.898219	7.45048e-14	-0.261722
9.26	1.02157	7.38368e-14	-0.270619
9.27	1.18199	7.31113e-14	-0.282606
9.28	1.37291	7.23538e-14	-0.297102
9.29	1.58665	7.15855e-14	-0.313442
9.3	1.81469	7.08214e-14	-0.330902
9.31	2.04804	7.00709e-14	-0.348729
9.32	2.27758	6.93408e-14	-0.366163
9.33	2.49442	6.8639e-14	-0.382466
9.34	2.69024	6.79778e-14	-0.396941
9.35	2.85764	6.73746e-14	-0.40896
9.36	2.99038	6.68508e-14	-0.417982
9.37	3.08364	6.64286e-14	-0.42357
9.38	3.13417	6.61264e-14	-0.425413
9.39	3.14044	6.59542e-14	-0.423333
9.4	3.10264	6.59101e-14	-0.417299
9.41	3.02268	6.59782e-14	-0.407426
9.42	2.90409	6.61301e-14	-0.393979
9.43	2.75186	6.63278e-14	-0.377364
9.44	2.57223	6.65291e-14	-0.358116
9.45	2.37245	6.66948e-14	-0.336878
9.46	2.16045	6.67932e-14	-0.314381
9.47	1.94457	6.68036e-14	-0.291411
9.48	1.73318	6.67161e-14	-0.26878
9.49	1.53438	6.65275e-14	-0.247288
9.5	1.35571	6.62369e-14	-0.227695
9.51	1.2038	6.58405e-14	-0.210685
9.52	1.08419	6.53299e-14	-0.196837
9.53	1.00108	6.46928e-14	-0.186607
9.54	0.957228	6.39173e-14	-0.180305
9.55	0.953808	6.29975e-14	-0.178088
9.56	0.990428	6.19377e-14	-0.179958
9.57	1.06515	6.07544e-14	-0.185764
9.58	1.1746	5.9475e-14	-0.195212
9.59	1.31409	5.81336e-14	-0.207881
9.6	1.47785	5.67654e-14	-0.223243
9.61	1.65926	5.54019e-14	-0.240683
9.62	1.8511	5.40683e-14	-0.259525
9.63	2.04589	5.27819e-14	-0.279058
9.64	2.2361	5.15548e-14	-0.298556
9.65	2.41454	5.03955e-14	-0.317308
9.66	2.57457	4.93123e-14	-0.334635
9.67	2.71036	4.83149e-14	-0.349916
9.68	2.81711	4.74153e-14	-0.362605
9.69	2.89122	4.66265e-14	-0.372252
9.7	2.93042	4.59603e-14	-0.378512
9.71	2.93381	4.5423e-14	-0.381163
9.72	2.90187	4.50123e-14	-0.380112
9.73	2.83645	4.47144e-14	-0.375402
9.74	2.74064	4.45033e-14	-0.36721
9.75	2.61863	4.43437e-14	-0.355843
9.76	2.47554	4.41952e-14	-0.341731
9.77	2.31722	4.4019e-14	-0.325406
9.78	2.14994	4.37824e-14	-0.307491
9.79	1.98024	4.34625e-14	-0.288666
9.8	1.81456	4.30452e-14	-0.269648
9.81	1.65911	4.25226e-14	-0.251159
9.82	1.51952	4.18874e-14	-0.233898
9.83	1.40073	4.11299e-14	-0.218507
9.84	1.30675	4.02362e-14	-0.205554
9.85	1.24058	3.91904e-14	-0.195505
9.86	1.20406	3.79795e-14	-0.188709
9.87	1.19789	3.65985e-14	-0.185388
9.88	1.22157	3.5055e-14	-0.185631
9.89	1.27349	3.33706e-14	-0.189397
9.9	1.35102	3.15793e-14	-0.196516
9.91	1.45061	2.97231e-14	-0.206709
9.92	1.56798	2.78464e-14	-0.219593
9.93	1.69829	2.59906e-14	-0.234705
9.94	1.83635	2.41899e-14	-0.251517
9.95	1.97682	2.24695e-14	-0.269456
9.96	2.11442	2.08459e-14	-0.287925
9.97	2.24416	1.93288e-14	-0.306322
9.98	2.36146	1.79244e-14	-0.324057
9.99	2.46239	1.66378e-14	-0.34057
10	2.54372	1.54759e-14	-0.355348
10.01	2.60309	1.44471e-14	-0.367941
10.02	2.63902	1.356e-14	-0.377974
10.03	2.65098	1.28189e-14	-0.385158
10.04	2.63933	1.22202e-14	-0.389306
10.05	2.60529	1.17485e-14	-0.39033
10.06	2.55089	1.13757e-14	-0.388255
10.07	2.47881	1.10633e-14	-0.383212
10.08	2.3923	1.07672e-14	-0.375438
10.09	2.295	1.04445e-14	-0.365265
10.1	2.1908	1.00587e-14	-0.35311
10.11	2.08366	9.58256e-15	-0.339457
10.12	1.97751	8.99777e-15	-0.324836
10.13	1.87604	8.29148e-15	-0.309808
10.14	1.78261	7.4521e-15	-0.294933
10.15	1.70013	6.46607e-15	-0.280758
10.16	1.63098	5.31739e-15	-0.267786
10.17	1.57693	3.9901e-15	-0.256469
10.18	1.53912	2.47297e-15	-0.247182
10.19	1.51808	7.64591e-16	-0.240223
10.2	1.51369	-1.12294e-15	-0.235797
10.21	1.52526	-3.16289e-15	-0.234021
10.22	1.5516	-5.31581e-15	-0.234921
10.23	1.59106	-7.53377e-15	-0.238436
10.24	1.64166	-9.76594e-15	-0.244428
10.25	1.70117	-1.19641e-14	-0.252686
10.26	1.7672	-1.4087e-14	-0.262935
10.27	1.83733	-1.61033e-14	-0.274851
10.28	1.90914	-1.79911e-14	-0.288062
10.29	1.98038	-1.97371e-14	-0.302167
10.3	2.04896	-2.13328e-14	-0.316739
10.31	2.11304	-2.27712e-14	-0.331341
10.32	2.17109	-2.40447e-14	-0.345532
10.33	2.22187	-2.51445e-14	-0.358882
10.34	2.26447	-2.60633e-14	-0.370985
10.35	2.29827	-2.67995e-14	-0.381469
10.36	2.32298	-2.73621e-14	-0.390007
10.37	2.33853	-2.77742e-14	-0.396336
10.38	2.34513	-2.8073e-14	-0.400257
10.39	2.34313	-2.8307e-14	-0.40165
10.4	2.33307	-2.85292e-14	-0.400476
10.41	2.31556	-2.87901e-14	-0.396779
10.42	2.2913	-2.91328e-14	-0.390687
10.43	2.26104	-2.95892e-14	-0.382399
10.44	2.22553	-3.01816e-14	-0.372186
10.45	2.18554	-3.09256e-14	-0.360371
10.46	2.14183	-3.18343e-14	-0.347322
10.47	2.09517	-3.29203e-14	-0.333435
10.48	2.04632	-3.41966e-14	-0.319122
10.49	1.99606	-3.56737e-14	-0.304797
10.5	1.94521	-3.73562e-14	-0.290863
10.51	1.89462	-3.92385e-14	-0.277705
10.52	1.84521	-4.13022e-14	-0.265678
10.53	1.79797	-4.3516e-14	-0.255103
10.54	1.75392	-4.58371e-14	-0.24626
10.55	1.71418	-4.8215e-14	-0.239382
10.56	1.67988	-5.05968e-14	-0.234652
10.57	1.65217	-5.29312e-14	-0.2322
10.58	1.63218	-5.51733e-14	-0.232091
10.59	1.62099	-5.72867e-14	-0.234332
10.6	1.61952	-5.92443e-14	-0.238857
10.61	1.62854	-6.10266e-14	-0.245531
10.62	1.6486	-6.26191e-14	-0.254146
10.63	1.67994	-6.40096e-14	-0.264424
10.64	1.72246	-6.51866e-14	-0.276021
10.65	1.7757	-6.61403e-14	-0.288533
10.66	1.83877	-6.68659e-14	-0.301509
10.67	1.91037	-6.73684e-14	-0.314467
10.68	1.98877	-6.7667e-14	-0.326908
10.69	2.07187	-6.77971e-14	-0.338335
10.7	2.15719	-6.78091e-14	-0.348274
10.71	2.24197	-6.77634e-14	-0.356293
10.72	2.32326	-6.77228e-14	-0.362016
10.73	2.398	-6.77452e-14	-0.365138
10.74	2.46315	-6.78784e-14	-0.36544
10.75	2.5158	-6.81579e-14	-0.36279
10.76	2.55329	-6.86078e-14	-0.35715
10.77	2.57338	-6.92435e-14	-0.348578
10.78	2.57432	-7.00758e-14	-0.337219
10.79	2.55499	-7.11123e-14	-0.323306
10.8	2.51496	-7.23578e-14	-0.307149
10.81	2.45458	-7.38131e-14	-0.289131
10.82	2.37501	-7.54724e-14	-0.269692
10.83	2.2782	-7.73213e-14	-0.249324
10.84	2.1669	-7.93352e-14	-0.228559
10.85	2.04455	-8.14795e-14	-0.207956
10.86	1.91523	-8.37111e-14	-0.188086
10.87	1.78348	-8.59811e-14	-0.169518
10.88	1.65418	-8.82379e-14	-0.1528
10.89	1.53237	-9.04315e-14	-0.138441
10.9	1.42301	-9.25162e-14	-0.126891
10.91	1.33082	-9.44533e-14	-0.118519
10.92	1.26008	-9.62115e-14	-0.113595
10.93	1.2144	-9.77661e-14	-0.112273
10.94	1.19657	-9.90973e-14	-0.114577
10.95	1.2084	-1.00188e-13	-0.120392
10.96	1.2506	-1.01026e-13	-0.129464
10.97	1.32274	-1.01601e-13	-0.141406
10.98	1.42315	-1.01914e-13	-0.155702
10.99	1.549	-1.01979e-13	-0.171736
11	1.69633	-1.01826e-13	-0.188806
11.01	1.86019	-1.01503e-13	-0.20616
11.02	2.03478	-1.01068e-13	-0.223018
11.03	2.21368	-1.0059e-13	-0.238612
11.04	2.39005	-1.00137e-13	-0.25221
11.05	2.55692	-9.97693e-14	-0.263149
11.06	2.70746	-9.95365e-14	-0.270853
11.07	2.83526	-9.9475e-14	-0.274862
11.08	2.93459	-9.96093e-14	-0.274839
11.09	3.0007	-9.9954e-14	-0.270585
11.1	3.02997	-1.00516e-13	-0.262043
11.11	3.02017	-1.01297e-13	-0.249303
11.12	2.97055	-1.02291e-13	-0.232593
11.13	2.8819	-1.0349e-13	-0.212284
11.14	2.75664	-1.04878e-13	-0.188871
11.15	2.59867	-1.06432e-13	-0.162969
11.16	2.41333	-1.08124e-13	-0.135293
11.17	2.2072	-1.09916e-13	-0.106642
11.18	1.98787	-1.1177e-13	-0.0778743
11.19	1.76366	-1.13639e-13	-0.0498835
11.2	1.54329	-1.15476e-13	-0.0235653
11.21	1.33558	-1.17235e-13	0.000213501
11.22	1.14903	-1.18873e-13	0.0206509
11.23	0.991531	-1.20352e-13	0.0370441
11.24	0.870002	-1.2164e-13	0.0488237
11.25	0.790081	-1.22711e-13	0.0555827
11.26	0.755875	-1.23544e-13	0.0571009
11.27	0.769758	-1.2412e-13	0.0533604
11.28	0.832229	-1.24426e-13	0.044553
11.29	0.941854	-1.24458e-13	0.0310766
11.3	1.09528	-1.2422e-13	0.0135219
11.31	1.28732	-1.23732e-13	-0.00735059
11.32	1.51113	-1.2303e-13	-0.0306421
11.33	1.75847	-1.22164e-13	-0.0553534
11.34	2.01996	-1.21196e-13	-0.0804271
11.35	2.28549	-1.20192e-13	-0.104791
11.36	2.54457	-1.19219e-13	-0.127403
11.37	2.78678	-1.18335e-13	-0.14729
11.38	3.00217	-1.17588e-13	-0.163583
11.39	3.18169	-1.17018e-13	-0.175553
11.4	3.31757	-1.1665e-13	-0.182629
11.41	3.40363	-1.16499e-13	-0.184421
11.42	3.43562	-1.16572e-13	-0.180727
11.43	3.41135	-1.16867e-13	-0.171541
11.44	3.33087	-1.17373e-13	-0.157056
11.45	3.1965	-1.18072e-13	-0.137652
11.46	3.01274	-1.18944e-13	-0.113891
11.47	2.78618	-1.19959e-13	-0.0865016
11.48	2.52519	-1.21088e-13	-0.0563567
11.49	2.23969	-1.22295e-13	-0.0244504
11.5	1.94073	-1.23541e-13	0.00813325
11.51	1.64004	-1.24786e-13	0.0402554
11.52	1.34961	-1.25987e-13	0.0707627
11.53	1.0812	-1.27104e-13	0.0985302
11.54	0.845813	-1.28099e-13	0.122508
11.55	0.653299	-1.28938e-13	0.141764
11.56	0.511907	-1.29592e-13	0.155529
11.57	0.427934	-1.30038e-13	0.163236
11.58	0.405449	-1.30256e-13	0.164545
11.59	0.446093	-1.30228e-13	0.159368
11.6	0.548985	-1.29943e-13	0.147875
11.61	0.710726	-1.29397e-13	0.130494
11.62	0.925507	-1.28594e-13	0.107888
11.63	1.18531	-1.27554e-13	0.080933
11.64	1.48022	-1.26309e-13	0.050678
11.65	1.7988	-1.24903e-13	0.0182971
11.66	2.12851	-1.23392e-13	-0.0149604
11.67	2.45626	-1.21833e-13	-0.0478231
11.68	2.76888	-1.20286e-13	-0.0790505
11.69	3.05371	-1.18807e-13	-0.107482
11.7	3.29905	-1.17444e-13	-0.132079
11.71	3.4947	-1.16239e-13	-0.151965
11.72	3.63237	-1.15222e-13	-0.16645
11.73	3.70604	-1.14415e-13	-0.175053
11.74	3.71219	-1.13829e-13	-0.177517
11.75	3.65004	-1.13462e-13	-0.173809
11.76	3.52153	-1.13303e-13	-0.164124
11.77	3.3313	-1.13335e-13	-0.148873
11.78	3.08653	-1.13531e-13	-0.128673
11.79	2.79665	-1.13863e-13	-0.104325
11.8	2.47299	-1.14299e-13	-0.0767899
11.81	2.12832	-1.14804e-13	-0.0471618
11.82	1.77637	-1.1534e-13	-0.0166294
11.83	1.43123	-1.15872e-13	0.0135628
11.84	1.10684	-1.16361e-13	0.0421587
11.85	0.816356	-1.16773e-13	0.0679383
11.86	0.571677	-1.17075e-13	0.0897664
11.87	0.382906	-1.17243e-13	0.106641
11.88	0.257947	-1.17251e-13	0.117739
11.89	0.202167	-1.17082e-13	0.122454
11.9	0.218161	-1.16715e-13	0.120427
11.91	0.305635	-1.16136e-13	0.111569
11.92	0.461398	-1.15329e-13	0.0960641
11.93	0.679481	-1.14288e-13	0.0743682
11.94	0.95136	-1.13013e-13	0.0471862
11.95	1.2663	-1.11515e-13	0.0154421
11.96	1.61176	-1.09817e-13	-0.0197635
11.97	1.97394	-1.07953e-13	-0.0572033
11.98	2.33828	-1.05965e-13	-0.0955787
11.99	2.69009	-1.03901e-13	-0.133576
12	3.01515	-1.01812e-13	-0.169923
12.01	3.30025	-9.97497e-14	-0.203437
12.02	3.53377	-9.77654e-14	-0.233073
12.03	3.70617	-9.5905e-14	-0.257959
12.04	3.81032	-9.42079e-14	-0.277422
12.05	3.84188	-9.27039e-14	-0.291006
12.06	3.79942	-9.14111e-14	-0.298487
12.07	3.68453	-9.03353e-14	-0.299867
12.08	3.50171	-8.94702e-14	-0.295375
12.09	3.25828	-8.88e-14	-0.285448
12.1	2.96397	-8.8301e-14	-0.270721
12.11	2.63065	-8.7944e-14	-0.252001
12.12	2.27175	-8.76963e-14	-0.230238
12.13	1.90177	-8.75229e-14	-0.206499
12.14	1.53568	-8.7388e-14	-0.181926
12.15	1.18828	-8.72565e-14	-0.157705
12.16	0.873654	-8.70962e-14	-0.135016
12.17	0.604532	-8.68789e-14	-0.114993
12.18	0.391812	-8.6581e-14	-0.0986802
12.19	0.244093	-8.61829e-14	-0.0869857
12.2	0.167333	-8.56674e-14	-0.0806432
12.21	0.164599	-8.50173e-14	-0.0801774
12.22	0.235947	-8.42147e-14	-0.0858783
12.23	0.378415	-8.32409e-14	-0.0977851
12.24	0.58615	-8.20787e-14	-0.115682
12.25	0.850646	-8.07146e-14	-0.139108
12.26	1.16109	-7.91422e-14	-0.167374
12.27	1.50483	-7.73638e-14	-0.199597
12.28	1.86784	-7.53913e-14	-0.234742
12.29	2.23536	-7.32455e-14	-0.27167
12.3	2.59246	-7.09557e-14	-0.309188
12.31	2.92466	-6.85583e-14	-0.346105
12.32	3.21853	-6.60959e-14	-0.381282
12.33	3.46223	-6.36162e-14	-0.413681
12.34	3.646	-6.11698e-14	-0.4424
12.35	3.76254	-5.88072e-14	-0.466708
12.36	3.8073	-5.65752e-14	-0.486065
12.37	3.77871	-5.45125e-14	-0.500137
12.38	3.67816	-5.26466e-14	-0.508795
12.39	3.51	-5.09923e-14	-0.512118
12.4	3.28131	-4.95508e-14	-0.510376
12.41	3.00163	-4.83119e-14	-0.504019
12.42	2.68254	-4.72551e-14	-0.493653
12.43	2.3372	-4.63527e-14	-0.48002
12.44	1.97977	-4.5572e-14	-0.463967
12.45	1.62487	-4.4878e-14	-0.44642
12.46	1.28694	-4.42365e-14	-0.42835
12.47	0.979672	-4.36161e-14	-0.410745
12.48	0.715442	-4.29909e-14	-0.394569
12.49	0.504807	-4.23406e-14	-0.380731
12.5	0.35608	-4.16497e-14	-0.37005
12.51	0.275	-4.09053e-14	-0.36322
12.52	0.264507	-4.00941e-14	-0.360782
12.53	0.324638	-3.92e-14	-0.363098
12.54	0.452535	-3.8204e-14	-0.370336
12.55	0.642581	-3.70844e-14	-0.382455
12.56	0.886646	-3.58203e-14	-0.39921
12.57	1.17443	-3.43939e-14	-0.420159
12.58	1.4939	-3.27932e-14	-0.444685
12.59	1.83181	-3.10131e-14	-0.47202
12.6	2.17423	-2.90556e-14	-0.501289
12.61	2.50713	-2.69295e-14	-0.531544
12.62	2.81696	-2.46507e-14	-0.561815
12.63	3.09122	-2.22428e-14	-0.59115
12.64	3.31894	-1.97372e-14	-0.618659
12.65	3.49115	-1.71736e-14	-0.643553
12.66	3.60121	-1.4599e-14	-0.665173
12.67	3.64508	-1.2064e-14	-0.683011
12.68	3.62148	-9.61912e-15	-0.696728
12.69	3.5319	-7.30987e-15	-0.706158
12.7	3.38052	-5.17232e-15	-0.711306
12.71	3.17406	-3.23014e-15	-0.712336
12.72	2.92141	-1.49323e-15	-0.709563
12.73	2.63333	4.20699e-17	-0.703428
12.74	2.32191	1.39137e-15	-0.694482
12.75	2.00013	2.57954e-15	-0.683358
12.76	1.68127	3.6371e-15	-0.670748
12.77	1.37839	4.59619e-15	-0.657379
12.78	1.10376	5.48656e-15	-0.64399
12.79	0.868389	6.33246e-15	-0.631301
12.8	0.681581	7.15123e-15	-0.619996
12.81	0.550543	7.9541e-15	-0.610694
12.82	0.480124	8.7488e-15	-0.60393
12.83	0.47263	9.54327e-15	-0.600133
12.84	0.52775	1.03489e-14	-0.599607
12.85	0.6426	1.11824e-14	-0.602521
12.86	0.81186	1.20649e-14	-0.608897
12.87	1.02802	1.302e-14	-0.618606
12.88	1.28171	1.40706e-14	-0.631376
12.89	1.56211	1.52365e-14	-0.6468
12.9	1.8574	1.65328e-14	-0.664354
12.91	2.15529	1.79702e-14	-0.683422
12.92	2.44349	1.95557e-14	-0.703323
12.93	2.71026	2.12923e-14	-0.723346
12.94	2.94484	2.31786e-14	-0.742783
12.95	3.13795	2.52062e-14	-0.760963
12.96	3.28212	2.73577e-14	-0.777282
12.97	3.37196	2.96048e-14	-0.791232
12.98	3.40442	3.19087e-14	-0.802419
12.99	3.37882	3.42224e-14	-0.810578
13	3.29691	3.64954e-14	-0.815582
13.01	3.16274	3.86781e-14	-0.817437
13.02	2.98247	4.07281e-14	-0.816276
13.03	2.7641	4.26136e-14	-0.812351
13.04	2.5171	4.43167e-14	-0.806008
13.05	2.252	4.58338e-14	-0.797676
13.06	1.97996	4.71744e-14	-0.787837
13.07	1.71229	4.83578e-14	-0.777013
13.08	1.45997	4.94091e-14	-0.765737
13.09	1.23321	5.03535e-14	-0.754539
13.1	1.04101	5.12119e-14	-0.743922
13.11	0.890844	5.19985e-14	-0.734352
13.12	0.788346	5.27202e-14	-0.726238
13.13	0.737095	5.33796e-14	-0.719921
13.14	0.738502	5.39783e-14	-0.715664
13.15	0.791779	5.45221e-14	-0.713644
13.16	0.894003	5.5023e-14	-0.713941
13.17	1.04026	5.54999e-14	-0.716541
13.18	1.22389	5.59766e-14	-0.721331
13.19	1.43678	5.64781e-14	-0.728103
13.2	1.6697	5.70282e-14	-0.736561
13.21	1.91276	5.76474e-14	-0.746335
13.22	2.15576	5.83531e-14	-0.756991
13.23	2.38868	5.91612e-14	-0.768055
13.24	2.60204	6.00872e-14	-0.779029
13.25	2.78735	6.11458e-14	-0.78942
13.26	2.93738	6.23494e-14	-0.798761
13.27	3.04648	6.37041e-14	-0.806633
13.28	3.1108	6.52064e-14	-0.812686
13.29	3.12839	6.68398e-14	-0.816657
13.3	3.09927	6.85742e-14	-0.818379
13.31	3.0254	7.03682e-14	-0.817792
13.32	2.91056	7.21727e-14	-0.814939
13.33	2.76017	7.39368e-14	-0.809963
13.34	2.58103	7.56134e-14	-0.803096
13.35	2.38102	7.7165e-14	-0.794646
13.36	2.16876	7.85667e-14	-0.784978
13.37	1.95321	7.98081e-14	-0.774496
13.38	1.74333	8.08917e-14	-0.76362
13.39	1.5477	8.18298e-14	-0.752771
13.4	1.37412	8.26388e-14	-0.74235
13.41	1.22937	8.33341e-14	-0.732722
13.42	1.1189	8.39256e-14	-0.724208
13.43	1.04665	8.44162e-14	-0.717068
13.44	1.01488	8.48034e-14	-0.7115
13.45	1.02417	8.5083e-14	-0.707633
13.46	1.07335	8.52541e-14	-0.705523
13.47	1.15963	8.53231e-14	-0.705159
13.48	1.27874	8.53055e-14	-0.706459
13.49	1.42513	8.5224e-14	-0.709278
13.5	1.59223	8.51058e-14	-0.713409
13.51	1.77274	8.49784e-14	-0.718595
13.52	1.95894	8.48667e-14	-0.724535
13.53	2.14306	8.47928e-14	-0.730896
13.54	2.31755	8.4777e-14	-0.737321
13.55	2.47541	8.48397e-14	-0.743451
13.56	2.6105	8.50029e-14	-0.748932
13.57	2.71774	8.52897e-14	-0.753434
13.58	2.79331	8.57214e-14	-0.756665
13.59	2.8348	8.63132e-14	-0.758387
13.6	2.84125	8.70701e-14	-0.758426
13.61	2.81318	8.79833e-14	-0.756681
13.62	2.75251	8.90292e-14	-0.753134
13.63	2.66251	9.0171e-14	-0.747845
13.64	2.54754	9.13623e-14	-0.740955
13.65	2.41292	9.25528e-14	-0.732674
13.66	2.26464	9.36943e-14	-0.723276
13.67	2.10913	9.47461e-14	-0.713078
13.68	1.95295	9.56798e-14	-0.702431
13.69	1.80253	9.648e-14	-0.691695
13.7	1.66389	9.71438e-14	-0.681229
13.71	1.54242	9.76764e-14	-0.67137
13.72	1.44266	9.80858e-14	-0.662419
13.73	1.36813	9.83774e-14	-0.654631
13.74	1.32121	9.85509e-14	-0.648205
13.75	1.30308	9.85995e-14	-0.643281
13.76	1.31369	9.85136e-14	-0.639934
13.77	1.3518	9.82853e-14	-0.638179
13.78	1.41508	9.79137e-14	-0.637969
13.79	1.50022	9.74082e-14	-0.639203
13.8	1.6031	9.67891e-14	-0.641732
13.81	1.71898	9.60843e-14	-0.645362
13.82	1.84274	9.53255e-14	-0.649865
13.83	1.96909	9.4544e-14	-0.654987
13.84	2.09278	9.37679e-14	-0.660453
13.85	2.20886	9.3022e-14	-0.665977
13.86	2.31283	9.23293e-14	-0.671274
13.87	2.40086	9.17125e-14	-0.676062
13.88	2.4699	9.11954e-14	-0.680081
13.89	2.51777	9.08022e-14	-0.683095
13.9	2.54327	9.05547e-14	-0.684908
13.91	2.54616	9.04689e-14	-0.685366
13.92	2.52713	9.0551e-14	-0.684372
13.93	2.48776	9.07947e-14	-0.681885
13.94	2.43043	9.11801e-14	-0.67793
13.95	2.35815	9.16748e-14	-0.672589
13.96	2.27444	9.22368e-14	-0.666008
13.97	2.18315	9.28195e-14	-0.658383
13.98	2.08829	9.33772e-14	-0.649954
13.99	1.99387	9.3871e-14	-0.640994
14	1.90368	9.42724e-14	-0.631795
14.01	1.82118	9.45653e-14	-0.622654
14.02	1.74938	9.47441e-14	-0.61386
14.03	1.69067	9.48098e-14	-0.605682
14.04	1.64681	9.47639e-14	-0.598357
14.05	1.61886	9.46044e-14	-0.592083
14.06	1.60714	9.43225e-14	-0.587012
14.07	1.6113	9.39044e-14	-0.583248
14.08	1.63033	9.3335e-14	-0.580847
14.09	1.66267	9.26043e-14	-0.579817
14.1	1.70626	9.17121e-14	-0.580121
14.11	1.7587	9.06708e-14	-0.581682
14.12	1.81736	8.95054e-14	-0.584388
14.13	1.87951	8.82491e-14	-0.588095
14.14	1.94241	8.69393e-14	-0.592634
14.15	2.00349	8.56125e-14	-0.597812
14.16	2.06042	8.43015e-14	-0.603423
14.17	2.11121	8.30342e-14	-0.609247
14.18	2.15427	8.18346e-14	-0.615058
14.19	2.18845	8.0724e-14	-0.620629
14.2	2.21309	7.97219e-14	-0.625742
14.21	2.22798	7.88462e-14	-0.630189
14.22	2.23337	7.81117e-14	-0.633786
14.23	2.2299	7.75288e-14	-0.636375
14.24	2.21855	7.71004e-14	-0.637835
14.25	2.20057	7.68204e-14	-0.638086
14.26	2.17737	7.66721e-14	-0.637091
14.27	2.15047	7.66285e-14	-0.634863
14.28	2.12141	7.66539e-14	-0.63146
14.29	2.09163	7.6708e-14	-0.626982
14.3	2.06245	7.67507e-14	-0.62157
14.31	2.03498	7.67474e-14	-0.615395
14.32	2.01009	7.66735e-14	-0.608654
14.33	1.98838	7.65146e-14	-0.601554
14.34	1.97017	7.62659e-14	-0.594312
14.35	1.95551	7.59266e-14	-0.587141
14.36	1.94423	7.54947e-14	-0.580245
14.37	1.93594	7.49627e-14	-0.573812
14.38	1.93009	7.43157e-14	-0.568012
14.39	1.92605	7.35341e-14	-0.562992
14.4	1.92315	7.25986e-14	-0.558877
14.41	1.92073	7.14964e-14	-0.555766
14.42	1.91825	7.02274e-14	-0.553734
14.43	1.91527	6.88059e-14	-0.552828
14.44	1.91154	6.72604e-14	-0.553069
14.45	1.90699	6.56294e-14	-0.554451
14.46	1.90178	6.39559e-14	-0.556936
14.47	1.89626	6.22823e-14	-0.560457
14.48	1.89097	6.0646e-14	-0.564912
14.49	1.8866	5.90774e-14	-0.570171
14.5	1.88393	5.75991e-14	-0.57607
14.51	1.88381	5.62275e-14	-0.582422
14.52	1.88706	5.49739e-14	-0.589013
14.53	1.89442	5.38464e-14	-0.595616
14.54	1.90648	5.28506e-14	-0.601997
14.55	1.92363	5.199e-14	-0.60792
14.56	1.94601	5.12648e-14	-0.613163
14.57	1.97345	5.06695e-14	-0.617521
14.58	2.00547	5.01915e-14	-0.620818
14.59	2.04127	4.9809e-14	-0.62291
14.6	2.07974	4.94923e-14	-0.623694
14.61	2.11949	4.92062e-14	-0.623108
14.62	2.1589	4.89156e-14	-0.621133
14.63	2.19619	4.859e-14	-0.61779
14.64	2.22949	4.82082e-14	-0.613142
14.65	2.25696	4.77594e-14	-0.607289
14.66	2.27682	4.72403e-14	-0.600364
14.67	2.28754	4.66508e-14	-0.592529
14.68	2.28783	4.59876e-14	-0.583975
14.69	2.27681	4.52404e-14	-0.574913
14.7	2.25403	4.43907e-14	-0.565575
14.71	2.21953	4.34152e-14	-0.556209
14.72	2.1739	4.22915e-14	-0.547071
14.73	2.11824	4.10053e-14	-0.538425
14.74	2.0542	3.95561e-14	-0.530529
14.75	1.98388	3.79594e-14	-0.523634
14.76	1.90981	3.62464e-14	-0.517969
14.77	1.83485	3.44595e-14	-0.513733
14.78	1.76204	3.26466e-14	-0.511087
14.79	1.69452	3.08541e-14	-0.51014
14.8	1.6354	2.91224e-14	-0.510942
14.81	1.58758	2.7482e-14	-0.513481
14.82	1.55364	2.59526e-14	-0.517673
14.83	1.53571	2.45442e-14	-0.523371
14.84	1.53534	2.32601e-14	-0.530358
14.85	1.55343	2.21002e-14	-0.538363
14.86	1.59014	2.10638e-14	-0.547065
14.87	1.64484	2.01509e-14	-0.556106
14.88	1.71614	1.93609e-14	-0.565107
14.89	1.80188	1.86902e-14	-0.573681
14.9	1.89922	1.81283e-14	-0.581449
14.91	2.00468	1.76554e-14	-0.58805
14.92	2.11434	1.72427e-14	-0.593158
14.93	2.22392	1.68556e-14	-0.596492
14.94	2.32897	1.64589e-14	-0.597821
14.95	2.42507	1.60233e-14	-0.596976
14.96	2.50798	1.55297e-14	-0.593851
14.97	2.57385	1.497e-14	-0.588412
14.98	2.61939	1.43446e-14	-0.580693
14.99	2.64203	1.3656e-14	-0.570802
15	2.64003	1.29034e-14	-0.558917
15.01	2.61262	1.2078e-14	-0.54529
15.02	2.56002	1.11626e-14	-0.530234
15.03	2.4835	1.0135e-14	-0.514126
15.04	2.38535	8.97369e-15	-0.497391
15.05	2.26878	7.66561e-15	-0.480496
15.06	2.1379	6.21124e-15	-0.463933
15.07	1.99749	4.62749e-15	-0.448202
15.08	1.85288	2.94675e-15	-0.433792
15.09	1.70972	1.21273e-15	-0.42116
15.1	1.57379	-5.25765e-16	-0.410714
15.11	1.45072	-2.22169e-15	-0.402788
15.12	1.3458	-3.83573e-15	-0.397625
15.13	1.26371	-5.34007e-15	-0.395367
15.14	1.20838	-6.71937e-15	-0.396042
15.15	1.18274	-7.96885e-15	-0.39956
15.16	1.18862	-9.09036e-15	-0.405712
15.17	1.2266	-1.00878e-14	-0.414181
15.18	1.29603	-1.09639e-14	-0.424551
15.19	1.39494	-1.17188e-14	-0.436322
15.2	1.52017	-1.23529e-14	-0.44893
15.21	1.6674	-1.28702e-14	-0.461773
15.22	1.83131	-1.32837e-14	-0.474229
15.23	2.00583	-1.36172e-14	-0.485679
15.24	2.18427	-1.3905e-14	-0.495532
15.25	2.35967	-1.41873e-14	-0.503246
15.26	2.52501	-1.45031e-14	-0.508342
15.27	2.67351	-1.48829e-14	-0.510424
15.28	2.79892	-1.53442e-14	-0.50919
15.29	2.89576	-1.5891e-14	-0.504445
15.3	2.95958	-1.65173e-14	-0.496108
15.31	2.98715	-1.72135e-14	-0.484216
15.32	2.9766	-1.79731e-14	-0.468931
15.33	2.92754	-1.87971e-14	-0.450533
15.34	2.84113	-1.96948e-14	-0.429419
15.35	2.71999	-2.06814e-14	-0.406097
15.36	2.5682	-2.17715e-14	-0.381169
15.37	2.39114	-2.29738e-14	-0.355314
15.38	2.19529	-2.42851e-14	-0.32927
15.39	1.98799	-2.56882e-14	-0.303804
15.4	1.77719	-2.71523e-14	-0.279687
15.41	1.57112	-2.8637e-14	-0.257658
15.42	1.37798	-3.00979e-14	-0.2384
15.43	1.20561	-3.1493e-14	-0.2225
15.44	1.06115	-3.27886e-14	-0.210429
15.45	0.950793	-3.39626e-14	-0.202513
15.46	0.87948	-3.50048e-14	-0.198922
15.47	0.850696	-3.59143e-14	-0.19965
15.48	0.866307	-3.66952e-14	-0.204522
15.49	0.926459	-3.73521e-14	-0.213195
15.5	1.02954	-3.7887e-14	-0.225168
15.51	1.17223	-3.83e-14	-0.239808
15.52	1.34957	-3.85927e-14	-0.256372
15.53	1.55517	-3.87734e-14	-0.274035
15.54	1.78142	-3.88616e-14	-0.291925
15.55	2.01979	-3.88897e-14	-0.309155
15.56	2.26111	-3.89006e-14	-0.324857
15.57	2.49597	-3.89414e-14	-0.33821
15.58	2.71508	-3.90546e-14	-0.348472
15.59	2.90961	-3.92708e-14	-0.355004
15.6	3.07157	-3.96043e-14	-0.357293
15.61	3.19415	-4.00527e-14	-0.354966
15.62	3.27197	-4.06017e-14	-0.34781
15.63	3.30133	-4.12319e-14	-0.335776
15.64	3.28041	-4.19252e-14	-0.318985
15.65	3.20932	-4.26705e-14	-0.297731
15.66	3.09013	-4.34644e-14	-0.272472
15.67	2.92686	-4.431e-14	-0.243824
15.68	2.72529	-4.52124e-14	-0.212538
15.69	2.49279	-4.61736e-14	-0.179487
15.7	2.23805	-4.71883e-14	-0.145629
15.71	1.97073	-4.82411e-14	-0.111981
15.72	1.70113	-4.93066e-14	-0.0795774
15.73	1.43975	-5.03525e-14	-0.0494316
15.74	1.19692	-5.13436e-14	-0.0224937
15.75	0.982353	-5.22479e-14	0.000390266
15.76	0.80478	-5.3041e-14	0.0185162
15.77	0.671591	-5.37087e-14	0.031355
15.78	0.588519	-5.42469e-14	0.0385781
15.79	0.559404	-5.46584e-14	0.040075
15.8	0.586012	-5.49488e-14	0.0359605
15.81	0.667946	-5.51225e-14	0.026572
15.82	0.802634	-5.51814e-14	0.0124565
15.83	0.985409	-5.51263e-14	-0.00565138
15.84	1.20966	-5.4962e-14	-0.0268598
15.85	1.4671	-5.47017e-14	-0.050156
15.86	1.74801	-5.43718e-14	-0.074447
15.87	2.04169	-5.40115e-14	-0.0986027
15.88	2.33679	-5.36687e-14	-0.121499
15.89	2.62181	-5.33931e-14	-0.142058
15.9	2.88552	-5.32269e-14	-0.159289
15.91	3.11739	-5.31975e-14	-0.172321
15.92	3.30807	-5.33143e-14	-0.180434
15.93	3.4497	-5.35685e-14	-0.183082
15.94	3.53627	-5.39383e-14	-0.17991
15.95	3.56388	-5.43951e-14	-0.17077
15.96	3.5309	-5.49102e-14	-0.155726
15.97	3.43804	-5.54599e-14	-0.135056
15.98	3.28839	-5.60282e-14	-0.109244
15.99	3.08729	-5.66059e-14	-0.07897
16	2.84212	-5.71886e-14	-0.0450922
16.01	2.56207	-5.77729e-14	-0.00861893
16.02	2.2578	-5.83526e-14	0.0293219
16.03	1.94096	-5.89161e-14	0.0675216
16.04	1.62384	-5.94458e-14	0.104734
16.05	1.31881	-5.99192e-14	0.139722
16.06	1.0379	-6.03131e-14	0.17131
16.07	0.792263	-6.06072e-14	0.198428
16.08	0.591776	-6.0788e-14	0.220162
16.09	0.44462	-6.08506e-14	0.235795
16.1	0.356946	-6.07979e-14	0.244838
16.11	0.332623	-6.06373e-14	0.247056
16.12	0.373064	-6.03765e-14	0.242481
16.13	0.477151	-6.00209e-14	0.231412
16.14	0.641264	-5.95727e-14	0.214402
16.15	0.859403	-5.90336e-14	0.192236
16.16	1.1234	-5.84094e-14	0.165899
16.17	1.42325	-5.77154e-14	0.136533
16.18	1.74746	-5.69788e-14	0.105391
16.19	2.08349	-5.62384e-14	0.0737816
16.2	2.41829	-5.554e-14	0.0430245
16.21	2.73875	-5.49293e-14	0.0143948
16.22	3.03225	-5.44438e-14	-0.0109215
16.23	3.28716	-5.41069e-14	-0.0318694
16.24	3.49326	-5.39241e-14	-0.0475614
16.25	3.64224	-5.38844e-14	-0.0573056
16.26	3.72794	-5.39632e-14	-0.0606284
16.27	3.74667	-5.41281e-14	-0.0572889
16.28	3.69736	-5.43446e-14	-0.0472872
16.29	3.58159	-5.45812e-14	-0.030865
16.3	3.40356	-5.48127e-14	-0.00849956
16.31	3.16995	-5.50213e-14	0.0191096
16.32	2.88965	-5.51959e-14	0.0510608
16.33	2.57344	-5.53294e-14	0.086278
16.34	2.23353	-5.54158e-14	0.123545
16.35	1.88315	-5.54474e-14	0.161546
16.36	1.53599	-5.54132e-14	0.198912
16.37	1.20568	-5.53e-14	0.234275
16.38	0.905212	-5.5095e-14	0.266315
16.39	0.646493	-5.47887e-14	0.293821
16.4	0.439816	-5.43784e-14	0.315738
16.41	0.293465	-5.38686e-14	0.331215
16.42	0.213382	-5.32697e-14	0.339646
16.43	0.202919	-5.25944e-14	0.340693
16.44	0.262696	-5.18533e-14	0.33431
16.45	0.39057	-5.10525e-14	0.320741
16.46	0.58171	-5.01935e-14	0.300514
16.47	0.828775	-4.92763e-14	0.274415
16.48	1.1222	-4.83035e-14	0.243454
16.49	1.45057	-4.72857e-14	0.208823
16.5	1.80106	-4.62439e-14	0.171841
16.51	2.15994	-4.52091e-14	0.133902
16.52	2.51313	-4.42185e-14	0.0964156
16.53	2.84674	-4.33099e-14	0.0607538
16.54	3.14761	-4.25151e-14	0.0281977
16.55	3.40386	-4.18549e-14	-0.000106809
16.56	3.60536	-4.13356e-14	-0.0231881
16.57	3.74412	-4.09491e-14	-0.0402798
16.58	3.81462	-4.06743e-14	-0.0508436
16.59	3.814	-4.04814e-14	-0.0545841
16.6	3.74226	-4.03362e-14	-0.0514558
16.61	3.60216	-4.02054e-14	-0.0416631
16.62	3.3992	-4.00601e-14	-0.0256527
16.63	3.14135	-3.98783e-14	-0.00409954
16.64	2.83875	-3.96456e-14	0.0221147
16.65	2.50334	-3.9353e-14	0.0519292
16.66	2.14833	-3.89945e-14	0.0841384
16.67	1.78773	-3.85645e-14	0.117432
16.68	1.43576	-3.80562e-14	0.150444
16.69	1.10628	-3.74625e-14	0.181796
16.7	0.812292	-3.6778e-14	0.21016
16.71	0.565351	-3.60023e-14	0.234304
16.72	0.375155	-3.51418e-14	0.253147
16.73	0.249142	-3.42097e-14	0.265806
16.74	0.192201	-3.32232e-14	0.271634
16.75	0.206473	-3.21992e-14	0.270255
16.76	0.291276	-3.11503e-14	0.261574
16.77	0.443128	-3.00816e-14	0.245789
16.78	0.655894	-2.89916e-14	0.223377
16.79	0.921031	-2.78752e-14	0.195076
16.8	1.22793	-2.67282e-14	0.161848
16.81	1.56436	-2.55522e-14	0.124836
16.82	1.91693	-2.43577e-14	0.0853133
16.83	2.27164	-2.31644e-14	0.0446262
16.84	2.61445	-2.1999e-14	0.00413955
16.85	2.93182	-2.0891e-14	-0.0348195
16.86	3.21127	-1.98676e-14	-0.0710115
16.87	3.44187	-1.89494e-14	-0.10333
16.88	3.61465	-1.81462e-14	-0.130837
16.89	3.723	-1.7456e-14	-0.152793
16.9	3.76286	-1.68648e-14	-0.168676
16.91	3.73296	-1.63491e-14	-0.178195
16.92	3.63476	-1.58794e-14	-0.181293
16.93	3.47249	-1.54251e-14	-0.178147
16.94	3.25286	-1.49588e-14	-0.169153
16.95	2.98489	-1.44589e-14	-0.154919
16.96	2.67946	-1.39106e-14	-0.136238
16.97	2.34888	-1.33046e-14	-0.114065
16.98	2.00642	-1.26349e-14	-0.0894853
16.99	1.66577	-1.18962e-14	-0.0636746
17	1.34044	-1.10837e-14	-0.037862
17.01	1.04329	-1.01936e-14	-0.013283
17.02	0.785953	-9.22617e-15	0.0088667
17.03	0.578424	-8.18776e-15	0.0274793
17.04	0.428636	-7.09202e-15	0.0415803
17.05	0.342167	-5.95844e-15	0.0503703
17.06	0.322028	-4.80857e-15	0.0532608
17.07	0.368552	-3.6612e-15	0.0499001
17.08	0.479406	-2.52796e-15	0.0401898
17.09	0.649694	-1.41129e-15	0.0242883
17.1	0.872174	-3.05119e-16	0.00260317
17.11	1.13757	8.01705e-16	-0.0242299
17.12	1.43495	1.92063e-15	-0.0553779
17.13	1.75218	3.05874e-15	-0.08985
17.14	2.07643	4.21546e-15	-0.126545
17.15	2.39471	5.38146e-15	-0.164299
17.16	2.69433	6.53969e-15	-0.201939
17.17	2.96351	7.66823e-15	-0.238328
17.18	3.19177	8.74416e-15	-0.272411
17.19	3.37035	9.74783e-15	-0.303251
17.2	3.4926	1.06667e-14	-0.330062
17.21	3.55417	1.14978e-14	-0.352228
17.22	3.55322	1.22487e-14	-0.369319
17.23	3.49041	1.2936e-14	-0.3811
17.24	3.36892	1.35824e-14	-0.387532
17.25	3.19423	1.42121e-14	-0.388761
17.26	2.97394	1.48473e-14	-0.385117
17.27	2.71737	1.55052e-14	-0.377093
17.28	2.43524	1.61978e-14	-0.365329
17.29	2.13916	1.6933e-14	-0.350591
17.3	1.84119	1.77164e-14	-0.333741
17.31	1.55331	1.85529e-14	-0.315713
17.32	1.28696	1.9446e-14	-0.297479
17.33	1.05259	2.03967e-14	-0.280011
17.34	0.859216	2.14004e-14	-0.264251
17.35	0.714083	2.24458e-14	-0.251068
17.36	0.622398	2.35148e-14	-0.241226
17.37	0.587136	2.4585e-14	-0.235352
17.38	0.608946	2.56344e-14	-0.233906
17.39	0.686155	2.66463e-14	-0.237164
17.4	0.814867	2.76123e-14	-0.245208
17.41	0.989146	2.85341e-14	-0.257916
17.42	1.20129	2.94217e-14	-0.274979
17.43	1.44217	3.02903e-14	-0.295911
17.44	1.70162	3.11556e-14	-0.320078
17.45	1.96887	3.20302e-14	-0.346729
17.46	2.23298	3.29205e-14	-0.375033
17.47	2.48333	3.38251e-14	-0.404119
17.48	2.70999	3.47357e-14	-0.433113
17.49	2.90419	3.56383e-14	-0.461175
17.5	3.05859	3.65164e-14	-0.487535
17.51	3.16762	3.73541e-14	-0.511514
17.52	3.22764	3.81398e-14	-0.532549
17.53	3.23708	3.88688e-14	-0.550208
17.54	3.19645	3.95444e-14	-0.564192
17.55	3.10833	4.01764e-14	-0.574344
17.56	2.97718	4.07795e-14	-0.580646
17.57	2.80914	4.1369e-14	-0.583207
17.58	2.61176	4.19586e-14	-0.582261
17.59	2.39366	4.25586e-14	-0.57815
17.6	2.16413	4.31759e-14	-0.571317
17.61	1.93278	4.38152e-14	-0.56228
17.62	1.70907	4.44804e-14	-0.551624
17.63	1.50201	4.51747e-14	-0.539977
17.64	1.31969	4.58998e-14	-0.527992
17.65	1.16906	4.66534e-14	-0.516318
17.66	1.0556	4.74276e-14	-0.505585
17.67	0.983126	4.82083e-14	-0.496373
17.68	0.953705	4.89765e-14	-0.489193
17.69	0.967559	4.97117e-14	-0.484463
17.7	1.02312	5.03963e-14	-0.482493
17.71	1.11712	5.10189e-14	-0.483473
17.72	1.24477	5.15767e-14	-0.487461
17.73	1.39999	5.20755e-14	-0.494388
17.74	1.57571	5.25276e-14	-0.504062
17.75	1.76414	5.29492e-14	-0.516178
17.76	1.9572	5.33571e-14	-0.530339
17.77	2.14675	5.37658e-14	-0.546078
17.78	2.32505	5.41859e-14	-0.562879
17.79	2.48501	5.46225e-14	-0.580207
17.8	2.62047	5.50752e-14	-0.59753
17.81	2.72648	5.55385e-14	-0.614344
17.82	2.79946	5.60037e-14	-0.630189
17.83	2.83731	5.64606e-14	-0.644666
17.84	2.83946	5.69008e-14	-0.657449
17.85	2.80687	5.73192e-14	-0.668288
17.86	2.74195	5.77149e-14	-0.677013
17.87	2.6484	5.80912e-14	-0.683533
17.88	2.53103	5.84532e-14	-0.687833
17.89	2.39552	5.88063e-14	-0.689965
17.9	2.24817	5.91547e-14	-0.690049
17.91	2.09557	5.95005e-14	-0.688257
17.92	1.94436	5.98452e-14	-0.684816
17.93	1.80088	6.01899e-14	-0.679989
17.94	1.67097	6.05358e-14	-0.674075
17.95	1.55968	6.08838e-14	-0.667397
17.96	1.4711	6.12327e-14	-0.660292
17.97	1.40819	6.15774e-14	-0.653099
17.98	1.37271	6.19082e-14	-0.646148
17.99	1.36516	6.22112e-14	-0.63975
18	1.38482	6.24712e-14	-0.63418
18.01	1.42978	6.26741e-14	-0.629672
18.02	1.49711	6.28106e-14	-0.626407
18.03	1.58298	6.28781e-14	-0.624503
18.04	1.68292	6.28802e-14	-0.62402
18.05	1.79196	6.28267e-14	-0.624949
18.06	1.90493	6.27308e-14	-0.627226
18.07	2.0167	6.26079e-14	-0.630731
18.08	2.12237	6.24735e-14	-0.635303
18.09	2.21752	6.23422e-14	-0.640745
18.1	2.29838	6.22264e-14	-0.646845
18.11	2.36199	6.21354e-14	-0.653379
18.12	2.40628	6.20743e-14	-0.660128
18.13	2.43017	6.20438e-14	-0.666886
18.14	2.43356	6.20402e-14	-0.673467
18.15	2.41732	6.20573e-14	-0.679708
18.16	2.38317	6.20876e-14	-0.685472
18.17	2.33361	6.21241e-14	-0.69065
18.18	2.27176	6.21612e-14	-0.695156
18.19	2.20119	6.21946e-14	-0.69893
18.2	2.12572	6.22206e-14	-0.701928
18.21	2.04922	6.22358e-14	-0.704126
18.22	1.97545	6.22365e-14	-0.705518
18.23	1.90786	6.22194e-14	-0.70611
18.24	1.84944	6.21823e-14	-0.705924
18.25	1.80256	6.2124e-14	-0.704997
18.26	1.76891	6.20442e-14	-0.703382
18.27	1.74945	6.19418e-14	-0.701145
18.28	1.74434	6.18135e-14	-0.698367
18.29	1.753	6.16526e-14	-0.695142
18.3	1.77413	6.14501e-14	-0.691572
18.31	1.80587	6.11958e-14	-0.687768
18.32	1.84584	6.08814e-14	-0.683841
18.33	1.89132	6.05027e-14	-0.679902
18.34	1.93942	6.0061e-14	-0.676055
18.35	1.9872	5.95632e-14	-0.672396
18.36	2.03187	5.90203e-14	-0.669008
18.37	2.07092	5.84453e-14	-0.665964
18.38	2.10224	5.78523e-14	-0.663319
18.39	2.12425	5.72551e-14	-0.66112
18.4	2.13596	5.66672e-14	-0.659403
18.41	2.13702	5.61011e-14	-0.658194
18.42	2.12773	5.5568e-14	-0.657511
18.43	2.109	5.50767e-14	-0.65737
18.44	2.0823	5.46319e-14	-0.657779
18.45	2.04958	5.42342e-14	-0.658739
18.46	2.01312	5.38792e-14	-0.660246
18.47	1.97543	5.35592e-14	-0.662284
18.48	1.93911	5.32642e-14	-0.664824
18.49	1.90665	5.29832e-14	-0.667821
18.5	1.88034	5.27056e-14	-0.671212
18.51	1.8621	5.24213e-14	-0.674916
18.52	1.85341	5.2121e-14	-0.678831
18.53	1.85515	5.17967e-14	-0.682838
18.54	1.86762	5.14419e-14	-0.686807
18.55	1.89045	5.10525e-14	-0.690596
18.56	1.92266	5.0627e-14	-0.694065
18.57	1.96266	5.01652e-14	-0.697078
18.58	2.00837	4.96675e-14	-0.69951
18.59	2.05729	4.91324e-14	-0.701257
18.6	2.10664	4.85562e-14	-0.702239
18.61	2.15352	4.79324e-14	-0.702405
18.62	2.19506	4.72542e-14	-0.701737
18.63	2.22856	4.65164e-14	-0.700248
18.64	2.25168	4.57186e-14	-0.697986
18.65	2.26254	4.48665e-14	-0.695027
18.66	2.25984	4.39715e-14	-0.691474
18.67	2.243	4.30491e-14	-0.687454
18.68	2.21214	4.21166e-14	-0.683112
18.69	2.16812	4.11909e-14	-0.678607
18.7	2.11257	4.02869e-14	-0.674106
18.71	2.04777	3.94172e-14	-0.669782
18.72	1.97656	3.85922e-14	-0.665806
18.73	1.90225	3.78199e-14	-0.662343
18.74	1.82845	3.71058e-14	-0.659547
18.75	1.75888	3.64516e-14	-0.657558
18.76	1.69721	3.58549e-14	-0.656492
18.77	1.64685	3.53089e-14	-0.656437
18.78	1.61081	3.48028e-14	-0.657452
18.79	1.59148	3.43236e-14	-0.659556
18.8	1.59057	3.38568e-14	-0.662728
18.81	1.60892	3.33883e-14	-0.666902
18.82	1.64649	3.29049e-14	-0.671971
18.83	1.70229	3.23946e-14	-0.677785
18.84	1.77445	3.18478e-14	-0.684157
18.85	1.86022	3.12576e-14	-0.690869
18.86	1.95613	3.06204e-14	-0.697682
18.87	2.05808	2.99367e-14	-0.704348
18.88	2.16157	2.92096e-14	-0.710616
18.89	2.26185	2.84434e-14	-0.716253
18.9	2.35416	2.76412e-14	-0.721049
18.91	2.43398	2.6803e-14	-0.724831
18.92	2.49719	2.59252e-14	-0.727474
18.93	2.54031	2.5002e-14	-0.728899
18.94	2.5607	2.40278e-14	-0.729089
18.95	2.55666	2.30012e-14	-0.728079
18.96	2.52756	2.19272e-14	-0.725958
18.97	2.47391	2.08183e-14	-0.722866
18.98	2.39735	1.96932e-14	-0.718984
18.99	2.30061	1.85742e-14	-0.714524
19	2.18741	1.74843e-14	-0.709726
19.01	2.06233	1.64442e-14	-0.704841
19.02	1.93062	1.54707e-14	-0.700124
19.03	1.79796	1.45754e-14	-0.695824
19.04	1.67025	1.37648e-14	-0.692174
19.05	1.55331	1.30397e-14	-0.689383
19.06	1.45263	1.23954e-14	-0.687632
19.07	1.37312	1.1822e-14	-0.68706
19.08	1.31889	1.1305e-14	-0.687764
19.09	1.293	1.08268e-14	-0.689795
19.1	1.29733	1.03688e-14	-0.693149
19.11	1.33248	9.91221e-15	-0.69777
19.12	1.39768	9.44023e-15	-0.703548
19.13	1.49082	8.93795e-15	-0.710319
19.14	1.6085	8.39281e-15	-0.71787
19.15	1.74615	7.79495e-15	-0.725947
19.16	1.89822	7.13787e-15	-0.734261
19.17	2.05841	6.41946e-15	-0.742501
19.18	2.2199	5.64261e-15	-0.750349
19.19	2.37568	4.81483e-15	-0.757491
19.2	2.51882	3.94647e-15	-0.763638
19.21	2.6428	3.04779e-15	-0.768537
19.22	2.74182	2.12577e-15	-0.771987
19.23	2.81103	1.18211e-15	-0.773854
19.24	2.84678	2.1315e-16	-0.774073
19.25	2.84681	-7.87868e-16	-0.77266
19.26	2.81037	-1.8269e-15	-0.769707
19.27	2.73829	-2.90499e-15	-0.765381
19.28	2.63296	-4.0152e-15	-0.759917
19.29	2.49826	-5.14179e-15	-0.7536
19.3	2.33943	-6.26147e-15	-0.746759
19.31	2.16284	-7.3465e-15	-0.739744
19.32	1.97576	-8.36848e-15	-0.732912
19.33	1.78605	-9.30211e-15	-0.726609
19.34	1.60181	-1.01282e-14	-0.721155
19.35	1.43107	-1.08357e-14	-0.716832
19.36	1.28141	-1.14233e-14	-0.71387
19.37	1.15964	-1.18988e-14	-0.71244
19.38	1.07149	-1.22787e-14	-0.712648
19.39	1.02133	-1.2586e-14	-0.714532
19.4	1.01198	-1.28471e-14	-0.718061
19.41	1.04454	-1.30888e-14	-0.723133
19.42	1.11834	-1.33358e-14	-0.729584
19.43	1.23093	-1.36095e-14	-0.737187
19.44	1.37816	-1.39272e-14	-0.745661
19.45	1.55431	-1.43031e-14	-0.754676
19.46	1.75236	-1.47487e-14	-0.763867
19.47	1.96421	-1.52721e-14	-0.772844
19.48	2.18108	-1.58771e-14	-0.781206
19.49	2.39381	-1.65614e-14	-0.788554
19.5	2.5933	-1.7316e-14	-0.794514
19.51	2.77087	-1.81261e-14	-0.798752
19.52	2.91865	-1.89738e-14	-0.80099
19.53	3.02991	-1.98425e-14	-0.801025
19.54	3.0994	-2.07204e-14	-0.798745
19.55	3.12356	-2.16038e-14	-0.794135
19.56	3.10069	-2.24959e-14	-0.787284
19.57	3.03108	-2.34046e-14	-0.77839
19.58	2.91702	-2.43373e-14	-0.767746
19.59	2.76269	-2.52961e-14	-0.755735
19.6	2.57405	-2.62738e-14	-0.742812
19.61	2.35858	-2.72531e-14	-0.729478
19.62	2.125	-2.82073e-14	-0.716262
19.63	1.8829	-2.91041e-14	-0.703692
19.64	1.64237	-2.99098e-14	-0.692266
19.65	1.41356	-3.0595e-14	-0.682434
19.66	1.20622	-3.11386e-14	-0.674575
19.67	1.02936	-3.15311e-14	-0.668975
19.68	0.890787	-3.17769e-14	-0.665824
19.69	0.796799	-3.18928e-14	-0.665203
19.7	0.751893	-3.19061e-14	-0.667083
19.71	0.758553	-3.18501e-14	-0.67133
19.72	0.817125	-3.17595e-14	-0.677709
19.73	0.925781	-3.16665e-14	-0.685897
19.74	1.08057	-3.15986e-14	-0.695491
19.75	1.27555	-3.15781e-14	-0.706026
19.76	1.50306	-3.16236e-14	-0.716989
19.77	1.75395	-3.17513e-14	-0.727834
19.78	2.01803	-3.19749e-14	-0.738004
19.79	2.28443	-3.23053e-14	-0.746945
19.8	2.54208	-3.27471e-14	-0.754127
19.81	2.78015	-3.32965e-14	-0.759065
19.82	2.98851	-3.39401e-14	-0.761341
19.83	3.1582	-3.46563e-14	-0.760619
19.84	3.28176	-3.54192e-14	-0.756666
19.85	3.35357	-3.6204e-14	-0.749371
19.86	3.37014	-3.69926e-14	-0.738751
19.87	3.33021	-3.77759e-14	-0.724962
19.88	3.23489	-3.85543e-14	-0.708301
19.89	3.08758	-3.93339e-14	-0.689195
19.9	2.89389	-4.01214e-14	-0.66819
19.91	2.66139	-4.09186e-14	-0.645932
19.92	2.39934	-4.17175e-14	-0.623137
19.93	2.11828	-4.24994e-14	-0.600561
19.94	1.82967	-4.32352e-14	-0.578964
19.95	1.54534	-4.38897e-14	-0.559075
19.96	1.27706	-4.44264e-14	-0.541555
19.97	1.03603	-4.48143e-14	-0.526968
19.98	0.832424	-4.50331e-14	-0.515754
19.99	0.674929	-4.50774e-14	-0.508205
20	0.570413	-4.49578e-14	-0.504461
