1e-05,6.87581e-09
0.0166767,0.0251324
0.0333433,0.0916825
0.05001,0.188106
0.0666767,0.304824
0.0833433,0.433965
0.10001,0.569132
0.116677,0.705201
0.133343,0.838139
0.15001,0.964839
0.166677,1.08298
0.183343,1.19091
0.20001,1.28753
0.216677,1.37217
0.233343,1.44458
0.25001,1.50477
0.266677,1.55301
0.283343,1.58975
0.30001,1.61558
0.316677,1.63119
0.333343,1.63735
0.35001,1.63485
0.366677,1.62452
0.383343,1.60717
0.40001,1.58363
0.416677,1.55468
0.433343,1.52107
0.45001,1.48351
0.466677,1.44268
0.483343,1.39919
0.50001,1.35361
0.516677,1.30648
0.533343,1.25825
0.55001,1.20935
0.566677,1.16017
0.583343,1.11104
0.60001,1.06224
0.616677,1.01403
0.633343,0.96662
0.65001,0.920199
0.666677,0.874914
0.683343,0.830887
0.70001,0.788214
0.716677,0.74697
0.733343,0.707208
0.75001,0.668965
0.766677,0.632259
0.783343,0.597098
0.80001,0.563476
0.816677,0.531378
0.833343,0.50078
0.85001,0.471652
0.866676,0.443957
0.883343,0.417656
0.90001,0.392703
0.916676,0.369052
0.933343,0.346656
0.95001,0.325463
0.966676,0.305425
0.983343,0.286491
1.00001,0.268612
1.01668,0.251739
1.03334,0.235823
1.05001,0.22082
1.06668,0.206682
1.08334,0.193367
1.10001,0.180833
1.11668,0.169038
1.13334,0.157946
1.15001,0.147517
1.16668,0.137718
1.18334,0.128513
1.20001,0.119872
1.21668,0.111763
1.23334,0.104157
1.25001,0.0970258
1.26668,0.0903432
1.28334,0.0840838
1.30001,0.0782235
1.31668,0.0727395
1.33334,0.0676101
1.35001,0.0628145
1.36668,0.0583332
1.38334,0.0541476
1.40001,0.0502401
1.41668,0.0465939
1.43334,0.0431933
1.45001,0.0400232
1.46668,0.0370694
1.48334,0.0343186
1.50001,0.031758
1.51668,0.0293756
1.53334,0.0271602
1.55001,0.025101
1.56668,0.023188
1.58334,0.0214117
1.60001,0.0197631
1.61668,0.0182338
1.63334,0.0168158
1.65001,0.0155018
1.66668,0.0142846
1.68334,0.0131577
1.70001,0.0121149
1.71668,0.0111504
1.73334,0.0102588
1.75001,0.00943492
1.76668,0.00867399
1.78334,0.00797156
1.80001,0.00732342
1.81668,0.00672567
1.83334,0.00617464
1.85001,0.00566692
1.86668,0.00519932
1.88334,0.00476886
1.90001,0.00437277
1.91668,0.00400846
1.93334,0.00367354
1.95001,0.00336575
1.96668,0.00308303
1.98334,0.00282343
2.00001,0.00258517
2.01668,0.00236657
2.03334,0.00216608
2.05001,0.00198229
2.06668,0.00181385
2.08334,0.00165953
2.10001,0.00151821
2.11668,0.00138883
2.13334,0.00127042
2.15001,0.00116208
2.16668,0.00106297
2.18334,0.00097235
2.20001,0.0008895
2.21668,0.000813774
2.23334,0.000744575
2.25001,0.000681353
2.26668,0.000623602
2.28334,0.000570857
2.30001,0.00052269
2.31668,0.00047871
2.33334,0.000438556
2.35001,0.000401899
2.36668,0.000368435
2.38334,0.000337886
2.40001,0.000309999
2.41668,0.000284541
2.43334,0.000261298
2.45001,0.000240077
2.46668,0.000220699
2.48334,0.000203001
2.50001,0.000186834
2.51668,0.000172064
2.53334,0.000158565
2.55001,0.000146225
2.56668,0.000134941
2.58334,0.000124619
2.60001,0.000115172
2.61668,0.000106523
2.63334,9.86014e-05
2.65001,9.13415e-05
2.66668,8.46845e-05
2.68334,7.85768e-05
2.70001,7.29695e-05
2.71668,6.78182e-05
2.73334,6.30824e-05
2.75001,5.87253e-05
2.76668,5.47135e-05
2.78334,5.10166e-05
2.80001,4.76068e-05
2.81668,4.4459e-05
2.83334,4.15504e-05
2.85001,3.88602e-05
2.86668,3.63693e-05
2.88334,3.40608e-05
2.90001,3.19189e-05
2.91668,2.99294e-05
2.93334,2.80794e-05
2.95001,2.63573e-05
2.96668,2.47523e-05
2.98334,2.32546e-05
3.00001,2.18556e-05
3.01668,2.05472e-05
3.03334,1.93221e-05
3.05001,1.81736e-05
3.06668,1.70958e-05
3.08334,1.60831e-05
3.10001,1.51307e-05
3.11668,1.42339e-05
3.13334,1.33887e-05
3.15001,1.25913e-05
3.16668,1.18384e-05
3.18334,1.11267e-05
3.20001,1.04536e-05
3.21668,9.81646e-06
3.23334,9.21297e-06
3.25001,8.64103e-06
3.26668,8.09871e-06
3.28334,7.58426e-06
3.30001,7.0961e-06
3.31668,6.63277e-06
3.33334,6.19296e-06
3.35001,5.77546e-06
3.36668,5.37916e-06
3.38334,5.00306e-06
3.40001,4.64624e-06
3.41668,4.30783e-06
3.43334,3.98707e-06
3.45001,3.68322e-06
3.46668,3.39562e-06
3.48334,3.12363e-06
3.50001,2.86669e-06
3.51668,2.62423e-06
3.53334,2.39575e-06
3.55001,2.18075e-06
3.56668,1.97878e-06
3.58334,1.78938e-06
3.60001,1.61212e-06
3.61668,1.4466e-06
3.63334,1.29241e-06
3.65001,1.14915e-06
3.66668,1.01644e-06
3.68334,8.93898e-07
3.70001,7.8114e-07
3.71668,6.77794e-07
3.73334,5.83486e-07
3.75001,4.97844e-07
3.76668,4.20496e-07
3.78334,3.51069e-07
3.80001,2.89191e-07
3.81668,2.3449e-07
3.83334,1.86591e-07
3.85001,1.45122e-07
3.86668,1.09711e-07
3.88334,7.99848e-08
3.90001,5.55732e-08
3.91668,3.61076e-08
3.93334,2.12222e-08
3.95001,1.05546e-08
3.96668,3.74688e-09
3.98334,4.46309e-10
4.00001,3.0637e-10
4.01668,2.98766e-09
4.03334,8.15885e-09
4.05001,1.54976e-08
4.06668,2.46915e-08
4.08334,3.54389e-08
4.10001,4.745e-08
4.11668,6.04474e-08
4.13334,7.41671e-08
4.15001,8.83591e-08
4.16668,1.02788e-07
4.18334,1.17234e-07
4.20001,1.31493e-07
4.21668,1.45376e-07
4.23334,1.58713e-07
4.25001,1.71348e-07
4.26668,1.83145e-07
4.28334,1.93982e-07
4.30001,2.03756e-07
4.31668,2.1238e-07
4.33334,2.19785e-07
4.35001,2.25917e-07
4.36668,2.30738e-07
4.38334,2.34227e-07
4.40001,2.36376e-07
4.41668,2.37193e-07
4.43334,2.36698e-07
4.45001,2.34925e-07
4.46668,2.3192e-07
4.48334,2.27739e-07
4.50001,2.22448e-07
4.51668,2.16124e-07
4.53334,2.08848e-07
4.55001,2.00712e-07
4.56668,1.91812e-07
4.58334,1.82247e-07
4.60001,1.72124e-07
4.61668,1.61547e-07
4.63334,1.50626e-07
4.65001,1.39468e-07
4.66668,1.28182e-07
4.68334,1.16873e-07
4.70001,1.05644e-07
4.71668,9.45949e-08
4.73334,8.38215e-08
4.75001,7.34138e-08
4.76668,6.34563e-08
4.78334,5.40272e-08
4.80001,4.51979e-08
4.81668,3.70322e-08
4.83334,2.95866e-08
4.85001,2.29094e-08
4.86668,1.7041e-08
4.88334,1.20131e-08
4.90001,7.84959e-09
4.91668,4.56571e-09
4.93334,2.16861e-09
4.95001,6.57397e-10
4.96668,2.33305e-11
4.98334,2.50131e-10
5.00001,1.31431e-09
5.01668,3.18556e-09
5.03334,5.8272e-09
5.05001,9.1966e-09
5.06668,1.32458e-08
5.08334,1.79219e-08
5.10001,2.31677e-08
5.11668,2.89224e-08
5.13334,3.51221e-08
5.15001,4.17002e-08
5.16668,4.85885e-08
5.18334,5.57174e-08
5.20001,6.30168e-08
5.21668,7.04163e-08
5.23334,7.78464e-08
5.25001,8.52385e-08
5.26668,9.25257e-08
5.28334,9.96434e-08
5.30001,1.0653e-07
5.31668,1.13126e-07
5.33334,1.19376e-07
5.35001,1.2523e-07
5.36668,1.3064e-07
5.38334,1.35564e-07
5.40001,1.39965e-07
5.41668,1.4381e-07
5.43334,1.47072e-07
5.45001,1.49729e-07
5.46668,1.51766e-07
5.48334,1.5317e-07
5.50001,1.53938e-07
5.51668,1.54069e-07
5.53334,1.53568e-07
5.55001,1.52446e-07
5.56668,1.50718e-07
5.58334,1.48405e-07
5.60001,1.45531e-07
5.61668,1.42125e-07
5.63334,1.38219e-07
5.65001,1.3385e-07
5.66668,1.29057e-07
5.68334,1.23882e-07
5.70001,1.1837e-07
5.71668,1.12567e-07
5.73334,1.0652e-07
5.75001,1.00279e-07
5.76668,9.3892e-08
5.78334,8.741e-08
5.80001,8.08818e-08
5.81668,7.43563e-08
5.83334,6.78812e-08
5.85001,6.15026e-08
5.86668,5.52652e-08
5.88334,4.92112e-08
5.90001,4.33806e-08
5.91668,3.78106e-08
5.93334,3.25355e-08
5.95001,2.75864e-08
5.96668,2.29912e-08
5.98334,1.87739e-08
6.00001,1.49555e-08
6.01668,1.15527e-08
6.03334,8.57896e-09
6.05001,6.04364e-09
6.06668,3.95251e-09
6.08334,2.3076e-09
6.10001,1.1073e-09
6.11668,3.46505e-10
6.13334,1.66603e-11
6.15001,1.05975e-10
6.16668,5.99568e-10
6.18334,1.47967e-09
6.20001,2.72581e-09
6.21668,4.31509e-09
6.23334,6.22239e-09
6.25001,8.4206e-09
6.26668,1.08809e-08
6.28334,1.35732e-08
6.30001,1.6466e-08
6.31668,1.95271e-08
6.33334,2.27236e-08
6.35001,2.60224e-08
6.36668,2.93903e-08
6.38334,3.27942e-08
6.40001,3.62016e-08
6.41668,3.95808e-08
6.43334,4.29009e-08
6.45001,4.61323e-08
6.46668,4.92468e-08
6.48334,5.22177e-08
6.50001,5.50204e-08
6.51668,5.76317e-08
6.53334,6.00311e-08
6.55001,6.21999e-08
6.56668,6.41218e-08
6.58334,6.57831e-08
6.60001,6.71723e-08
6.61668,6.82805e-08
6.63334,6.91014e-08
6.65001,6.96312e-08
6.66668,6.98686e-08
6.68334,6.98146e-08
6.70001,6.94729e-08
6.71668,6.88493e-08
6.73334,6.79519e-08
6.75001,6.6791e-08
6.76668,6.53787e-08
6.78334,6.37291e-08
6.80001,6.1858e-08
6.81668,5.97826e-08
6.83334,5.75216e-08
6.85001,5.50948e-08
6.86668,5.2523e-08
6.88334,4.98277e-08
6.90001,4.70311e-08
6.91668,4.41558e-08
6.93334,4.12245e-08
6.95001,3.826e-08
6.96668,3.52847e-08
6.98334,3.23209e-08
7.00001,2.93901e-08
7.01668,2.65133e-08
7.03334,2.37103e-08
7.05001,2.10001e-08
7.06668,1.84004e-08
7.08334,1.59278e-08
7.10001,1.35973e-08
7.11668,1.14225e-08
7.13334,9.41532e-09
7.15001,7.58621e-09
7.16668,5.94385e-09
7.18334,4.49524e-09
7.20001,3.24565e-09
7.21668,2.19864e-09
7.23334,1.35603e-09
7.25001,7.17982e-10
7.26668,2.82992e-10
7.28334,4.79642e-11
7.30001,8.26928e-12
7.31668,1.57815e-10
7.33334,4.89132e-10
7.35001,9.93464e-10
7.36668,1.66087e-09
7.38334,2.48033e-09
7.40001,3.43985e-09
7.41668,4.52661e-09
7.43334,5.72704e-09
7.45001,7.02698e-09
7.46668,8.4118e-09
7.48334,9.86653e-09
7.50001,1.1376e-08
7.51668,1.29248e-08
7.53334,1.44978e-08
7.55001,1.60799e-08
7.56668,1.76562e-08
7.58334,1.92122e-08
7.60001,2.07341e-08
7.61668,2.22085e-08
7.63334,2.36227e-08
7.65001,2.49648e-08
7.66668,2.62238e-08
7.68334,2.73896e-08
7.70001,2.8453e-08
7.71668,2.9406e-08
7.73334,3.02415e-08
7.75001,3.09538e-08
7.76668,3.1538e-08
7.78334,3.19906e-08
7.80001,3.23092e-08
7.81668,3.24925e-08
7.83334,3.25404e-08
7.85001,3.2454e-08
7.86668,3.22354e-08
7.88334,3.18878e-08
7.90001,3.14152e-08
7.91668,3.0823e-08
7.93334,3.0117e-08
7.95001,2.93041e-08
7.96668,2.8392e-08
7.98334,2.73889e-08
8.00001,2.63036e-08
8.01668,2.51455e-08
8.03334,2.39245e-08
8.05001,2.26505e-08
8.06668,2.1334e-08
8.08334,1.99855e-08
8.10001,1.86154e-08
8.11668,1.72342e-08
8.13334,1.58524e-08
8.15001,1.44801e-08
8.16668,1.31271e-08
8.18334,1.1803e-08
8.20001,1.05168e-08
8.21668,9.27708e-09
8.23334,8.09185e-09
8.25001,6.96847e-09
8.26668,5.91364e-09
8.28334,4.93337e-09
8.30001,4.03293e-09
8.31668,3.21683e-09
8.33334,2.48879e-09
8.35001,1.85174e-09
8.36667,1.30781e-09
8.38334,8.58343e-10
8.40001,5.03884e-10
8.41667,2.44206e-10
8.43334,7.83273e-11
8.45001,4.53802e-12
8.46667,2.04293e-11
8.48334,1.2293e-10
8.50001,3.08345e-10
8.51667,5.72404e-10
8.53334,9.10301e-10
8.55001,1.31675e-09
8.56667,1.78605e-09
8.58334,2.3121e-09
8.60001,2.88852e-09
8.61667,3.50864e-09
8.63334,4.16562e-09
8.65001,4.85246e-09
8.66667,5.56208e-09
8.68334,6.28741e-09
8.70001,7.02137e-09
8.71667,7.75701e-09
8.73334,8.4875e-09
8.75001,9.20622e-09
8.76667,9.90679e-09
8.78334,1.05831e-08
8.80001,1.12295e-08
8.81667,1.18404e-08
8.83334,1.2411e-08
8.85001,1.29368e-08
8.86667,1.34136e-08
8.88334,1.38378e-08
8.90001,1.42065e-08
8.91667,1.45171e-08
8.93334,1.47675e-08
8.95001,1.49563e-08
8.96667,1.50825e-08
8.98334,1.51459e-08
9.00001,1.51464e-08
9.01667,1.50848e-08
9.03334,1.49621e-08
9.05001,1.47801e-08
9.06667,1.45409e-08
9.08334,1.42469e-08
9.10001,1.3901e-08
9.11667,1.35067e-08
9.13334,1.30675e-08
9.15001,1.25874e-08
9.16667,1.20705e-08
9.18334,1.15212e-08
9.20001,1.09443e-08
9.21667,1.03443e-08
9.23334,9.72621e-09
9.25001,9.09481e-09
9.26667,8.45502e-09
9.28334,7.81169e-09
9.30001,7.16962e-09
9.31667,6.5335e-09
9.33334,5.90785e-09
9.35001,5.29702e-09
9.36667,4.70516e-09
9.38334,4.13616e-09
9.40001,3.59364e-09
9.41667,3.08094e-09
9.43334,2.60106e-09
9.45001,2.15669e-09
9.46667,1.75016e-09
9.48334,1.38347e-09
9.50001,1.05821e-09
9.51667,7.75638e-10
9.53334,5.36623e-10
9.55001,3.41672e-10
9.56667,1.90923e-10
9.58334,8.41606e-11
9.60001,2.08191e-11
9.61667,4.61694e-17
9.63334,2.0485e-11
9.65001,8.07532e-11
9.66667,1.79001e-10
9.68334,3.13162e-10
9.70001,4.8093e-10
9.71667,6.79784e-10
9.73334,9.07012e-10
9.75001,1.15974e-09
9.76667,1.43494e-09
9.78334,1.7295e-09
9.80001,2.0402e-09
9.81667,2.36379e-09
9.83334,2.69695e-09
9.85001,3.03641e-09
9.86667,3.37888e-09
9.88334,3.72114e-09
9.90001,4.06005e-09
9.91667,4.39256e-09
9.93334,4.71573e-09
9.95001,5.02678e-09
9.96667,5.32309e-09
9.98334,5.60221e-09
10,5.86188e-09
10.0167,6.10007e-09
10.0333,6.31493e-09
10.05,6.50489e-09
10.0667,6.66859e-09
10.0833,6.80492e-09
10.1,6.91301e-09
10.1167,6.99226e-09
10.1333,7.04232e-09
10.15,7.06306e-09
10.1667,7.05462e-09
10.1833,7.01738e-09
10.2,6.95194e-09
10.2167,6.85912e-09
10.2333,6.73997e-09
10.25,6.5957e-09
10.2667,6.42774e-09
10.2833,6.23767e-09
10.3,6.02723e-09
10.3167,5.79828e-09
10.3333,5.55281e-09
10.35,5.2929e-09
10.3667,5.02072e-09
10.3833,4.73847e-09
10.4,4.44843e-09
10.4167,4.15286e-09
10.4333,3.85403e-09
10.45,3.55421e-09
10.4667,3.25562e-09
10.4833,2.96041e-09
10.5,2.67067e-09
10.5167,2.3884e-09
10.5333,2.1155e-09
10.55,1.85375e-09
10.5667,1.60479e-09
10.5833,1.37014e-09
10.6,1.15115e-09
10.6167,9.49037e-10
10.6333,7.64833e-10
10.65,5.99415e-10
10.6667,4.53486e-10
10.6833,3.27577e-10
10.7,2.22047e-10
10.7167,1.37082e-10
10.7333,7.26999e-11
10.75,2.87543e-11
10.7667,4.93765e-12
10.7833,7.88756e-13
10.8,1.56999e-11
10.8167,4.89248e-11
10.8333,9.95881e-11
10.85,1.66695e-10
10.8667,2.49143e-10
10.8833,3.4573e-10
10.9,4.55171e-10
10.9167,5.76106e-10
10.9333,7.07115e-10
10.95,8.4673e-10
10.9667,9.93446e-10
10.9833,1.14574e-09
11,1.30207e-09
11.0167,1.4609e-09
11.0333,1.62072e-09
11.05,1.78003e-09
11.0667,1.93738e-09
11.0833,2.09136e-09
11.1,2.24063e-09
11.1167,2.3839e-09
11.1333,2.51997e-09
11.15,2.64773e-09
11.1667,2.76615e-09
11.1833,2.87431e-09
11.2,2.97139e-09
11.2167,3.05668e-09
11.2333,3.12956e-09
11.25,3.18957e-09
11.2667,3.23632e-09
11.2833,3.26957e-09
11.3,3.28919e-09
11.3167,3.29514e-09
11.3333,3.28753e-09
11.35,3.26655e-09
11.3667,3.23252e-09
11.3833,3.18585e-09
11.4,3.12704e-09
11.4167,3.0567e-09
11.4333,2.9755e-09
11.45,2.8842e-09
11.4667,2.78364e-09
11.4833,2.67468e-09
11.5,2.55829e-09
11.5167,2.43543e-09
11.5333,2.30712e-09
11.55,2.1744e-09
11.5667,2.03832e-09
11.5833,1.89995e-09
11.6,1.76035e-09
11.6167,1.62057e-09
11.6333,1.48163e-09
11.65,1.34453e-09
11.6667,1.21023e-09
11.6833,1.07966e-09
11.7,9.53682e-10
11.7167,8.33115e-10
11.7333,7.18709e-10
11.75,6.11151e-10
11.7667,5.11055e-10
11.7833,4.18964e-10
11.8,3.35343e-10
11.8167,2.60578e-10
11.8333,1.94977e-10
11.85,1.38765e-10
11.8667,9.20883e-11
11.8833,5.5014e-11
11.9,2.75295e-11
11.9167,9.54656e-12
11.9333,9.02613e-13
11.95,1.36435e-12
11.9667,1.0631e-11
11.9833,2.83384e-11
12,5.40633e-11
12.0167,8.73279e-11
12.0333,1.27605e-10
12.05,1.74325e-10
12.0667,2.26877e-10
12.0833,2.84619e-10
12.1,3.46884e-10
12.1167,4.1298e-10
12.1333,4.82203e-10
12.15,5.5384e-10
12.1667,6.27173e-10
12.1833,7.01488e-10
12.2,7.76079e-10
12.2167,8.50254e-10
12.2333,9.2334e-10
12.25,9.94688e-10
12.2667,1.06368e-09
12.2833,1.12972e-09
12.3,1.19226e-09
12.3167,1.2508e-09
12.3333,1.30486e-09
12.35,1.35403e-09
12.3667,1.39794e-09
12.3833,1.43627e-09
12.4,1.46875e-09
12.4167,1.49517e-09
12.4333,1.51536e-09
12.45,1.52924e-09
12.4667,1.53674e-09
12.4833,1.53788e-09
12.5,1.53271e-09
12.5167,1.52133e-09
12.5333,1.5039e-09
12.55,1.48063e-09
12.5667,1.45177e-09
12.5833,1.4176e-09
12.6,1.37846e-09
12.6167,1.3347e-09
12.6333,1.28671e-09
12.65,1.23492e-09
12.6667,1.17977e-09
12.6833,1.12173e-09
12.7,1.06127e-09
12.7167,9.9887e-10
12.7333,9.35034e-10
12.75,8.70256e-10
12.7667,8.05027e-10
12.7833,7.39835e-10
12.8,6.75157e-10
12.8167,6.11455e-10
12.8333,5.49174e-10
12.85,4.88738e-10
12.8667,4.30545e-10
12.8833,3.74969e-10
12.9,3.22354e-10
12.9167,2.73011e-10
12.9333,2.27219e-10
12.95,1.85223e-10
12.9667,1.47229e-10
12.9833,1.13409e-10
13,8.38963e-11
13.0167,5.87879e-11
13.0333,3.81419e-11
13.05,2.19802e-11
13.0667,1.0288e-11
13.0833,3.01509e-12
13.1,7.72476e-14
13.1167,1.35743e-12
13.1333,6.70761e-12
13.15,1.59506e-11
13.1667,2.88823e-11
13.1833,4.52736e-11
13.2,6.48733e-11
13.2167,8.74099e-11
13.2333,1.12595e-10
13.25,1.40126e-10
13.2667,1.69687e-10
13.2833,2.00954e-10
13.3,2.33598e-10
13.3167,2.67283e-10
13.3333,3.01677e-10
13.35,3.36445e-10
13.3667,3.7126e-10
13.3833,4.05801e-10
13.4,4.39755e-10
13.4167,4.72824e-10
13.4333,5.0472e-10
13.45,5.35174e-10
13.4667,5.63934e-10
13.4833,5.90765e-10
13.5,6.15457e-10
13.5167,6.37818e-10
13.5333,6.57682e-10
13.55,6.74907e-10
13.5667,6.89373e-10
13.5833,7.00988e-10
13.6,7.09685e-10
13.6167,7.15421e-10
13.6333,7.1818e-10
13.65,7.1797e-10
13.6667,7.14822e-10
13.6833,7.08794e-10
13.7,6.99965e-10
13.7167,6.88433e-10
13.7333,6.74321e-10
13.75,6.57768e-10
13.7667,6.38931e-10
13.7833,6.17983e-10
13.8,5.9511e-10
13.8167,5.70512e-10
13.8333,5.44398e-10
13.85,5.16986e-10
13.8667,4.885e-10
13.8833,4.59169e-10
13.9,4.29224e-10
13.9167,3.98895e-10
13.9333,3.68414e-10
13.95,3.38005e-10
13.9667,3.0789e-10
13.9833,2.78284e-10
14,2.49391e-10
14.0167,2.21408e-10
14.0333,1.94517e-10
14.05,1.68889e-10
14.0667,1.44681e-10
14.0833,1.22036e-10
14.1,1.01079e-10
14.1167,8.19198e-11
14.1333,6.46519e-11
14.15,4.93507e-11
14.1667,3.60743e-11
14.1833,2.48633e-11
14.2,1.57408e-11
14.2167,8.71268e-12
14.2333,3.76795e-12
14.25,8.79194e-13
14.2667,3.2161e-15
14.2833,1.08171e-12
14.3,4.04209e-12
14.3167,8.79842e-12
14.3333,1.52524e-11
14.35,2.32943e-11
14.3667,3.28044e-11
14.3833,4.36538e-11
14.4,5.57061e-11
14.4167,6.88181e-11
14.4333,8.28415e-11
14.45,9.76243e-11
14.4667,1.13011e-10
14.4833,1.28847e-10
14.5,1.44974e-10
14.5167,1.61239e-10
14.5333,1.77488e-10
14.55,1.93573e-10
14.5667,2.09348e-10
14.5833,2.24676e-10
14.6,2.39425e-10
14.6167,2.5347e-10
14.6333,2.66696e-10
14.65,2.78995e-10
14.6667,2.90272e-10
14.6833,3.0044e-10
14.7,3.09424e-10
14.7167,3.1716e-10
14.7333,3.23596e-10
14.75,3.28691e-10
14.7667,3.32416e-10
14.7833,3.34755e-10
14.8,3.35703e-10
14.8167,3.35266e-10
14.8333,3.33462e-10
14.85,3.3032e-10
14.8667,3.2588e-10
14.8833,3.20191e-10
14.9,3.13311e-10
14.9167,3.05308e-10
14.9333,2.96256e-10
14.95,2.86239e-10
14.9667,2.75345e-10
14.9833,2.63668e-10
15,2.51308e-10
15.0167,2.38367e-10
15.0333,2.24949e-10
15.05,2.11163e-10
15.0667,1.97117e-10
15.0833,1.82918e-10
15.1,1.68673e-10
15.1167,1.54487e-10
15.1333,1.40464e-10
15.15,1.26703e-10
15.1667,1.13297e-10
15.1833,1.00338e-10
15.2,8.79093e-11
15.2167,7.60895e-11
15.2333,6.49501e-11
15.25,5.45559e-11
15.2667,4.49638e-11
15.2833,3.62233e-11
15.3,2.83759e-11
15.3167,2.14549e-11
15.3333,1.54855e-11
15.35,1.04847e-11
15.3667,6.46126e-12
15.3833,3.41604e-12
15.4,1.34201e-12
15.4167,2.24542e-13
15.4333,4.16949e-14
15.45,7.64569e-13
15.4667,2.35769e-12
15.4833,4.77944e-12
15.5,7.98254e-12
15.5167,1.19146e-11
15.5333,1.65184e-11
15.55,2.1733e-11
15.5667,2.74937e-11
15.5833,3.37331e-11
15.6,4.03812e-11
15.6167,4.73666e-11
15.6333,5.46169e-11
15.65,6.20588e-11
15.6667,6.96196e-11
15.6833,7.7227e-11
15.7,8.481e-11
15.7167,9.22995e-11
15.7333,9.96286e-11
15.75,1.06733e-10
15.7667,1.13553e-10
15.7833,1.2003e-10
15.8,1.26111e-10
15.8167,1.31748e-10
15.8333,1.36897e-10
15.85,1.41519e-10
15.8667,1.45579e-10
15.8833,1.4905e-10
15.9,1.51908e-10
15.9167,1.54135e-10
15.9333,1.5572e-10
15.95,1.56656e-10
15.9667,1.56941e-10
15.9833,1.56581e-10
16,1.55585e-10
16.0167,1.53968e-10
16.0333,1.51749e-10
16.05,1.48952e-10
16.0667,1.45605e-10
16.0833,1.41742e-10
16.1,1.37398e-10
16.1167,1.32612e-10
16.1333,1.27427e-10
16.15,1.21887e-10
16.1667,1.16039e-10
16.1833,1.09931e-10
16.2,1.03613e-10
16.2167,9.71341e-11
16.2333,9.05459e-11
16.25,8.38985e-11
16.2667,7.72418e-11
16.2833,7.06246e-11
16.3,6.40946e-11
16.3167,5.76977e-11
16.3333,5.14777e-11
16.35,4.54761e-11
16.3667,3.97315e-11
16.3833,3.428e-11
16.4,2.91542e-11
16.4167,2.43835e-11
16.4333,1.99937e-11
16.45,1.6007e-11
16.4667,1.2442e-11
16.4833,9.31323e-12
16.5,6.63159e-12
16.5167,4.4041e-12
16.5333,2.63397e-12
16.55,1.32071e-12
16.5667,4.60149e-13
16.5833,4.46254e-14
16.6,6.30808e-14
16.6167,5.01247e-13
16.6333,1.34183e-12
16.65,2.56472e-12
16.6667,4.1472e-12
16.6833,6.06423e-12
16.7,8.28864e-12
16.7167,1.07914e-11
16.7333,1.35421e-11
16.75,1.65087e-11
16.7667,1.96584e-11
16.7833,2.29578e-11
16.8,2.63727e-11
16.8167,2.9869e-11
16.8333,3.34127e-11
16.85,3.69702e-11
16.8667,4.05083e-11
16.8833,4.39951e-11
16.9,4.73996e-11
16.9167,5.06921e-11
16.9333,5.38447e-11
16.95,5.6831e-11
16.9667,5.96267e-11
16.9833,6.22095e-11
17,6.45595e-11
17.0167,6.66588e-11
17.0333,6.84923e-11
17.05,7.00472e-11
17.0667,7.13133e-11
17.0833,7.2283e-11
17.1,7.29513e-11
17.1167,7.33157e-11
17.1333,7.33765e-11
17.15,7.31362e-11
17.1667,7.25999e-11
17.1833,7.17751e-11
17.2,7.06714e-11
17.2167,6.93005e-11
17.2333,6.76763e-11
17.25,6.58142e-11
17.2667,6.37316e-11
17.2833,6.1447e-11
17.3,5.89806e-11
17.3167,5.63534e-11
17.3333,5.35875e-11
17.35,5.07055e-11
17.3667,4.77308e-11
17.3833,4.46869e-11
17.4,4.15973e-11
17.4167,3.84857e-11
17.4333,3.53752e-11
17.45,3.22886e-11
17.4667,2.92481e-11
17.4833,2.62747e-11
17.5,2.33888e-11
17.5167,2.06095e-11
17.5333,1.79546e-11
17.55,1.54406e-11
17.5667,1.30822e-11
17.5833,1.0893e-11
17.6,8.88455e-12
17.6167,7.06685e-12
17.6333,5.44812e-12
17.65,4.03479e-12
17.6667,2.83152e-12
17.6833,1.84114e-12
17.7,1.06475e-12
17.7167,5.01709e-13
17.7333,1.49663e-13
17.75,4.64399e-15
17.7667,6.11159e-14
17.7833,3.1206e-13
17.8,7.49063e-13
17.8167,1.36242e-12
17.8333,2.14125e-12
17.85,3.07357e-12
17.8667,4.14647e-12
17.8833,5.34621e-12
17.9,6.65834e-12
17.9167,8.06785e-12
17.9333,9.55927e-12
17.95,1.11169e-11
17.9667,1.27247e-11
17.9833,1.43668e-11
18,1.60272e-11
18.0167,1.76904e-11
18.0333,1.93409e-11
18.05,2.09638e-11
18.0667,2.25449e-11
18.0833,2.40704e-11
18.1,2.55275e-11
18.1167,2.69039e-11
18.1333,2.81887e-11
18.15,2.93715e-11
18.1667,3.04434e-11
18.1833,3.13962e-11
18.2,3.22232e-11
18.2167,3.29186e-11
18.2333,3.34779e-11
18.25,3.3898e-11
18.2667,3.41767e-11
18.2833,3.43132e-11
18.3,3.43078e-11
18.3167,3.41621e-11
18.3333,3.38787e-11
18.35,3.34613e-11
18.3667,3.29147e-11
18.3833,3.22446e-11
18.4,3.14576e-11
18.4167,3.05613e-11
18.4333,2.95638e-11
18.45,2.8474e-11
18.4667,2.73015e-11
18.4833,2.60562e-11
18.5,2.47485e-11
18.5167,2.33892e-11
18.5333,2.1989e-11
18.55,2.05591e-11
18.5667,1.91105e-11
18.5833,1.76542e-11
18.6,1.6201e-11
18.6167,1.47614e-11
18.6333,1.33458e-11
18.65,1.19639e-11
18.6667,1.06252e-11
18.6833,9.33829e-12
18.7,8.11148e-12
18.7167,6.95228e-12
18.7333,5.86748e-12
18.75,4.86316e-12
18.7667,3.94459e-12
18.7833,3.11623e-12
18.8,2.38174e-12
18.8167,1.74393e-12
18.8333,1.20476e-12
18.85,7.6538e-13
18.8667,4.261e-13
18.8833,1.86427e-13
18.9,4.50809e-14
18.9167,2.65722e-17
18.9333,4.85058e-14
18.95,1.87076e-13
18.9667,4.11656e-13
18.9833,7.17567e-13
19,1.09959e-12
19.0167,1.55202e-12
19.0333,2.06871e-12
19.05,2.64316e-12
19.0667,3.26853e-12
19.0833,3.93775e-12
19.1,4.64355e-12
19.1167,5.37852e-12
19.1333,6.13522e-12
19.15,6.90617e-12
19.1667,7.68396e-12
19.1833,8.46128e-12
19.2,9.23101e-12
19.2167,9.98623e-12
19.2333,1.07203e-11
19.25,1.14269e-11
19.2667,1.21001e-11
19.2833,1.27343e-11
19.3,1.33245e-11
19.3167,1.38659e-11
19.3333,1.43544e-11
19.35,1.47865e-11
19.3667,1.51589e-11
19.3833,1.54693e-11
19.4,1.57156e-11
19.4167,1.58965e-11
19.4333,1.60111e-11
19.45,1.60591e-11
19.4667,1.60409e-11
19.4833,1.59573e-11
19.5,1.58096e-11
19.5167,1.55998e-11
19.5333,1.533e-11
19.55,1.50033e-11
19.5667,1.46226e-11
19.5833,1.41916e-11
19.6,1.37143e-11
19.6167,1.31948e-11
19.6333,1.26378e-11
19.65,1.20478e-11
19.6667,1.14298e-11
19.6833,1.07888e-11
19.7,1.01299e-11
19.7167,9.45838e-12
19.7333,8.77932e-12
19.75,8.09786e-12
19.7667,7.41904e-12
19.7833,6.74776e-12
19.8,6.08879e-12
19.8167,5.44667e-12
19.8333,4.82571e-12
19.85,4.22997e-12
19.8667,3.66319e-12
19.8833,3.12884e-12
19.9,2.63e-12
19.9167,2.16944e-12
19.9333,1.74952e-12
19.95,1.37225e-12
19.9667,1.03925e-12
19.9833,7.51742e-13
20,5.10546e-13
20.0167,3.16108e-13
20.0333,1.68484e-13
20.05,6.73544e-14
20.0667,1.20368e-14
20.0833,1.49657e-15
20.1,3.43658e-14
20.1167,1.08961e-13
20.1333,2.23304e-13
20.15,3.75144e-13
20.1667,5.61984e-13
20.1833,7.81102e-13
20.2,1.02958e-12
20.2167,1.30434e-12
20.2333,1.60214e-12
20.25,1.91967e-12
20.2667,2.25349e-12
20.2833,2.60014e-12
20.3,2.95612e-12
20.3167,3.31795e-12
20.3333,3.68215e-12
20.35,4.04535e-12
20.3667,4.40421e-12
20.3833,4.75554e-12
20.4,5.09625e-12
20.4167,5.42344e-12
20.4333,5.73436e-12
20.45,6.02645e-12
20.4667,6.29738e-12
20.4833,6.54503e-12
20.5,6.76751e-12
20.5167,6.9632e-12
20.5333,7.1307e-12
20.55,7.26891e-12
20.5667,7.37696e-12
20.5833,7.45428e-12
20.6,7.50052e-12
20.6167,7.51564e-12
20.6333,7.49983e-12
20.65,7.45354e-12
20.6667,7.37746e-12
20.6833,7.27252e-12
20.7,7.13985e-12
20.7167,6.98082e-12
20.7333,6.79695e-12
20.75,6.58998e-12
20.7667,6.36176e-12
20.7833,6.11432e-12
20.8,5.84979e-12
20.8167,5.57039e-12
20.8333,5.27843e-12
20.85,4.97628e-12
20.8667,4.66635e-12
20.8833,4.35106e-12
20.9,4.03281e-12
20.9167,3.714e-12
20.9333,3.39697e-12
20.95,3.08401e-12
20.9667,2.77732e-12
20.9833,2.47901e-12
21,2.19105e-12
21.0167,1.91533e-12
21.0333,1.65356e-12
21.05,1.40731e-12
21.0667,1.17801e-12
21.0833,9.66894e-13
21.1,7.7504e-13
21.1167,6.0334e-13
21.1333,4.52507e-13
21.15,3.23068e-13
21.1667,2.1537e-13
21.1833,1.29575e-13
21.2,6.56685e-14
21.2167,2.34599e-14
21.2333,2.58986e-15
21.25,2.53701e-15
21.2667,2.26254e-14
21.2833,6.20339e-14
21.3,1.19805e-13
21.3167,1.94859e-13
21.3333,2.85999e-13
21.35,3.91929e-13
21.3667,5.11266e-13
21.3833,6.42548e-13
21.4,7.84252e-13
21.4167,9.34809e-13
21.4333,1.09261e-12
21.45,1.25603e-12
21.4667,1.42343e-12
21.4833,1.59318e-12
21.5,1.76366e-12
21.5167,1.9333e-12
21.5333,2.10056e-12
21.55,2.26394e-12
21.5667,2.42202e-12
21.5833,2.57346e-12
21.6,2.717e-12
21.6167,2.85146e-12
21.6333,2.97577e-12
21.65,3.08897e-12
21.6667,3.19019e-12
21.6833,3.27872e-12
21.7,3.35391e-12
21.7167,3.4153e-12
21.7333,3.46249e-12
21.75,3.49525e-12
21.7667,3.51345e-12
21.7833,3.51709e-12
21.8,3.5063e-12
21.8167,3.48131e-12
21.8333,3.44247e-12
21.85,3.39023e-12
21.8667,3.32517e-12
21.8833,3.24792e-12
21.9,3.15924e-12
21.9167,3.05994e-12
21.9333,2.95092e-12
21.95,2.83313e-12
21.9667,2.70758e-12
21.9833,2.57533e-12
22,2.43746e-12
22.0167,2.29508e-12
22.0333,2.14933e-12
22.05,2.00133e-12
22.0667,1.85222e-12
22.0833,1.70311e-12
22.1,1.55509e-12
22.1167,1.40921e-12
22.1333,1.26651e-12
22.15,1.12795e-12
22.1667,9.94455e-13
22.1833,8.66878e-13
22.2,7.46012e-13
22.2167,6.32577e-13
22.2333,5.27216e-13
22.25,4.30494e-13
22.2667,3.42893e-13
22.2833,2.64811e-13
22.3,1.96562e-13
22.3167,1.38373e-13
22.3333,9.03843e-14
22.35,5.26536e-14
22.3667,2.51539e-14
22.3833,7.77734e-15
22.4,3.3745e-16
22.4167,2.57281e-15
22.4333,1.41506e-14
22.45,3.46711e-14
22.4667,6.36722e-14
22.4833,1.00635e-13
22.5,1.44988e-13
22.5167,1.96114e-13
22.5333,2.53357e-13
22.55,3.16025e-13
22.5667,3.83401e-13
22.5833,4.54743e-13
22.6,5.29297e-13
22.6167,6.063e-13
22.6333,6.84986e-13
22.65,7.64592e-13
22.6667,8.44367e-13
22.6833,9.23574e-13
22.7,1.0015e-12
22.7167,1.07745e-12
22.7333,1.15077e-12
22.75,1.22083e-12
22.7667,1.28707e-12
22.7833,1.34893e-12
22.8,1.40593e-12
22.8167,1.45763e-12
22.8333,1.50364e-12
22.85,1.54363e-12
22.8667,1.57732e-12
22.8833,1.6045e-12
22.9,1.62501e-12
22.9167,1.63874e-12
22.9333,1.64565e-12
22.95,1.64576e-12
22.9667,1.63913e-12
22.9833,1.62588e-12
23,1.6062e-12
23.0167,1.58031e-12
23.0333,1.54848e-12
23.05,1.51103e-12
23.0667,1.46831e-12
23.0833,1.42072e-12
23.1,1.36868e-12
23.1167,1.31264e-12
23.1333,1.25309e-12
23.15,1.19052e-12
23.1667,1.12544e-12
23.1833,1.05837e-12
23.2,9.89848e-13
23.2167,9.20401e-13
23.2333,8.50555e-13
23.25,7.8083e-13
23.2667,7.11733e-13
23.2833,6.43757e-13
23.3,5.77375e-13
23.3167,5.13037e-13
23.3333,4.51165e-13
23.35,3.92154e-13
23.3667,3.36367e-13
23.3833,2.84133e-13
23.4,2.35744e-13
23.4167,1.91455e-13
23.4333,1.51484e-13
23.45,1.16007e-13
23.4667,8.51609e-14
23.4833,5.90435e-14
23.5,3.77111e-14
23.5167,2.1181e-14
23.5333,9.43169e-15
23.55,2.40387e-15
23.5667,1.8718e-18
23.5833,2.09528e-15
23.6,8.52076e-15
23.6167,1.90841e-14
23.6333,3.35625e-14
23.65,5.17069e-14
23.6667,7.32447e-14
23.6833,9.78826e-14
23.7,1.25309e-13
23.7167,1.55197e-13
23.7333,1.87207e-13
23.75,2.20992e-13
23.7667,2.56197e-13
23.7833,2.92464e-13
23.8,3.29434e-13
23.8167,3.66751e-13
23.8333,4.04066e-13
23.85,4.41035e-13
23.8667,4.77325e-13
23.8833,5.12619e-13
23.9,5.4661e-13
23.9167,5.79014e-13
23.9333,6.09561e-13
23.95,6.38006e-13
23.9667,6.64124e-13
23.9833,6.87715e-13
24,7.08605e-13
24.0167,7.26643e-13
24.0333,7.41707e-13
24.05,7.53702e-13
24.0667,7.62559e-13
24.0833,7.68237e-13
24.1,7.70721e-13
24.1167,7.70025e-13
24.1333,7.66186e-13
24.15,7.59269e-13
24.1667,7.49362e-13
24.1833,7.36575e-13
24.2,7.2104e-13
24.2167,7.02911e-13
24.2333,6.82358e-13
24.25,6.59569e-13
24.2667,6.34746e-13
24.2833,6.08105e-13
24.3,5.79871e-13
24.3167,5.50279e-13
24.3333,5.1957e-13
24.35,4.8799e-13
24.3667,4.55787e-13
24.3833,4.23208e-13
24.4,3.90501e-13
24.4167,3.57907e-13
24.4333,3.25661e-13
24.45,2.93994e-13
24.4667,2.63123e-13
24.4833,2.33256e-13
24.5,2.0459e-13
24.5167,1.77303e-13
24.5333,1.51564e-13
24.55,1.27522e-13
24.5667,1.0531e-13
24.5833,8.50424e-14
24.6,6.68176e-14
24.6167,5.07137e-14
24.6333,3.67904e-14
24.65,2.50887e-14
24.6667,1.56308e-14
24.6833,8.42042e-15
24.7,3.44332e-15
24.7167,6.67678e-16
24.7333,4.48111e-17
24.75,1.50996e-15
24.7667,4.98316e-15
24.7833,1.03703e-14
24.8,1.75639e-14
24.8167,2.64449e-14
24.8333,3.68832e-14
24.85,4.87392e-14
24.8667,6.18654e-14
24.8833,7.61072e-14
24.9,9.13048e-14
24.9167,1.07294e-13
24.9333,1.23909e-13
24.95,1.40982e-13
24.9667,1.58344e-13
24.9833,1.75831e-13
25,1.93278e-13
25.0167,2.10526e-13
25.0333,2.27421e-13
25.05,2.43814e-13
25.0667,2.59566e-13
25.0833,2.74544e-13
25.1,2.88625e-13
25.1167,3.01696e-13
25.1333,3.13655e-13
25.15,3.2441e-13
25.1667,3.33883e-13
25.1833,3.42006e-13
25.2,3.48725e-13
25.2167,3.53998e-13
25.2333,3.57796e-13
25.25,3.60104e-13
25.2667,3.60916e-13
25.2833,3.60242e-13
25.3,3.58103e-13
25.3167,3.54532e-13
25.3333,3.49571e-13
25.35,3.43276e-13
25.3667,3.35711e-13
25.3833,3.26948e-13
25.4,3.17071e-13
25.4167,3.06169e-13
25.4333,2.94337e-13
25.45,2.81678e-13
25.4667,2.683e-13
25.4833,2.54311e-13
25.5,2.39827e-13
25.5167,2.24962e-13
25.5333,2.09832e-13
25.55,1.94554e-13
25.5667,1.79243e-13
25.5833,1.6401e-13
25.6,1.48967e-13
25.6167,1.34218e-13
25.6333,1.19866e-13
25.65,1.06006e-13
25.6667,9.27283e-14
25.6833,8.0116e-14
25.7,6.82452e-14
25.7167,5.71842e-14
25.7333,4.69935e-14
25.75,3.77251e-14
25.7667,2.94223e-14
25.7833,2.212e-14
25.8,1.58439e-14
25.8167,1.06113e-14
25.8333,6.43043e-15
25.85,3.30111e-15
25.8667,1.2147e-15
25.8833,1.54411e-16
25.9,9.56493e-17
25.9167,1.00638e-15
25.9333,2.84757e-15
25.95,5.57364e-15
25.9667,9.13296e-15
25.9833,1.34685e-14
26,1.85182e-14
26.0167,2.42158e-14
26.0333,3.04915e-14
26.05,3.72721e-14
26.0667,4.44824e-14
26.0833,5.20453e-14
26.1,5.98827e-14
26.1167,6.79158e-14
26.1333,7.60664e-14
26.15,8.42569e-14
26.1667,9.24112e-14
26.1833,1.00455e-13
26.2,1.08317e-13
26.2167,1.15929e-13
26.2333,1.23225e-13
26.25,1.30145e-13
26.2667,1.36632e-13
26.2833,1.42634e-13
26.3,1.48105e-13
26.3167,1.53003e-13
26.3333,1.57293e-13
26.35,1.60945e-13
26.3667,1.63934e-13
26.3833,1.66242e-13
26.4,1.67857e-13
26.4167,1.68773e-13
26.4333,1.68989e-13
26.45,1.68512e-13
26.4667,1.67351e-13
26.4833,1.65524e-13
26.5,1.63052e-13
26.5167,1.59962e-13
26.5333,1.56285e-13
26.55,1.52056e-13
26.5667,1.47314e-13
26.5833,1.42103e-13
26.6,1.36467e-13
26.6167,1.30456e-13
26.6333,1.2412e-13
26.65,1.1751e-13
26.6667,1.10681e-13
26.6833,1.03687e-13
26.7,9.6581e-14
26.7167,8.94184e-14
26.7333,8.22526e-14
26.75,7.51361e-14
26.7667,6.81199e-14
26.7833,6.12531e-14
26.8,5.45827e-14
26.8167,4.8153e-14
26.8333,4.20053e-14
26.85,3.61779e-14
26.8667,3.07055e-14
26.8833,2.56194e-14
26.9,2.09468e-14
26.9167,1.67112e-14
26.9333,1.2932e-14
26.95,9.62443e-15
26.9667,6.79972e-15
26.9833,4.46489e-15
27,2.62291e-15
27.0167,1.27273e-15
27.0333,4.09406e-16
27.05,2.42063e-17
27.0667,1.04782e-16
27.0833,6.35344e-16
27.1,1.59687e-15
27.1167,2.96734e-15
27.1333,4.72195e-15
27.15,6.83342e-15
27.1667,9.27222e-15
27.1833,1.20069e-14
27.2,1.50043e-14
27.2167,1.82301e-14
27.2333,2.16486e-14
27.25,2.52237e-14
27.2667,2.89187e-14
27.2833,3.26967e-14
27.3,3.65212e-14
27.3167,4.03559e-14
27.3333,4.41655e-14
27.35,4.79154e-14
27.3667,5.15724e-14
27.3833,5.51049e-14
27.4,5.84828e-14
27.4167,6.1678e-14
27.4333,6.46647e-14
27.45,6.74191e-14
27.4667,6.99199e-14
27.4833,7.21483e-14
27.5,7.40883e-14
27.5167,7.57264e-14
27.5333,7.7052e-14
27.55,7.80572e-14
27.5667,7.8737e-14
27.5833,7.9089e-14
27.6,7.91139e-14
27.6167,7.88147e-14
27.6333,7.81973e-14
27.65,7.72699e-14
27.6667,7.60432e-14
27.6833,7.45303e-14
27.7,7.27461e-14
27.7167,7.07077e-14
27.7333,6.84338e-14
27.75,6.59448e-14
27.7667,6.32624e-14
27.7833,6.04095e-14
27.8,5.741e-14
27.8167,5.42885e-14
27.8333,5.107e-14
27.85,4.77799e-14
27.8667,4.44438e-14
27.8833,4.1087e-14
27.9,3.77345e-14
27.9167,3.44107e-14
27.9333,3.11394e-14
27.95,2.79434e-14
27.9667,2.48442e-14
27.9833,2.18624e-14
28,1.90171e-14
28.0167,1.63257e-14
28.0333,1.38041e-14
28.05,1.14666e-14
28.0667,9.32549e-15
28.0833,7.39132e-15
28.1,5.67273e-15
28.1167,4.17642e-15
28.1333,2.90718e-15
28.15,1.86785e-15
28.1667,1.05937e-15
28.1833,4.80832e-16
28.2,1.2949e-16
28.2167,8.52083e-19
28.2333,8.87501e-17
28.25,3.85427e-16
28.2667,8.81635e-16
28.2833,1.56675e-15
28.3,2.42886e-15
28.3167,3.45495e-15
28.3333,4.63095e-15
28.35,5.94195e-15
28.3667,7.37227e-15
28.3833,8.90565e-15
28.4,1.05254e-14
28.4167,1.22144e-14
28.4333,1.39555e-14
28.45,1.57315e-14
28.4667,1.75253e-14
28.4833,1.93199e-14
28.5,2.10989e-14
28.5167,2.28463e-14
28.5333,2.45466e-14
28.55,2.61852e-14
28.5667,2.77483e-14
28.5833,2.92229e-14
28.6,3.05971e-14
28.6167,3.18601e-14
28.6333,3.30022e-14
28.65,3.40148e-14
28.6667,3.48908e-14
28.6833,3.5624e-14
28.7,3.621e-14
28.7167,3.66452e-14
28.7333,3.69277e-14
28.75,3.70566e-14
28.7667,3.70325e-14
28.7833,3.68572e-14
28.8,3.65336e-14
28.8167,3.6066e-14
28.8333,3.54595e-14
28.85,3.47205e-14
28.8667,3.38563e-14
28.8833,3.28749e-14
28.9,3.17855e-14
28.9167,3.05977e-14
28.9333,2.93218e-14
28.95,2.79686e-14
28.9667,2.65494e-14
28.9833,2.50757e-14
29,2.35595e-14
29.0167,2.20125e-14
29.0333,2.04468e-14
29.05,1.88741e-14
29.0667,1.73061e-14
29.0833,1.57542e-14
29.1,1.42295e-14
29.1167,1.27424e-14
29.1333,1.1303e-14
29.15,9.9207e-15
29.1667,8.6043e-15
29.1833,7.36181e-15
29.2,6.20049e-15
29.2167,5.1268e-15
29.2333,4.14634e-15
29.25,3.26382e-15
29.2667,2.48308e-15
29.2833,1.80705e-15
29.3,1.23776e-15
29.3167,7.76334e-16
29.3333,4.23003e-16
29.35,1.77137e-16
29.3667,3.72566e-17
29.3833,1.07175e-18
29.4,6.55153e-17
29.4167,2.26786e-16
29.4333,4.80398e-16
29.45,8.21228e-16
29.4667,1.24358e-15
29.4833,1.74122e-15
29.5,2.30747e-15
29.5167,2.93526e-15
29.5333,3.61717e-15
29.55,4.34553e-15
29.5667,5.11247e-15
29.5833,5.90998e-15
29.6,6.73001e-15
29.6167,7.56449e-15
29.6333,8.40542e-15
29.65,9.24493e-15
29.6667,1.00753e-14
29.6833,1.08892e-14
29.7,1.16794e-14
29.7167,1.24392e-14
29.7333,1.31621e-14
29.75,1.38422e-14
29.7667,1.44741e-14
29.7833,1.50528e-14
29.8,1.55738e-14
29.8167,1.60334e-14
29.8333,1.64282e-14
29.85,1.67557e-14
29.8667,1.70137e-14
29.8833,1.72008e-14
29.9,1.73163e-14
29.9167,1.73599e-14
29.9333,1.73319e-14
29.95,1.72334e-14
29.9667,1.70659e-14
29.9833,1.68314e-14
30,1.65325e-14
30.0167,1.61723e-14
30.0333,1.57543e-14
30.05,1.52825e-14
30.0667,1.4761e-14
30.0833,1.41946e-14
30.1,1.3588e-14
30.1167,1.29465e-14
30.1333,1.22753e-14
30.15,1.158e-14
30.1667,1.08659e-14
30.1833,1.01388e-14
30.2,9.40423e-15
30.2167,8.66766e-15
30.2333,7.93456e-15
30.25,7.21023e-15
30.2667,6.49978e-15
30.2833,5.80809e-15
30.3,5.13979e-15
30.3167,4.49924e-15
30.3333,3.89046e-15
30.35,3.31713e-15
30.3667,2.78255e-15
30.3833,2.28967e-15
30.4,1.84101e-15
30.4167,1.43868e-15
30.4333,1.08439e-15
30.45,7.79396e-16
30.4667,5.24558e-16
30.4833,3.20303e-16
30.5,1.66646e-16
30.5167,6.31953e-17
30.5333,9.16898e-18
30.55,3.40706e-18
30.5667,4.43908e-17
30.5833,1.30263e-16
30.6,2.58849e-16
30.6167,4.27685e-16
30.6333,6.34041e-16
30.65,8.74949e-16
30.6667,1.14723e-15
30.6833,1.44754e-15
30.7,1.77236e-15
30.7167,2.11809e-15
30.7333,2.48101e-15
30.75,2.85737e-15
30.7667,3.24339e-15
30.7833,3.6353e-15
30.8,4.02936e-15
30.8167,4.4219e-15
30.8333,4.80935e-15
30.85,5.18827e-15
30.8667,5.55534e-15
30.8833,5.90742e-15
30.9,6.24158e-15
30.9167,6.55508e-15
30.9333,6.84541e-15
30.95,7.11031e-15
30.9667,7.34777e-15
30.9833,7.55606e-15
31,7.73372e-15
31.0167,7.87956e-15
31.0333,7.99269e-15
31.05,8.07252e-15
31.0667,8.11872e-15
31.0833,8.13125e-15
31.1,8.11037e-15
31.1167,8.05658e-15
31.1333,7.97067e-15
31.15,7.85366e-15
31.1667,7.70681e-15
31.1833,7.53161e-15
31.2,7.32975e-15
31.2167,7.10311e-15
31.2333,6.85373e-15
31.25,6.5838e-15
31.2667,6.29564e-15
31.2833,5.99168e-15
31.3,5.67442e-15
31.3167,5.34642e-15
31.3333,5.0103e-15
31.35,4.66867e-15
31.3667,4.32413e-15
31.3833,3.97928e-15
31.4,3.63664e-15
31.4167,3.29867e-15
31.4333,2.96775e-15
31.45,2.64614e-15
31.4667,2.33598e-15
31.4833,2.03926e-15
31.5,1.75785e-15
31.5167,1.49342e-15
31.5333,1.24748e-15
31.55,1.02136e-15
31.5667,8.1621e-16
31.5833,6.32964e-16
31.6,4.72374e-16
31.6167,3.34989e-16
31.6333,2.21161e-16
31.65,1.31046e-16
31.6667,6.4605e-17
31.6833,2.16118e-17
31.7,1.65789e-18
31.7167,4.15972e-18
31.7333,2.83679e-17
31.75,7.33767e-17
31.7667,1.38135e-16
31.7833,2.21458e-16
31.8,3.2204e-16
31.8167,4.38466e-16
31.8333,5.69228e-16
31.85,7.12737e-16
31.8667,8.67339e-16
31.8833,1.03133e-15
31.9,1.20296e-15
31.9167,1.38048e-15
31.9333,1.5621e-15
31.95,1.74607e-15
31.9667,1.93064e-15
31.9833,2.11411e-15
32,2.29481e-15
32.0167,2.47114e-15
32.0333,2.64157e-15
32.05,2.80465e-15
32.0667,2.95902e-15
32.0833,3.10343e-15
32.1,3.23673e-15
32.1167,3.35788e-15
32.1333,3.46598e-15
32.15,3.56025e-15
32.1667,3.64002e-15
32.1833,3.70478e-15
32.2,3.75414e-15
32.2167,3.78785e-15
32.2333,3.8058e-15
32.25,3.80799e-15
32.2667,3.79457e-15
32.2833,3.76581e-15
32.3,3.72211e-15
32.3167,3.66397e-15
32.3333,3.59201e-15
32.35,3.50694e-15
32.3667,3.40958e-15
32.3833,3.30083e-15
32.4,3.18167e-15
32.4167,3.05313e-15
32.4333,2.91631e-15
32.45,2.77236e-15
32.4667,2.62246e-15
32.4833,2.46781e-15
32.5,2.30965e-15
32.5167,2.14919e-15
32.5333,1.98766e-15
32.55,1.82626e-15
32.5667,1.66617e-15
32.5833,1.50853e-15
32.6,1.35444e-15
32.6167,1.20496e-15
32.6333,1.06106e-15
32.65,9.23678e-16
32.6667,7.93651e-16
32.6833,6.71753e-16
32.7,5.58672e-16
32.7167,4.5501e-16
32.7333,3.61279e-16
32.75,2.779e-16
32.7667,2.05203e-16
32.7833,1.43423e-16
32.8,9.27031e-17
32.8167,5.30951e-17
32.8333,2.45601e-17
32.85,6.97174e-18
32.8667,1.18984e-19
32.8833,3.70997e-18
32.9,1.73761e-17
32.9167,4.06766e-17
32.9333,7.31039e-17
32.95,1.14089e-16
32.9667,1.63008e-16
32.9833,2.19188e-16
33,2.81911e-16
33.0167,3.50427e-16
33.0333,4.23954e-16
33.05,5.01688e-16
33.0667,5.82811e-16
33.0833,6.66493e-16
33.1,7.51907e-16
33.1167,8.38227e-16
33.1333,9.24639e-16
33.15,1.01035e-15
33.1667,1.09458e-15
33.1833,1.1766e-15
33.2,1.25569e-15
33.2167,1.33118e-15
33.2333,1.40246e-15
33.25,1.46893e-15
33.2667,1.53008e-15
33.2833,1.58544e-15
33.3,1.63459e-15
33.3167,1.67718e-15
33.3333,1.71292e-15
33.35,1.74158e-15
33.3667,1.76299e-15
33.3833,1.77706e-15
33.4,1.78373e-15
33.4167,1.78303e-15
33.4333,1.77505e-15
33.45,1.75991e-15
33.4667,1.73783e-15
33.4833,1.70905e-15
33.5,1.67386e-15
33.5167,1.63263e-15
33.5333,1.58573e-15
33.55,1.5336e-15
33.5667,1.4767e-15
33.5833,1.41553e-15
33.6,1.3506e-15
33.6167,1.28246e-15
33.6333,1.21167e-15
33.65,1.13879e-15
33.6667,1.06439e-15
33.6833,9.89052e-16
33.7,9.13345e-16
33.7167,8.37831e-16
33.7333,7.63057e-16
33.75,6.89555e-16
33.7667,6.17836e-16
33.7833,5.48384e-16
33.8,4.81653e-16
33.8167,4.18069e-16
33.8333,3.5802e-16
33.85,3.01859e-16
33.8667,2.49897e-16
33.8833,2.02408e-16
33.9,1.59622e-16
33.9167,1.21726e-16
33.9333,8.88638e-17
33.95,6.11355e-17
33.9667,3.85981e-17
33.9833,2.12657e-17
34,9.11034e-18
34.0167,2.06347e-18
34.0333,1.7162e-20
34.05,2.82604e-18
34.0667,1.03093e-17
34.0833,2.22528e-17
34.1,3.84119e-17
34.1167,5.85137e-17
34.1333,8.22601e-17
34.15,1.09331e-16
34.1667,1.39386e-16
34.1833,1.72069e-16
34.2,2.07012e-16
34.2167,2.43837e-16
34.2333,2.82158e-16
34.25,3.21587e-16
34.2667,3.61736e-16
34.2833,4.02219e-16
34.3,4.42657e-16
34.3167,4.8268e-16
34.3333,5.21928e-16
34.35,5.60058e-16
34.3667,5.96741e-16
34.3833,6.31668e-16
34.4,6.64552e-16
34.4167,6.95129e-16
34.4333,7.23157e-16
34.45,7.48423e-16
34.4667,7.7074e-16
34.4833,7.89949e-16
34.5,8.0592e-16
34.5167,8.18553e-16
34.5333,8.27777e-16
34.55,8.33551e-16
34.5667,8.35862e-16
34.5833,8.34726e-16
34.6,8.3019e-16
34.6167,8.22325e-16
34.6333,8.11229e-16
34.65,7.97025e-16
34.6667,7.79859e-16
34.6833,7.59898e-16
34.7,7.3733e-16
34.7167,7.12361e-16
34.7333,6.85212e-16
34.75,6.56117e-16
34.7667,6.25322e-16
34.7833,5.93083e-16
34.8,5.59663e-16
34.8167,5.25327e-16
34.8333,4.90345e-16
34.85,4.54986e-16
34.8667,4.19516e-16
34.8833,3.84197e-16
34.9,3.49285e-16
34.9167,3.15027e-16
34.9333,2.81658e-16
34.95,2.49402e-16
34.9667,2.18471e-16
34.9833,1.89057e-16
35,1.61341e-16
35.0167,1.35482e-16
35.0333,1.11623e-16
35.05,8.9886e-17
35.0667,7.03751e-17
35.0833,5.3173e-17
35.1,3.83422e-17
35.1167,2.59248e-17
35.1333,1.59428e-17
35.15,8.39799e-18
35.1667,3.27282e-18
35.1833,5.30686e-19
35.2,1.16825e-19
35.2167,1.95911e-18
35.2333,5.96903e-18
35.25,1.20428e-17
35.2667,2.00625e-17
35.2833,2.98974e-17
35.3,4.14053e-17
35.3167,5.44336e-17
35.3333,6.88214e-17
35.35,8.44003e-17
35.3667,1.00996e-16
35.3833,1.18431e-16
35.4,1.36524e-16
35.4167,1.55094e-16
35.4333,1.73957e-16
35.45,1.92935e-16
35.4667,2.1185e-16
35.4833,2.3053e-16
35.5,2.48808e-16
35.5167,2.66525e-16
35.5333,2.83529e-16
35.55,2.99678e-16
35.5667,3.14839e-16
35.5833,3.28891e-16
35.6,3.41724e-16
35.6167,3.53241e-16
35.6333,3.63357e-16
35.65,3.72002e-16
35.6667,3.79117e-16
35.6833,3.84659e-16
35.7,3.88598e-16
35.7167,3.90918e-16
35.7333,3.91616e-16
35.75,3.90703e-16
35.7667,3.88204e-16
35.7833,3.84155e-16
35.8,3.78604e-16
35.8167,3.71613e-16
35.8333,3.63251e-16
35.85,3.53601e-16
35.8667,3.42751e-16
35.8833,3.308e-16
35.9,3.17853e-16
35.9167,3.04021e-16
35.9333,2.89421e-16
35.95,2.74173e-16
35.9667,2.58402e-16
35.9833,2.42231e-16
36,2.25788e-16
36.0167,2.09198e-16
36.0333,1.92585e-16
36.05,1.76072e-16
36.0667,1.59778e-16
36.0833,1.43817e-16
36.1,1.28298e-16
36.1167,1.13325e-16
36.1333,9.89942e-17
36.15,8.53959e-17
36.1667,7.26114e-17
36.1833,6.0714e-17
36.2,4.97681e-17
36.2167,3.98291e-17
36.2333,3.09433e-17
36.25,2.31471e-17
36.2667,1.64675e-17
36.2833,1.09221e-17
36.3,6.51892e-18
36.3167,3.25655e-18
36.3333,1.12462e-18
36.35,1.03906e-19
36.3667,1.66771e-19
36.3833,1.27753e-18
36.4,3.39296e-18
36.4167,6.46278e-18
36.4333,1.04302e-17
36.45,1.52327e-17
36.4667,2.08024e-17
36.4833,2.70667e-17
36.5,3.39494e-17
36.5167,4.13709e-17
36.5333,4.92491e-17
36.55,5.75001e-17
36.5667,6.6039e-17
36.5833,7.47805e-17
36.6,8.36394e-17
36.6167,9.25318e-17
36.6333,1.01375e-16
36.65,1.10089e-16
36.6667,1.18597e-16
36.6833,1.26824e-16
36.7,1.34701e-16
36.7167,1.42161e-16
36.7333,1.49145e-16
36.75,1.55595e-16
36.7667,1.61464e-16
36.7833,1.66705e-16
36.8,1.71281e-16
36.8167,1.75161e-16
36.8333,1.78318e-16
36.85,1.80734e-16
36.8667,1.82397e-16
36.8833,1.833e-16
36.9,1.83444e-16
36.9167,1.82835e-16
36.9333,1.81486e-16
36.95,1.79416e-16
36.9667,1.76649e-16
36.9833,1.73214e-16
37,1.69146e-16
37.0167,1.64483e-16
37.0333,1.5927e-16
37.05,1.53552e-16
37.0667,1.4738e-16
37.0833,1.40806e-16
37.1,1.33886e-16
37.1167,1.26676e-16
37.1333,1.19235e-16
37.15,1.11622e-16
37.1667,1.03895e-16
37.1833,9.61133e-17
37.2,8.83353e-17
37.2167,8.06178e-17
37.2333,7.30159e-17
37.25,6.55829e-17
37.2667,5.83693e-17
37.2833,5.14228e-17
37.3,4.47881e-17
37.3167,3.85062e-17
37.3333,3.26145e-17
37.35,2.71462e-17
37.3667,2.21306e-17
37.3833,1.75926e-17
37.4,1.35528e-17
37.4167,1.00271e-17
37.4333,7.02721e-18
37.45,4.56015e-18
37.4667,2.62861e-18
37.4833,1.23092e-18
37.5,3.61171e-19
37.5167,9.37375e-21
37.5333,1.61624e-19
37.55,8.00307e-19
37.5667,1.90432e-18
37.5833,3.44934e-18
37.6,5.40804e-18
37.6167,7.75046e-18
37.6333,1.04442e-17
37.65,1.34549e-17
37.6667,1.67462e-17
37.6833,2.02806e-17
37.7,2.40194e-17
37.7167,2.79231e-17
37.7333,3.19519e-17
37.75,3.60656e-17
37.7667,4.02245e-17
37.7833,4.43895e-17
37.8,4.8522e-17
37.8167,5.25848e-17
37.8333,5.65421e-17
37.85,6.03594e-17
37.8667,6.40047e-17
37.8833,6.74475e-17
37.9,7.066e-17
37.9167,7.36167e-17
37.9333,7.6295e-17
37.95,7.86747e-17
37.9667,8.07387e-17
37.9833,8.24729e-17
38,8.3866e-17
38.0167,8.491e-17
38.0333,8.55998e-17
38.05,8.59333e-17
38.0667,8.59114e-17
38.0833,8.5538e-17
38.1,8.48197e-17
38.1167,8.3766e-17
38.1333,8.23888e-17
38.15,8.07025e-17
38.1667,7.87237e-17
38.1833,7.64714e-17
38.2,7.39661e-17
38.2167,7.12302e-17
38.2333,6.82875e-17
38.25,6.5163e-17
38.2667,6.18829e-17
38.2833,5.84739e-17
38.3,5.49635e-17
38.3167,5.13792e-17
38.3333,4.77488e-17
38.35,4.40998e-17
38.3667,4.04593e-17
38.3833,3.68539e-17
38.4,3.33092e-17
38.4167,2.98498e-17
38.4333,2.64991e-17
38.45,2.32792e-17
38.4667,2.02105e-17
38.4833,1.73119e-17
38.5,1.46004e-17
38.5167,1.20911e-17
38.5333,9.79731e-18
38.55,7.73005e-18
38.5667,5.89846e-18
38.5833,4.30953e-18
38.6,2.96814e-18
38.6167,1.87708e-18
38.6333,1.03707e-18
38.65,4.46814e-19
38.6667,1.03027e-19
38.6833,5.44702e-22
38.7,1.32384e-19
38.7167,4.89848e-19
38.7333,1.06264e-18
38.75,1.83896e-18
38.7667,2.80567e-18
38.7833,3.9484e-18
38.8,5.2517e-18
38.8167,6.69918e-18
38.8333,8.27369e-18
38.85,9.95743e-18
38.8667,1.17321e-17
38.8833,1.35792e-17
38.9,1.548e-17
38.9167,1.74156e-17
38.9333,1.93675e-17
38.95,2.13174e-17
38.9667,2.32474e-17
38.9833,2.51402e-17
39,2.69791e-17
39.0167,2.87483e-17
39.0333,3.04328e-17
39.05,3.20188e-17
39.0667,3.34936e-17
39.0833,3.48454e-17
39.1,3.60639e-17
39.1167,3.71402e-17
39.1333,3.80665e-17
39.15,3.88366e-17
39.1667,3.94456e-17
39.1833,3.989e-17
39.2,4.0168e-17
39.2167,4.02788e-17
39.2333,4.02234e-17
39.25,4.00038e-17
39.2667,3.96236e-17
39.2833,3.90875e-17
39.3,3.84014e-17
39.3167,3.75724e-17
39.3333,3.66086e-17
39.35,3.55191e-17
39.3667,3.43137e-17
39.3833,3.30031e-17
39.4,3.15988e-17
39.4167,3.01126e-17
39.4333,2.85568e-17
39.45,2.69441e-17
39.4667,2.52875e-17
39.4833,2.35998e-17
39.5,2.18941e-17
39.5167,2.01833e-17
39.5333,1.848e-17
39.55,1.67965e-17
39.5667,1.51448e-17
39.5833,1.35363e-17
39.6,1.19818e-17
39.6167,1.04914e-17
39.6333,9.0745e-18
39.65,7.73976e-18
39.6667,6.49491e-18
39.6833,5.34679e-18
39.7,4.30132e-18
39.7167,3.36347e-18
39.7333,2.53722e-18
39.75,1.82557e-18
39.7667,1.23052e-18
39.7833,7.53119e-19
39.8,3.93415e-19
39.8167,1.50531e-19
39.8333,2.26693e-20
39.85,7.15185e-21
39.8667,1.00463e-19
39.8833,2.98294e-19
39.9,5.95601e-19
39.9167,9.86655e-19
39.9333,1.46511e-18
39.95,2.02406e-18
39.9667,2.65613e-18
39.9833,3.35349e-18
40,4.108e-18
40.0167,4.91123e-18
40.0333,5.75455e-18
40.05,6.62921e-18
40.0667,7.52639e-18
40.0833,8.43732e-18
40.1,9.35328e-18
40.1167,1.02657e-17
40.1333,1.11663e-17
40.15,1.20471e-17
40.1667,1.29002e-17
40.1833,1.37184e-17
40.2,1.44949e-17
40.2167,1.52232e-17
40.2333,1.58976e-17
40.25,1.65127e-17
40.2667,1.70638e-17
40.2833,1.7547e-17
40.3,1.79589e-17
40.3167,1.82966e-17
40.3333,1.85581e-17
40.35,1.8742e-17
40.3667,1.88476e-17
40.3833,1.88748e-17
40.4,1.88243e-17
40.4167,1.86971e-17
40.4333,1.84951e-17
40.45,1.82208e-17
40.4667,1.78771e-17
40.4833,1.74674e-17
40.5,1.69958e-17
40.5167,1.64666e-17
40.5333,1.58846e-17
40.55,1.52549e-17
40.5667,1.4583e-17
40.5833,1.38744e-17
40.6,1.31352e-17
40.6167,1.23712e-17
40.6333,1.15885e-17
40.65,1.07933e-17
40.6667,9.99169e-18
40.6833,9.18962e-18
40.7,8.39303e-18
40.7167,7.60766e-18
40.7333,6.83903e-18
40.75,6.09243e-18
40.7667,5.37283e-18
40.7833,4.68489e-18
40.8,4.03291e-18
40.8167,3.4208e-18
40.8333,2.85206e-18
40.85,2.32977e-18
40.8667,1.85656e-18
40.8833,1.43461e-18
40.9,1.06563e-18
40.9167,7.50878e-19
40.9333,4.91132e-19
40.95,2.86719e-19
40.9667,1.37513e-19
40.9833,4.29467e-20
41,2.02579e-21
41.0167,1.33488e-20
41.0333,7.51267e-20
41.05,1.85206e-19
41.0667,3.41095e-19
41.0833,5.39989e-19
41.1,7.78806e-19
41.1167,1.05421e-18
41.1333,1.36264e-18
41.15,1.70037e-18
41.1667,2.06351e-18
41.1833,2.44805e-18
41.2,2.8499e-18
41.2167,3.26493e-18
41.2333,3.68899e-18
41.25,4.11796e-18
41.2667,4.54776e-18
41.2833,4.9744e-18
41.3,5.39401e-18
41.3167,5.80286e-18
41.3333,6.19738e-18
41.35,6.57422e-18
41.3667,6.93022e-18
41.3833,7.26248e-18
41.4,7.56835e-18
41.4167,7.84546e-18
41.4333,8.09172e-18
41.45,8.30533e-18
41.4667,8.48483e-18
41.4833,8.62903e-18
41.5,8.7371e-18
41.5167,8.80849e-18
41.5333,8.84299e-18
41.55,8.84069e-18
41.5667,8.80198e-18
41.5833,8.72755e-18
41.6,8.61838e-18
41.6167,8.47571e-18
41.6333,8.30103e-18
41.65,8.09609e-18
41.6667,7.86282e-18
41.6833,7.60339e-18
41.7,7.32012e-18
41.7167,7.01549e-18
41.7333,6.69209e-18
41.75,6.35266e-18
41.7667,5.99997e-18
41.7833,5.63688e-18
41.8,5.26627e-18
41.8167,4.89101e-18
41.8333,4.51398e-18
41.85,4.13799e-18
41.8667,3.7658e-18
41.8833,3.40007e-18
41.9,3.04337e-18
41.9167,2.69813e-18
41.9333,2.36663e-18
41.95,2.05099e-18
41.9667,1.75316e-18
41.9833,1.47491e-18
42,1.2178e-18
42.0167,9.83178e-19
42.0333,7.72197e-19
42.05,5.8578e-19
42.0667,4.24636e-19
42.0833,2.89251e-19
42.1,1.79893e-19
42.1167,9.66122e-20
42.1333,3.92483e-20
42.15,7.43449e-21
42.1667,6.06101e-22
42.1833,1.80095e-20
42.2,5.87127e-20
42.2167,1.21616e-19
42.2333,2.05467e-19
42.25,3.08871e-19
42.2667,4.30307e-19
42.2833,5.68144e-19
42.3,7.20655e-19
42.3167,8.86031e-19
42.3333,1.0624e-18
42.35,1.24785e-18
42.3667,1.44044e-18
42.3833,1.63819e-18
42.4,1.83915e-18
42.4167,2.04138e-18
42.4333,2.24297e-18
42.45,2.44205e-18
42.4667,2.63684e-18
42.4833,2.8256e-18
42.5,3.0067e-18
42.5167,3.1786e-18
42.5333,3.33987e-18
42.55,3.48921e-18
42.5667,3.62542e-18
42.5833,3.74747e-18
42.6,3.85444e-18
42.6167,3.94556e-18
42.6333,4.02023e-18
42.65,4.07797e-18
42.6667,4.11846e-18
42.6833,4.14155e-18
42.7,4.14722e-18
42.7167,4.13559e-18
42.7333,4.10693e-18
42.75,4.06166e-18
42.7667,4.00031e-18
42.7833,3.92355e-18
42.8,3.83217e-18
42.8167,3.72703e-18
42.8333,3.60914e-18
42.85,3.47957e-18
42.8667,3.33946e-18
42.8833,3.19004e-18
42.9,3.03258e-18
42.9167,2.86838e-18
42.9333,2.69881e-18
42.95,2.52521e-18
42.9667,2.34897e-18
42.9833,2.17144e-18
43,1.99398e-18
43.0167,1.81791e-18
43.0333,1.64452e-18
43.05,1.47504e-18
43.0667,1.31064e-18
43.0833,1.15244e-18
43.1,1.00148e-18
43.1167,8.58702e-19
43.1333,7.2498e-19
43.15,6.01084e-19
43.1667,4.87691e-19
43.1833,3.85374e-19
43.2,2.94603e-19
43.2167,2.15745e-19
43.2333,1.49059e-19
43.25,9.46984e-20
43.2667,5.27146e-20
43.2833,2.30548e-20
43.3,5.56714e-21
43.3167,3.69707e-24
43.3333,6.02463e-21
43.35,2.32031e-20
43.3667,5.10307e-20
43.3833,8.89234e-20
43.4,1.36228e-19
43.4167,1.92229e-19
43.4333,2.56156e-19
43.45,3.27191e-19
43.4667,4.04477e-19
43.4833,4.87122e-19
43.5,5.74213e-19
43.5167,6.64821e-19
43.5333,7.58007e-19
43.55,8.52832e-19
43.5667,9.48366e-19
43.5833,1.04369e-18
43.6,1.13791e-18
43.6167,1.23017e-18
43.6333,1.31963e-18
43.65,1.4055e-18
43.6667,1.48704e-18
43.6833,1.56357e-18
43.7,1.63444e-18
43.7167,1.69909e-18
43.7333,1.75701e-18
43.75,1.80776e-18
43.7667,1.85097e-18
43.7833,1.88634e-18
43.8,1.91364e-18
43.8167,1.93272e-18
43.8333,1.9435e-18
43.85,1.94596e-18
43.8667,1.94018e-18
43.8833,1.92627e-18
43.9,1.90445e-18
43.9167,1.87496e-18
43.9333,1.83813e-18
43.95,1.79433e-18
43.9667,1.744e-18
43.9833,1.68761e-18
44,1.62569e-18
44.0167,1.55878e-18
44.0333,1.48748e-18
44.05,1.41241e-18
44.0667,1.33419e-18
44.0833,1.25348e-18
44.1,1.17094e-18
44.1167,1.08724e-18
44.1333,1.00302e-18
44.15,9.18949e-19
44.1667,8.35655e-19
44.1833,7.53759e-19
44.2,6.73854e-19
44.2167,5.96506e-19
44.2333,5.22247e-19
44.25,4.5157e-19
44.2667,3.84931e-19
44.2833,3.2274e-19
44.3,2.6536e-19
44.3167,2.13109e-19
44.3333,1.66253e-19
44.35,1.25005e-19
44.3667,8.95309e-20
44.3833,5.99404e-20
44.4,3.62934e-20
44.4167,1.85983e-20
44.4333,6.81324e-21
44.45,8.48016e-22
44.4667,5.65482e-22
44.4833,5.78393e-21
44.5,1.62796e-20
44.5167,3.17893e-20
44.5333,5.20139e-20
44.55,7.6621e-20
44.5667,1.05249e-19
44.5833,1.3751e-19
44.6,1.72996e-19
44.6167,2.11278e-19
44.6333,2.51914e-19
44.65,2.94454e-19
44.6667,3.38439e-19
44.6833,3.83409e-19
44.7,4.28905e-19
44.7167,4.74476e-19
44.7333,5.19676e-19
44.75,5.64076e-19
44.7667,6.0726e-19
44.7833,6.48834e-19
44.8,6.88423e-19
44.8167,7.2568e-19
44.8333,7.60284e-19
44.85,7.91943e-19
44.8667,8.20398e-19
44.8833,8.45422e-19
44.9,8.66823e-19
44.9167,8.84444e-19
44.9333,8.98163e-19
44.95,9.07898e-19
44.9667,9.13599e-19
44.9833,9.15255e-19
45,9.12889e-19
45.0167,9.06561e-19
45.0333,8.96363e-19
45.05,8.8242e-19
45.0667,8.64886e-19
45.0833,8.43947e-19
45.1,8.19812e-19
45.1167,7.92717e-19
45.1333,7.62919e-19
45.15,7.30693e-19
45.1667,6.96332e-19
45.1833,6.60143e-19
45.2,6.22442e-19
45.2167,5.83554e-19
45.2333,5.43807e-19
45.25,5.03532e-19
45.2667,4.6306e-19
45.2833,4.22713e-19
45.3,3.82812e-19
45.3167,3.43663e-19
45.3333,3.05562e-19
45.35,2.6879e-19
45.3667,2.33611e-19
45.3833,2.00268e-19
45.4,1.68986e-19
45.4167,1.39963e-19
45.4333,1.13378e-19
45.45,8.93807e-20
45.4667,6.80973e-20
45.4833,4.96265e-20
45.5,3.40402e-20
45.5167,2.13836e-20
45.5333,1.16748e-20
45.55,4.90575e-21
45.5667,1.04251e-21
45.5833,2.62871e-23
45.6,1.77438e-21
45.6167,6.18147e-21
45.6333,1.31209e-20
45.65,2.24466e-20
45.6667,3.39941e-20
45.6833,4.75831e-20
45.7,6.30189e-20
45.7167,8.00947e-20
45.7333,9.85934e-20
45.75,1.1829e-19
45.7667,1.38953e-19
45.7833,1.60349e-19
45.8,1.82241e-19
45.8167,2.04393e-19
45.8333,2.26572e-19
45.85,2.48549e-19
45.8667,2.70104e-19
45.8833,2.91022e-19
45.9,3.111e-19
45.9167,3.30146e-19
45.9333,3.47983e-19
45.95,3.64447e-19
45.9667,3.7939e-19
45.9833,3.92681e-19
46,4.04207e-19
46.0167,4.13873e-19
46.0333,4.21604e-19
46.05,4.27344e-19
46.0667,4.31056e-19
46.0833,4.32722e-19
46.1,4.32344e-19
46.1167,4.29945e-19
46.1333,4.25564e-19
46.15,4.19258e-19
46.1667,4.11102e-19
46.1833,4.01187e-19
46.2,3.89618e-19
46.2167,3.76516e-19
46.2333,3.62013e-19
46.25,3.46251e-19
46.2667,3.29384e-19
46.2833,3.11572e-19
46.3,2.92983e-19
46.3167,2.73787e-19
46.3333,2.54159e-19
46.35,2.34277e-19
46.3667,2.14314e-19
46.3833,1.94445e-19
46.4,1.7484e-19
46.4167,1.55662e-19
46.4333,1.37068e-19
46.45,1.1921e-19
46.4667,1.02225e-19
46.4833,8.62433e-20
46.5,7.13812e-20
46.5167,5.77427e-20
46.5333,4.54183e-20
46.55,3.44837e-20
46.5667,2.5e-20
46.5833,1.70129e-20
46.6,1.05527e-20
46.6167,5.63415e-21
46.6333,2.25685e-21
46.65,4.05206e-22
46.6667,4.90318e-23
46.6833,1.14408e-21
46.7,3.63275e-21
46.7167,7.44487e-21
46.7333,1.24986e-20
46.75,1.87017e-20
46.7667,2.5952e-20
46.7833,3.41393e-20
46.8,4.31464e-20
46.8167,5.28499e-20
46.8333,6.31224e-20
46.85,7.38328e-20
46.8667,8.48487e-20
46.8833,9.60369e-20
46.9,1.07265e-19
46.9167,1.18404e-19
46.9333,1.29326e-19
46.95,1.39909e-19
46.9667,1.50038e-19
46.9833,1.59603e-19
47,1.68502e-19
47.0167,1.76642e-19
47.0333,1.83941e-19
47.05,1.90325e-19
47.0667,1.95731e-19
47.0833,2.00109e-19
47.1,2.0342e-19
47.1167,2.05635e-19
47.1333,2.0674e-19
47.15,2.0673e-19
47.1667,2.05613e-19
47.1833,2.0341e-19
47.2,2.00152e-19
47.2167,1.95881e-19
47.2333,1.90648e-19
47.25,1.84515e-19
47.2667,1.77552e-19
47.2833,1.69839e-19
47.3,1.61459e-19
47.3167,1.52506e-19
47.3333,1.43074e-19
47.35,1.33264e-19
47.3667,1.2318e-19
47.3833,1.12926e-19
47.4,1.02608e-19
47.4167,9.2329e-20
47.4333,8.21931e-20
47.45,7.22997e-20
47.4667,6.27449e-20
47.4833,5.36195e-20
47.5,4.50083e-20
47.5167,3.69893e-20
47.5333,2.96328e-20
47.55,2.30007e-20
47.5667,1.71455e-20
47.5833,1.21104e-20
47.6,7.92839e-21
47.6167,4.62215e-21
47.6333,2.20381e-21
47.65,6.74939e-22
47.6667,2.65563e-23
47.6833,2.39385e-22
47.7,1.28415e-21
47.7167,3.12205e-21
47.7333,5.70531e-21
47.75,8.97786e-21
47.7667,1.28761e-20
47.7833,1.73299e-20
47.8,2.22633e-20
47.8167,2.75956e-20
47.8333,3.32427e-20
47.85,3.91176e-20
47.8667,4.51322e-20
47.8833,5.11978e-20
47.9,5.72267e-20
47.9167,6.31329e-20
47.9333,6.88333e-20
47.95,7.42491e-20
47.9667,7.93059e-20
47.9833,8.39354e-20
48,8.80759e-20
48.0167,9.16729e-20
48.0333,9.46799e-20
48.05,9.70588e-20
48.0667,9.87804e-20
48.0833,9.98247e-20
48.1,1.00181e-19
48.1167,9.98477e-20
48.1333,9.88331e-20
48.15,9.71543e-20
48.1667,9.48372e-20
48.1833,9.19163e-20
48.2,8.8434e-20
48.2167,8.44398e-20
48.2333,7.99901e-20
48.25,7.51467e-20
48.2667,6.99767e-20
48.2833,6.45508e-20
48.3,5.8943e-20
48.3167,5.32289e-20
48.3333,4.74851e-20
48.35,4.17881e-20
48.3667,3.62128e-20
48.3833,3.0832e-20
48.4,2.5715e-20
48.4167,2.09266e-20
48.4333,1.65262e-20
48.45,1.25671e-20
48.4667,9.09551e-21
48.4833,6.14992e-21
48.5,3.76045e-21
48.5167,1.94844e-21
48.5333,7.2607e-22
48.55,9.61416e-23
48.5667,5.19976e-23
48.5833,5.77586e-22
48.6,1.64767e-21
48.6167,3.22818e-21
48.6333,5.27671e-21
48.65,7.74318e-21
48.6667,1.05706e-20
48.6833,1.3696e-20
48.7,1.70514e-20
48.7167,2.0565e-20
48.7333,2.41624e-20
48.75,2.77679e-20
48.7667,3.13058e-20
48.7833,3.4702e-20
48.8,3.78851e-20
48.8167,4.07879e-20
48.8333,4.3349e-20
48.85,4.55136e-20
48.8667,4.72352e-20
48.8833,4.84764e-20
48.9,4.92099e-20
48.9167,4.94189e-20
48.9333,4.90981e-20
48.95,4.82535e-20
48.9667,4.69026e-20
48.9833,4.50739e-20
49,4.28066e-20
49.0167,4.01499e-20
49.0333,3.71614e-20
49.05,3.39063e-20
49.0667,3.0456e-20
49.0833,2.68859e-20
49.1,2.32743e-20
49.1167,1.97e-20
49.1333,1.62405e-20
49.15,1.297e-20
49.1667,9.95767e-21
49.1833,7.26541e-21
49.2,4.94656e-21
49.2167,3.0441e-21
49.2333,1.58945e-21
49.25,6.01466e-22
49.2667,8.56669e-23
49.2833,3.39385e-23
49.3,4.24523e-22
49.3167,1.22243e-21
49.3333,2.38026e-21
49.35,3.8394e-21
49.3667,5.53165e-21
49.3833,7.38119e-21
49.4,9.30685e-21
49.4167,1.12248e-20
49.4333,1.30512e-20
49.45,1.47053e-20
49.4667,1.61125e-20
49.4833,1.72071e-20
49.5,1.79357e-20
49.5167,1.82591e-20
49.5333,1.81551e-20
49.55,1.76201e-20
49.5667,1.66703e-20
49.5833,1.53421e-20
49.6,1.36918e-20
49.6167,1.1794e-20
49.6333,9.73962e-21
49.65,7.63254e-21
49.6667,5.58494e-21
49.6833,3.71212e-21
49.7,2.12605e-21
49.7167,9.28268e-22
49.7333,2.02281e-22
49.75,5.63242e-24
49.7667,3.62264e-22
49.7833,1.2556e-21
49.8,2.62307e-21
49.8167,4.35293e-21
49.8333,6.28434e-21
49.85,8.212e-21
49.8667,9.89672e-21
49.8833,1.10836e-20
49.9,1.153e-20
49.9167,1.10448e-20
49.9333,9.54307e-21
49.95,7.11733e-21
49.9667,4.12993e-21
49.9833,1.33014e-21
