1e-05,2.19267e-15
0.0166767,8.72657e-07
0.0333433,1.20396e-05
0.05001,5.61433e-05
0.0666767,0.000166257
0.0833433,0.000382939
0.10001,0.000751699
0.116677,0.00132085
0.133343,0.00213967
0.15001,0.00325691
0.166677,0.00471953
0.183343,0.00657171
0.20001,0.00885402
0.216677,0.0116029
0.233343,0.0148499
0.25001,0.0186221
0.266677,0.0229409
0.283343,0.0278229
0.30001,0.0332795
0.316677,0.0393167
0.333343,0.0459359
0.35001,0.0531337
0.366677,0.0609022
0.383343,0.0692293
0.40001,0.0780992
0.416677,0.0874924
0.433343,0.0973862
0.45001,0.107755
0.466677,0.118571
0.483343,0.129804
0.50001,0.141422
0.516677,0.153391
0.533343,0.165677
0.55001,0.178243
0.566677,0.191054
0.583343,0.204074
0.60001,0.217264
0.616677,0.230589
0.633343,0.244012
0.65001,0.257497
0.666677,0.27101
0.683343,0.284516
0.70001,0.297981
0.716677,0.311374
0.733343,0.324663
0.75001,0.337818
0.766677,0.350812
0.783343,0.363617
0.80001,0.376208
0.816677,0.38856
0.833343,0.400651
0.85001,0.41246
0.866676,0.423967
0.883343,0.435155
0.90001,0.446007
0.916676,0.456507
0.933343,0.466643
0.95001,0.476402
0.966676,0.485772
0.983343,0.494745
1.00001,0.503313
1.01668,0.511467
1.03334,0.519203
1.05001,0.526516
1.06668,0.533401
1.08334,0.539857
1.10001,0.545882
1.11668,0.551474
1.13334,0.556635
1.15001,0.561365
1.16668,0.565667
1.18334,0.569543
1.20001,0.572995
1.21668,0.576029
1.23334,0.578649
1.25001,0.58086
1.26668,0.582669
1.28334,0.584081
1.30001,0.585104
1.31668,0.585745
1.33334,0.586011
1.35001,0.585912
1.36668,0.585456
1.38334,0.584651
1.40001,0.583507
1.41668,0.582033
1.43334,0.58024
1.45001,0.578137
1.46668,0.575734
1.48334,0.573042
1.50001,0.57007
1.51668,0.56683
1.53334,0.563333
1.55001,0.559587
1.56668,0.555605
1.58334,0.551397
1.60001,0.546974
1.61668,0.542346
1.63334,0.537523
1.65001,0.532516
1.66668,0.527336
1.68334,0.521992
1.70001,0.516494
1.71668,0.510854
1.73334,0.50508
1.75001,0.499182
1.76668,0.493169
1.78334,0.487051
1.80001,0.480837
1.81668,0.474535
1.83334,0.468154
1.85001,0.461704
1.86668,0.455191
1.88334,0.448623
1.90001,0.44201
1.91668,0.435357
1.93334,0.428672
1.95001,0.421963
1.96668,0.415235
1.98334,0.408496
2.00001,0.401751
2.01668,0.395007
2.03334,0.388269
2.05001,0.381543
2.06668,0.374834
2.08334,0.368147
2.10001,0.361486
2.11668,0.354857
2.13334,0.348264
2.15001,0.34171
2.16668,0.3352
2.18334,0.328737
2.20001,0.322324
2.21668,0.315965
2.23334,0.309663
2.25001,0.30342
2.26668,0.297239
2.28334,0.291123
2.30001,0.285073
2.31668,0.279092
2.33334,0.273182
2.35001,0.267344
2.36668,0.26158
2.38334,0.255891
2.40001,0.250279
2.41668,0.244744
2.43334,0.239288
2.45001,0.233911
2.46668,0.228615
2.48334,0.2234
2.50001,0.218265
2.51668,0.213213
2.53334,0.208242
2.55001,0.203354
2.56668,0.198548
2.58334,0.193825
2.60001,0.189183
2.61668,0.184624
2.63334,0.180147
2.65001,0.175751
2.66668,0.171437
2.68334,0.167204
2.70001,0.163051
2.71668,0.158978
2.73334,0.154984
2.75001,0.15107
2.76668,0.147233
2.78334,0.143473
2.80001,0.139791
2.81668,0.136184
2.83334,0.132652
2.85001,0.129195
2.86668,0.125811
2.88334,0.122499
2.90001,0.119259
2.91668,0.11609
2.93334,0.11299
2.95001,0.109959
2.96668,0.106996
2.98334,0.1041
3.00001,0.10127
3.01668,0.098504
3.03334,0.0958023
3.05001,0.0931634
3.06668,0.0905863
3.08334,0.0880699
3.10001,0.0856132
3.11668,0.0832153
3.13334,0.0808751
3.15001,0.0785915
3.16668,0.0763637
3.18334,0.0741904
3.20001,0.0720708
3.21668,0.0700038
3.23334,0.0679884
3.25001,0.0660237
3.26668,0.0641086
3.28334,0.0622422
3.30001,0.0604236
3.31668,0.0586516
3.33334,0.0569255
3.35001,0.0552442
3.36668,0.0536068
3.38334,0.0520125
3.40001,0.0504603
3.41668,0.0489492
3.43334,0.0474785
3.45001,0.0460472
3.46668,0.0446545
3.48334,0.0432995
3.50001,0.0419813
3.51668,0.0406993
3.53334,0.0394524
3.55001,0.03824
3.56668,0.0370613
3.58334,0.0359153
3.60001,0.0348015
3.61668,0.033719
3.63334,0.0326671
3.65001,0.0316451
3.66668,0.0306522
3.68334,0.0296877
3.70001,0.028751
3.71668,0.0278413
3.73334,0.026958
3.75001,0.0261005
3.76668,0.025268
3.78334,0.0244599
3.80001,0.0236757
3.81668,0.0229147
3.83334,0.0221764
3.85001,0.02146
3.86668,0.0207651
3.88334,0.0200911
3.90001,0.0194375
3.91668,0.0188036
3.93334,0.018189
3.95001,0.0175932
3.96668,0.0170156
3.98334,0.0164557
4.00001,0.0159131
4.01668,0.0153873
4.03334,0.0148778
4.05001,0.0143842
4.06668,0.013906
4.08334,0.0134428
4.10001,0.0129942
4.11668,0.0125597
4.13334,0.012139
4.15001,0.0117316
4.16668,0.0113372
4.18334,0.0109553
4.20001,0.0105857
4.21668,0.010228
4.23334,0.00988179
4.25001,0.00954675
4.26668,0.00922256
4.28334,0.00890889
4.30001,0.00860543
4.31668,0.00831187
4.33334,0.0080279
4.35001,0.00775325
4.36668,0.00748762
4.38334,0.00723075
4.40001,0.00698235
4.41668,0.00674217
4.43334,0.00650996
4.45001,0.00628546
4.46668,0.00606843
4.48334,0.00585865
4.50001,0.00565588
4.51668,0.00545991
4.53334,0.00527051
4.55001,0.00508748
4.56668,0.00491061
4.58334,0.00473971
4.60001,0.00457459
4.61668,0.00441506
4.63334,0.00426093
4.65001,0.00411204
4.66668,0.00396822
4.68334,0.00382929
4.70001,0.0036951
4.71668,0.00356549
4.73334,0.00344032
4.75001,0.00331943
4.76668,0.00320269
4.78334,0.00308995
4.80001,0.00298109
4.81668,0.00287597
4.83334,0.00277447
4.85001,0.00267648
4.86668,0.00258186
4.88334,0.00249051
4.90001,0.00240232
4.91668,0.00231718
4.93334,0.00223499
4.95001,0.00215565
4.96668,0.00207906
4.98334,0.00200513
5.00001,0.00193376
5.01668,0.00186488
5.03334,0.00179839
5.05001,0.00173422
5.06668,0.00167228
5.08334,0.0016125
5.10001,0.00155481
5.11668,0.00149912
5.13334,0.00144539
5.15001,0.00139352
5.16668,0.00134347
5.18334,0.00129517
5.20001,0.00124856
5.21668,0.00120358
5.23334,0.00116017
5.25001,0.00111829
5.26668,0.00107787
5.28334,0.00103887
5.30001,0.00100124
5.31668,0.000964927
5.33334,0.000929891
5.35001,0.000896085
5.36668,0.000863468
5.38334,0.000831997
5.40001,0.000801635
5.41668,0.000772341
5.43334,0.00074408
5.45001,0.000716815
5.46668,0.000690511
5.48334,0.000665137
5.50001,0.000640659
5.51668,0.000617047
5.53334,0.00059427
5.55001,0.0005723
5.56668,0.000551109
5.58334,0.00053067
5.60001,0.000510957
5.61668,0.000491944
5.63334,0.000473609
5.65001,0.000455927
5.66668,0.000438876
5.68334,0.000422435
5.70001,0.000406581
5.71668,0.000391295
5.73334,0.000376558
5.75001,0.000362351
5.76668,0.000348654
5.78334,0.000335451
5.80001,0.000322725
5.81668,0.000310459
5.83334,0.000298638
5.85001,0.000287246
5.86668,0.000276268
5.88334,0.00026569
5.90001,0.000255498
5.91668,0.000245679
5.93334,0.00023622
5.95001,0.000227108
5.96668,0.000218332
5.98334,0.00020988
6.00001,0.000201741
6.01668,0.000193904
6.03334,0.000186357
6.05001,0.000179092
6.06668,0.000172098
6.08334,0.000165366
6.10001,0.000158887
6.11668,0.000152652
6.13334,0.000146651
6.15001,0.000140878
6.16668,0.000135323
6.18334,0.00012998
6.20001,0.000124841
6.21668,0.000119898
6.23334,0.000115144
6.25001,0.000110573
6.26668,0.000106178
6.28334,0.000101953
6.30001,9.78911e-05
6.31668,9.39873e-05
6.33334,9.02355e-05
6.35001,8.66301e-05
6.36668,8.31659e-05
6.38334,7.98376e-05
6.40001,7.66402e-05
6.41668,7.35689e-05
6.43334,7.06191e-05
6.45001,6.77861e-05
6.46668,6.50657e-05
6.48334,6.24537e-05
6.50001,5.99459e-05
6.51668,5.75384e-05
6.53334,5.52275e-05
6.55001,5.30094e-05
6.56668,5.08807e-05
6.58334,4.88378e-05
6.60001,4.68775e-05
6.61668,4.49966e-05
6.63334,4.3192e-05
6.65001,4.14608e-05
6.66668,3.98e-05
6.68334,3.82069e-05
6.70001,3.66789e-05
6.71668,3.52133e-05
6.73334,3.38077e-05
6.75001,3.24597e-05
6.76668,3.1167e-05
6.78334,2.99273e-05
6.80001,2.87386e-05
6.81668,2.75987e-05
6.83334,2.65057e-05
6.85001,2.54577e-05
6.86668,2.44527e-05
6.88334,2.34891e-05
6.90001,2.25652e-05
6.91668,2.16792e-05
6.93334,2.08297e-05
6.95001,2.0015e-05
6.96668,1.92338e-05
6.98334,1.84847e-05
7.00001,1.77662e-05
7.01668,1.70772e-05
7.03334,1.64163e-05
7.05001,1.57824e-05
7.06668,1.51743e-05
7.08334,1.45909e-05
7.10001,1.40313e-05
7.11668,1.34942e-05
7.13334,1.29789e-05
7.15001,1.24844e-05
7.16668,1.20097e-05
7.18334,1.1554e-05
7.20001,1.11166e-05
7.21668,1.06966e-05
7.23334,1.02932e-05
7.25001,9.90585e-06
7.26668,9.53376e-06
7.28334,9.17628e-06
7.30001,8.8328e-06
7.31668,8.50271e-06
7.33334,8.18545e-06
7.35001,7.88045e-06
7.36668,7.5872e-06
7.38334,7.30519e-06
7.40001,7.03395e-06
7.41668,6.77302e-06
7.43334,6.52197e-06
7.45001,6.28036e-06
7.46668,6.04782e-06
7.48334,5.82395e-06
7.50001,5.60839e-06
7.51668,5.40081e-06
7.53334,5.20085e-06
7.55001,5.00822e-06
7.56668,4.82262e-06
7.58334,4.64374e-06
7.60001,4.47133e-06
7.61668,4.30511e-06
7.63334,4.14485e-06
7.65001,3.99031e-06
7.66668,3.84125e-06
7.68334,3.69746e-06
7.70001,3.55875e-06
7.71668,3.4249e-06
7.73334,3.29574e-06
7.75001,3.1711e-06
7.76668,3.05079e-06
7.78334,2.93465e-06
7.80001,2.82255e-06
7.81668,2.71432e-06
7.83334,2.60982e-06
7.85001,2.50893e-06
7.86668,2.41152e-06
7.88334,2.31746e-06
7.90001,2.22664e-06
7.91668,2.13896e-06
7.93334,2.05429e-06
7.95001,1.97254e-06
7.96668,1.89363e-06
7.98334,1.81744e-06
8.00001,1.7439e-06
8.01668,1.67292e-06
8.03334,1.60441e-06
8.05001,1.53831e-06
8.06668,1.47453e-06
8.08334,1.41301e-06
8.10001,1.35367e-06
8.11668,1.29645e-06
8.13334,1.24129e-06
8.15001,1.18812e-06
8.16668,1.13688e-06
8.18334,1.08751e-06
8.20001,1.03997e-06
8.21668,9.94192e-07
8.23334,9.50126e-07
8.25001,9.07722e-07
8.26668,8.66931e-07
8.28334,8.27704e-07
8.30001,7.89995e-07
8.31668,7.53758e-07
8.33334,7.18949e-07
8.35001,6.85524e-07
8.36667,6.53441e-07
8.38334,6.22659e-07
8.40001,5.93137e-07
8.41667,5.64836e-07
8.43334,5.37717e-07
8.45001,5.11742e-07
8.46667,4.86875e-07
8.48334,4.63079e-07
8.50001,4.40319e-07
8.51667,4.1856e-07
8.53334,3.97768e-07
8.55001,3.7791e-07
8.56667,3.58953e-07
8.58334,3.40866e-07
8.60001,3.23617e-07
8.61667,3.07176e-07
8.63334,2.91513e-07
8.65001,2.76599e-07
8.66667,2.62405e-07
8.68334,2.48904e-07
8.70001,2.36069e-07
8.71667,2.23873e-07
8.73334,2.1229e-07
8.75001,2.01295e-07
8.76667,1.90864e-07
8.78334,1.80973e-07
8.80001,1.71598e-07
8.81667,1.62718e-07
8.83334,1.5431e-07
8.85001,1.46354e-07
8.86667,1.38828e-07
8.88334,1.31713e-07
8.90001,1.2499e-07
8.91667,1.1864e-07
8.93334,1.12644e-07
8.95001,1.06987e-07
8.96667,1.01651e-07
8.98334,9.66201e-08
9.00001,9.18787e-08
9.01667,8.74119e-08
9.03334,8.32056e-08
9.05001,7.9246e-08
9.06667,7.552e-08
9.08334,7.20149e-08
9.10001,6.87189e-08
9.11667,6.56203e-08
9.13334,6.27081e-08
9.15001,5.99719e-08
9.16667,5.74016e-08
9.18334,5.49878e-08
9.20001,5.27212e-08
9.21667,5.05933e-08
9.23334,4.85959e-08
9.25001,4.67212e-08
9.26667,4.49616e-08
9.28334,4.33103e-08
9.30001,4.17605e-08
9.31667,4.0306e-08
9.33334,3.89406e-08
9.35001,3.76588e-08
9.36667,3.64551e-08
9.38334,3.53246e-08
9.40001,3.42622e-08
9.41667,3.32636e-08
9.43334,3.23244e-08
9.45001,3.14406e-08
9.46667,3.06082e-08
9.48334,2.98236e-08
9.50001,2.90835e-08
9.51667,2.83844e-08
9.53334,2.77234e-08
9.55001,2.70975e-08
9.56667,2.65039e-08
9.58334,2.594e-08
9.60001,2.54034e-08
9.61667,2.48917e-08
9.63334,2.44027e-08
9.65001,2.39342e-08
9.66667,2.34844e-08
9.68334,2.30513e-08
9.70001,2.26331e-08
9.71667,2.22281e-08
9.73334,2.18349e-08
9.75001,2.14519e-08
9.76667,2.10778e-08
9.78334,2.07111e-08
9.80001,2.03508e-08
9.81667,1.99957e-08
9.83334,1.96446e-08
9.85001,1.92967e-08
9.86667,1.89511e-08
9.88334,1.86069e-08
9.90001,1.82634e-08
9.91667,1.79199e-08
9.93334,1.75759e-08
9.95001,1.72307e-08
9.96667,1.6884e-08
9.98334,1.65354e-08
10,1.61845e-08
10.0167,1.58312e-08
10.0333,1.54752e-08
10.05,1.51164e-08
10.0667,1.47547e-08
10.0833,1.43902e-08
10.1,1.40229e-08
10.1167,1.36529e-08
10.1333,1.32804e-08
10.15,1.29056e-08
10.1667,1.25288e-08
10.1833,1.21503e-08
10.2,1.17704e-08
10.2167,1.13895e-08
10.2333,1.10081e-08
10.25,1.06265e-08
10.2667,1.02453e-08
10.2833,9.86502e-09
10.3,9.48611e-09
10.3167,9.10913e-09
10.3333,8.73464e-09
10.35,8.36319e-09
10.3667,7.99535e-09
10.3833,7.63167e-09
10.4,7.27272e-09
10.4167,6.91905e-09
10.4333,6.57119e-09
10.45,6.22968e-09
10.4667,5.89501e-09
10.4833,5.56768e-09
10.5,5.24814e-09
10.5167,4.93684e-09
10.5333,4.63417e-09
10.55,4.3405e-09
10.5667,4.05618e-09
10.5833,3.78151e-09
10.6,3.51674e-09
10.6167,3.26212e-09
10.6333,3.01783e-09
10.65,2.78402e-09
10.6667,2.5608e-09
10.6833,2.34824e-09
10.7,2.14637e-09
10.7167,1.95518e-09
10.7333,1.77463e-09
10.75,1.60464e-09
10.7667,1.44509e-09
10.7833,1.29582e-09
10.8,1.15666e-09
10.8167,1.02737e-09
10.8333,9.07734e-10
10.85,7.97461e-10
10.8667,6.96258e-10
10.8833,6.03807e-10
10.9,5.19766e-10
10.9167,4.43779e-10
10.9333,3.75472e-10
10.95,3.14459e-10
10.9667,2.60344e-10
10.9833,2.12722e-10
11,1.71183e-10
11.0167,1.35314e-10
11.0333,1.04702e-10
11.05,7.89343e-11
11.0667,5.76036e-11
11.0833,4.03077e-11
11.1,2.66527e-11
11.1167,1.62548e-11
11.1333,8.742e-12
11.15,3.75571e-12
11.1667,9.52432e-13
11.1833,5.01814e-15
11.2,6.03917e-13
11.2167,2.45823e-12
11.2333,5.2966e-12
11.25,8.86794e-12
11.2667,1.2942e-11
11.2833,1.73098e-11
11.3,2.17838e-11
11.3167,2.6198e-11
11.3333,3.04079e-11
11.35,3.42901e-11
11.3667,3.77421e-11
11.3833,4.06816e-11
11.4,4.30463e-11
11.4167,4.47921e-11
11.4333,4.58935e-11
11.45,4.63414e-11
11.4667,4.61428e-11
11.4833,4.53194e-11
11.5,4.3906e-11
11.5167,4.19496e-11
11.5333,3.95079e-11
11.55,3.66478e-11
11.5667,3.34441e-11
11.5833,2.9978e-11
11.6,2.63357e-11
11.6167,2.26068e-11
11.6333,1.88834e-11
11.65,1.5258e-11
11.6667,1.18229e-11
11.6833,8.66864e-12
11.7,5.88292e-12
11.7167,3.54944e-12
11.7333,1.74698e-12
11.75,5.48495e-13
11.7667,2.0316e-14
11.7833,2.21424e-13
11.8,1.20287e-12
11.8167,3.00726e-12
11.8333,5.66839e-12
11.85,9.21092e-12
11.8667,1.36502e-11
11.8833,1.89922e-11
11.9,2.52334e-11
11.9167,3.23612e-11
11.9333,4.03537e-11
11.95,4.91803e-11
11.9667,5.88017e-11
11.9833,6.91708e-11
12,8.02328e-11
12.0167,9.19259e-11
12.0333,1.04182e-10
12.05,1.16927e-10
12.0667,1.30083e-10
12.0833,1.43565e-10
12.1,1.57288e-10
12.1167,1.71161e-10
12.1333,1.85093e-10
12.15,1.98992e-10
12.1667,2.12765e-10
12.1833,2.26318e-10
12.2,2.39561e-10
12.2167,2.52404e-10
12.2333,2.6476e-10
12.25,2.76546e-10
12.2667,2.87682e-10
12.2833,2.98094e-10
12.3,3.07712e-10
12.3167,3.16473e-10
12.3333,3.24319e-10
12.35,3.312e-10
12.3667,3.3707e-10
12.3833,3.41895e-10
12.4,3.45644e-10
12.4167,3.48297e-10
12.4333,3.49839e-10
12.45,3.50265e-10
12.4667,3.49577e-10
12.4833,3.47785e-10
12.5,3.44906e-10
12.5167,3.40964e-10
12.5333,3.35991e-10
12.55,3.30026e-10
12.5667,3.23113e-10
12.5833,3.15304e-10
12.6,3.06654e-10
12.6167,2.97226e-10
12.6333,2.87085e-10
12.65,2.76301e-10
12.6667,2.64946e-10
12.6833,2.53098e-10
12.7,2.40834e-10
12.7167,2.28234e-10
12.7333,2.15378e-10
12.75,2.02347e-10
12.7667,1.8922e-10
12.7833,1.76079e-10
12.8,1.62999e-10
12.8167,1.50058e-10
12.8333,1.37327e-10
12.85,1.24876e-10
12.8667,1.12772e-10
12.8833,1.01077e-10
12.9,8.98476e-11
12.9167,7.91371e-11
12.9333,6.89931e-11
12.95,5.94582e-11
12.9667,5.05693e-11
12.9833,4.23576e-11
13,3.48489e-11
13.0167,2.80628e-11
13.0333,2.20135e-11
13.05,1.67093e-11
13.0667,1.21529e-11
13.0833,8.34151e-12
13.1,5.26701e-12
13.1167,2.91608e-12
13.1333,1.27055e-12
13.15,3.07605e-13
13.1667,8.19287e-17
13.1833,3.16815e-13
13.2,1.22296e-12
13.2167,2.68038e-12
13.2333,4.648e-12
13.25,7.0822e-12
13.2667,9.93724e-12
13.2833,1.31657e-11
13.3,1.67187e-11
13.3167,2.05466e-11
13.3333,2.45992e-11
13.35,2.88262e-11
13.3667,3.31776e-11
13.3833,3.76042e-11
13.4,4.20576e-11
13.4167,4.6491e-11
13.4333,5.08592e-11
13.45,5.51191e-11
13.4667,5.92298e-11
13.4833,6.31532e-11
13.5,6.68537e-11
13.5167,7.02991e-11
13.5333,7.34601e-11
13.55,7.63108e-11
13.5667,7.88289e-11
13.5833,8.09955e-11
13.6,8.27955e-11
13.6167,8.42173e-11
13.6333,8.52531e-11
13.65,8.58985e-11
13.6667,8.61529e-11
13.6833,8.6019e-11
13.7,8.5503e-11
13.7167,8.46143e-11
13.7333,8.33653e-11
13.75,8.17714e-11
13.7667,7.98506e-11
13.7833,7.76234e-11
13.8,7.51127e-11
13.8167,7.2343e-11
13.8333,6.93409e-11
13.85,6.61344e-11
13.8667,6.27524e-11
13.8833,5.92251e-11
13.9,5.5583e-11
13.9167,5.18571e-11
13.9333,4.80784e-11
13.95,4.42778e-11
13.9667,4.04857e-11
13.9833,3.67315e-11
14,3.30441e-11
14.0167,2.94508e-11
14.0333,2.59777e-11
14.05,2.26494e-11
14.0667,1.94885e-11
14.0833,1.65158e-11
14.1,1.37502e-11
14.1167,1.12082e-11
14.1333,8.90435e-12
14.15,6.85064e-12
14.1667,5.05685e-12
14.1833,3.53038e-12
14.2,2.27625e-12
14.2167,1.29709e-12
14.2333,5.93256e-13
14.25,1.6279e-13
14.2667,1.54984e-15
14.2833,1.03269e-13
14.3,4.59666e-13
14.3167,1.06055e-12
14.3333,1.89396e-12
14.35,2.9463e-12
14.3667,4.20246e-12
14.3833,5.64602e-12
14.4,7.25938e-12
14.4167,9.02392e-12
14.4333,1.09202e-11
14.45,1.29281e-11
14.4667,1.50271e-11
14.4833,1.71963e-11
14.5,1.94147e-11
14.5167,2.16613e-11
14.5333,2.39154e-11
14.55,2.61565e-11
14.5667,2.83649e-11
14.5833,3.05213e-11
14.6,3.26074e-11
14.6167,3.46058e-11
14.6333,3.65001e-11
14.65,3.82752e-11
14.6667,3.99173e-11
14.6833,4.14137e-11
14.7,4.27534e-11
14.7167,4.39268e-11
14.7333,4.49259e-11
14.75,4.57442e-11
14.7667,4.63769e-11
14.7833,4.68206e-11
14.8,4.70737e-11
14.8167,4.71362e-11
14.8333,4.70095e-11
14.85,4.66966e-11
14.8667,4.62019e-11
14.8833,4.55313e-11
14.9,4.46919e-11
14.9167,4.36921e-11
14.9333,4.25414e-11
14.95,4.12503e-11
14.9667,3.98303e-11
14.9833,3.82936e-11
15,3.66534e-11
15.0167,3.49231e-11
15.0333,3.31167e-11
15.05,3.12486e-11
15.0667,2.93334e-11
15.0833,2.73856e-11
15.1,2.54198e-11
15.1167,2.34504e-11
15.1333,2.14915e-11
15.15,1.95569e-11
15.1667,1.76598e-11
15.1833,1.58127e-11
15.2,1.40277e-11
15.2167,1.23158e-11
15.2333,1.06875e-11
15.25,9.15207e-12
15.2667,7.71801e-12
15.2833,6.39276e-12
15.3,5.18271e-12
15.3167,4.09322e-12
15.3333,3.12853e-12
15.35,2.29179e-12
15.3667,1.58508e-12
15.3833,1.00938e-12
15.4,5.6463e-13
15.4167,2.49715e-13
15.4333,6.25302e-14
15.45,8.6135e-18
15.4667,5.81734e-14
15.4833,2.3219e-13
15.5,5.16425e-13
15.5167,9.04513e-13
15.5333,1.38942e-12
15.55,1.96352e-12
15.5667,2.61867e-12
15.5833,3.34629e-12
15.6,4.13741e-12
15.6167,4.98281e-12
15.6333,5.87305e-12
15.65,6.79856e-12
15.6667,7.74975e-12
15.6833,8.71703e-12
15.7,9.69094e-12
15.7167,1.06622e-11
15.7333,1.16218e-11
15.75,1.25609e-11
15.7667,1.34714e-11
15.7833,1.43452e-11
15.8,1.51749e-11
15.8167,1.59537e-11
15.8333,1.66754e-11
15.85,1.73341e-11
15.8667,1.7925e-11
15.8833,1.84436e-11
15.9,1.88865e-11
15.9167,1.92505e-11
15.9333,1.95335e-11
15.95,1.97341e-11
15.9667,1.98515e-11
15.9833,1.98856e-11
16,1.98371e-11
16.0167,1.97073e-11
16.0333,1.94982e-11
16.05,1.92123e-11
16.0667,1.88529e-11
16.0833,1.84236e-11
16.1,1.79287e-11
16.1167,1.73728e-11
16.1333,1.67611e-11
16.15,1.6099e-11
16.1667,1.53923e-11
16.1833,1.46469e-11
16.2,1.38692e-11
16.2167,1.30653e-11
16.2333,1.22417e-11
16.25,1.1405e-11
16.2667,1.05614e-11
16.2833,9.71742e-12
16.3,8.87916e-12
16.3167,8.05265e-12
16.3333,7.2437e-12
16.35,6.45782e-12
16.3667,5.70022e-12
16.3833,4.97576e-12
16.4,4.2889e-12
16.4167,3.64373e-12
16.4333,3.04389e-12
16.45,2.49255e-12
16.4667,1.99245e-12
16.4833,1.54582e-12
16.5,1.15445e-12
16.5167,8.19599e-13
16.5333,5.42072e-13
16.55,3.22183e-13
16.5667,1.59782e-13
16.5833,5.42588e-14
16.6,4.56486e-15
16.6167,9.2288e-15
16.6333,6.63798e-14
16.65,1.73772e-13
16.6667,3.2881e-13
16.6833,5.28582e-13
16.7,7.69884e-13
16.7167,1.04926e-12
16.7333,1.36303e-12
16.75,1.70732e-12
16.7667,2.07811e-12
16.7833,2.47127e-12
16.8,2.88258e-12
16.8167,3.30776e-12
16.8333,3.74255e-12
16.85,4.18269e-12
16.8667,4.624e-12
16.8833,5.06235e-12
16.9,5.49377e-12
16.9167,5.91443e-12
16.9333,6.32066e-12
16.95,6.709e-12
16.9667,7.07623e-12
16.9833,7.41936e-12
17,7.73568e-12
17.0167,8.02274e-12
17.0333,8.27841e-12
17.05,8.50084e-12
17.0667,8.68852e-12
17.0833,8.84024e-12
17.1,8.95512e-12
17.1167,9.03261e-12
17.1333,9.07248e-12
17.15,9.0748e-12
17.1667,9.03997e-12
17.1833,8.96866e-12
17.2,8.86187e-12
17.2167,8.72084e-12
17.2333,8.54708e-12
17.25,8.34233e-12
17.2667,8.10856e-12
17.2833,7.84794e-12
17.3,7.56282e-12
17.3167,7.25567e-12
17.3333,6.92915e-12
17.35,6.58597e-12
17.3667,6.22895e-12
17.3833,5.86096e-12
17.4,5.48489e-12
17.4167,5.10365e-12
17.4333,4.72012e-12
17.45,4.33714e-12
17.4667,3.95749e-12
17.4833,3.58384e-12
17.5,3.21877e-12
17.5167,2.86474e-12
17.5333,2.52404e-12
17.55,2.19882e-12
17.5667,1.89105e-12
17.5833,1.60251e-12
17.6,1.33479e-12
17.6167,1.08927e-12
17.6333,8.6713e-13
17.65,6.69317e-13
17.6667,4.96576e-13
17.6833,3.49428e-13
17.7,2.28178e-13
17.7167,1.32917e-13
17.7333,6.35273e-14
17.75,1.96859e-14
17.7667,8.74778e-16
17.7833,6.38872e-15
17.8,3.53454e-14
17.8167,8.66969e-14
17.8333,1.59242e-13
17.85,2.51639e-13
17.8667,3.62421e-13
17.8833,4.90008e-13
17.9,6.32727e-13
17.9167,7.8882e-13
17.9333,9.56469e-13
17.95,1.1338e-12
17.9667,1.31892e-12
17.9833,1.50991e-12
18,1.70484e-12
18.0167,1.90181e-12
18.0333,2.09895e-12
18.05,2.29441e-12
18.0667,2.48644e-12
18.0833,2.67332e-12
18.1,2.85342e-12
18.1167,3.02522e-12
18.1333,3.18729e-12
18.15,3.33832e-12
18.1667,3.47712e-12
18.1833,3.60261e-12
18.2,3.71387e-12
18.2167,3.81011e-12
18.2333,3.89067e-12
18.25,3.95505e-12
18.2667,4.00288e-12
18.2833,4.03394e-12
18.3,4.04817e-12
18.3167,4.04563e-12
18.3333,4.02652e-12
18.35,3.99118e-12
18.3667,3.94007e-12
18.3833,3.87379e-12
18.4,3.79304e-12
18.4167,3.69861e-12
18.4333,3.59141e-12
18.45,3.47243e-12
18.4667,3.34273e-12
18.4833,3.20345e-12
18.5,3.05578e-12
18.5167,2.90094e-12
18.5333,2.74022e-12
18.55,2.57488e-12
18.5667,2.40624e-12
18.5833,2.23558e-12
18.6,2.06421e-12
18.6167,1.89338e-12
18.6333,1.72433e-12
18.65,1.55825e-12
18.6667,1.39628e-12
18.6833,1.2395e-12
18.7,1.08892e-12
18.7167,9.455e-13
18.7333,8.10089e-13
18.75,6.83469e-13
18.7667,5.66327e-13
18.7833,4.59262e-13
18.8,3.62776e-13
18.8167,2.77273e-13
18.8333,2.03062e-13
18.85,1.40352e-13
18.8667,8.92578e-14
18.8833,4.9796e-14
18.9,2.1891e-14
18.9167,5.37686e-15
18.9333,3.50308e-19
18.95,5.42557e-15
18.9667,2.12384e-14
18.9833,4.69519e-14
19,8.20116e-14
19.0167,1.25802e-13
19.0333,1.77652e-13
19.05,2.36843e-13
19.0667,3.02615e-13
19.0833,3.74173e-13
19.1,4.50695e-13
19.1167,5.31338e-13
19.1333,6.15249e-13
19.15,7.01565e-13
19.1667,7.89428e-13
19.1833,8.77985e-13
19.2,9.66401e-13
19.2167,1.05386e-12
19.2333,1.13957e-12
19.25,1.22278e-12
19.2667,1.30276e-12
19.2833,1.37886e-12
19.3,1.45042e-12
19.3167,1.51689e-12
19.3333,1.57774e-12
19.35,1.63251e-12
19.3667,1.68079e-12
19.3833,1.72225e-12
19.4,1.7566e-12
19.4167,1.78364e-12
19.4333,1.80323e-12
19.45,1.81527e-12
19.4667,1.81975e-12
19.4833,1.81672e-12
19.5,1.80629e-12
19.5167,1.78861e-12
19.5333,1.76392e-12
19.55,1.73249e-12
19.5667,1.69465e-12
19.5833,1.65076e-12
19.6,1.60125e-12
19.6167,1.54656e-12
19.6333,1.48718e-12
19.65,1.42363e-12
19.6667,1.35645e-12
19.6833,1.28619e-12
19.7,1.21342e-12
19.7167,1.13873e-12
19.7333,1.06269e-12
19.75,9.85901e-13
19.7667,9.08924e-13
19.7833,8.32327e-13
19.8,7.56662e-13
19.8167,6.82456e-13
19.8333,6.10217e-13
19.85,5.40422e-13
19.8667,4.73521e-13
19.8833,4.09926e-13
19.9,3.50018e-13
19.9167,2.94134e-13
19.9333,2.42576e-13
19.95,1.956e-13
19.9667,1.53421e-13
19.9833,1.16211e-13
20,8.40971e-14
20.0167,5.71635e-14
20.0333,3.54505e-14
20.05,1.89557e-14
20.0667,7.63516e-15
20.0833,1.40487e-15
20.1,1.4202e-16
20.1167,3.68719e-15
20.1333,1.18464e-14
20.15,2.43936e-14
20.1667,4.10729e-14
20.1833,6.1602e-14
20.2,8.56742e-14
20.2167,1.12962e-13
20.2333,1.43121e-13
20.25,1.7579e-13
20.2667,2.10598e-13
20.2833,2.47165e-13
20.3,2.85107e-13
20.3167,3.24038e-13
20.3333,3.63571e-13
20.35,4.03327e-13
20.3667,4.42931e-13
20.3833,4.8202e-13
20.4,5.20243e-13
20.4167,5.57265e-13
20.4333,5.92767e-13
20.45,6.26453e-13
20.4667,6.58045e-13
20.4833,6.87291e-13
20.5,7.13963e-13
20.5167,7.3786e-13
20.5333,7.58808e-13
20.55,7.76661e-13
20.5667,7.91301e-13
20.5833,8.02642e-13
20.6,8.10624e-13
20.6167,8.15217e-13
20.6333,8.16422e-13
20.65,8.14264e-13
20.6667,8.08798e-13
20.6833,8.00106e-13
20.7,7.88292e-13
20.7167,7.73486e-13
20.7333,7.5584e-13
20.75,7.35525e-13
20.7667,7.12732e-13
20.7833,6.87668e-13
20.8,6.60555e-13
20.8167,6.31626e-13
20.8333,6.01126e-13
20.85,5.69305e-13
20.8667,5.36423e-13
20.8833,5.02739e-13
20.9,4.68516e-13
20.9167,4.34014e-13
20.9333,3.99492e-13
20.95,3.652e-13
20.9667,3.31383e-13
20.9833,2.98278e-13
21,2.66108e-13
21.0167,2.35085e-13
21.0333,2.05407e-13
21.05,1.77255e-13
21.0667,1.50796e-13
21.0833,1.26178e-13
21.1,1.0353e-13
21.1167,8.29635e-14
21.1333,6.45709e-14
21.15,4.84241e-14
21.1667,3.45756e-14
21.1833,2.30583e-14
21.2,1.38857e-14
21.2167,7.05218e-15
21.2333,2.53374e-15
21.25,2.88336e-16
21.2667,2.56823e-16
21.2833,2.36382e-15
21.3,6.51869e-15
21.3167,1.26166e-14
21.3333,2.05399e-14
21.35,3.01588e-14
21.3667,4.13335e-14
21.3833,5.3915e-14
21.4,6.77465e-14
21.4167,8.2665e-14
21.4333,9.85029e-14
21.45,1.15089e-13
21.4667,1.3225e-13
21.4833,1.49813e-13
21.5,1.67605e-13
21.5167,1.85456e-13
21.5333,2.03198e-13
21.55,2.20671e-13
21.5667,2.37718e-13
21.5833,2.5419e-13
21.6,2.69947e-13
21.6167,2.84858e-13
21.6333,2.98799e-13
21.65,3.11662e-13
21.6667,3.23346e-13
21.6833,3.33764e-13
21.7,3.42841e-13
21.7167,3.50514e-13
21.7333,3.56734e-13
21.75,3.61465e-13
21.7667,3.64683e-13
21.7833,3.66378e-13
21.8,3.66554e-13
21.8167,3.65224e-13
21.8333,3.62417e-13
21.85,3.58171e-13
21.8667,3.52537e-13
21.8833,3.45574e-13
21.9,3.37354e-13
21.9167,3.27955e-13
21.9333,3.17466e-13
21.95,3.0598e-13
21.9667,2.93598e-13
21.9833,2.80427e-13
22,2.66577e-13
22.0167,2.52162e-13
22.0333,2.37298e-13
22.05,2.22103e-13
22.0667,2.06693e-13
22.0833,1.91186e-13
22.1,1.75697e-13
22.1167,1.60339e-13
22.1333,1.4522e-13
22.15,1.30445e-13
22.1667,1.16113e-13
22.1833,1.02318e-13
22.2,8.91474e-14
22.2167,7.66808e-14
22.2333,6.49909e-14
22.25,5.41424e-14
22.2667,4.41916e-14
22.2833,3.51863e-14
22.3,2.71657e-14
22.3167,2.01601e-14
22.3333,1.4191e-14
22.35,9.27103e-15
22.3667,5.40422e-15
22.3833,2.58606e-15
22.4,8.03761e-16
22.4167,3.65971e-17
22.4333,2.56226e-16
22.45,1.42711e-15
22.4667,3.50699e-15
22.4833,6.44735e-15
22.5,1.0194e-14
22.5167,1.46875e-14
22.5333,1.98641e-14
22.55,2.56559e-14
22.5667,3.19918e-14
22.5833,3.8798e-14
22.6,4.59989e-14
22.6167,5.35172e-14
22.6333,6.12753e-14
22.65,6.91951e-14
22.6667,7.71994e-14
22.6833,8.52119e-14
22.7,9.31584e-14
22.7167,1.00967e-13
22.7333,1.08567e-13
22.75,1.15894e-13
22.7667,1.22886e-13
22.7833,1.29483e-13
22.8,1.35634e-13
22.8167,1.41288e-13
22.8333,1.46403e-13
22.85,1.50941e-13
22.8667,1.5487e-13
22.8833,1.58162e-13
22.9,1.60797e-13
22.9167,1.6276e-13
22.9333,1.64042e-13
22.95,1.6464e-13
22.9667,1.64557e-13
22.9833,1.638e-13
23,1.62383e-13
23.0167,1.60324e-13
23.0333,1.57648e-13
23.05,1.54383e-13
23.0667,1.50561e-13
23.0833,1.46219e-13
23.1,1.41397e-13
23.1167,1.36137e-13
23.1333,1.30487e-13
23.15,1.24494e-13
23.1667,1.18208e-13
23.1833,1.1168e-13
23.2,1.04963e-13
23.2167,9.81104e-14
23.2333,9.11739e-14
23.25,8.42061e-14
23.2667,7.72586e-14
23.2833,7.03815e-14
23.3,6.36233e-14
23.3167,5.70305e-14
23.3333,5.06471e-14
23.35,4.45146e-14
23.3667,3.86712e-14
23.3833,3.31522e-14
23.4,2.79894e-14
23.4167,2.32109e-14
23.4333,1.88411e-14
23.45,1.49006e-14
23.4667,1.14061e-14
23.4833,8.3701e-15
23.5,5.80142e-15
23.5167,3.70481e-15
23.5333,2.08113e-15
23.55,9.27474e-16
23.5667,2.37224e-16
23.5833,2.41735e-19
23.6,2.03009e-16
23.6167,8.28823e-16
23.6333,1.85801e-15
23.65,3.26814e-15
23.6667,5.03429e-15
23.6833,7.1293e-15
23.7,9.524e-15
23.7167,1.21876e-14
23.7333,1.50878e-14
23.75,1.81912e-14
23.7667,2.14636e-14
23.7833,2.48704e-14
23.8,2.83764e-14
23.8167,3.19468e-14
23.8333,3.5547e-14
23.85,3.91428e-14
23.8667,4.2701e-14
23.8833,4.61896e-14
23.9,4.95777e-14
23.9167,5.28361e-14
23.9333,5.59372e-14
23.95,5.88555e-14
23.9667,6.15675e-14
23.9833,6.40518e-14
24,6.62896e-14
24.0167,6.82643e-14
24.0333,6.9962e-14
24.05,7.13715e-14
24.0667,7.24839e-14
24.0833,7.32932e-14
24.1,7.3796e-14
24.1167,7.39915e-14
24.1333,7.38813e-14
24.15,7.34698e-14
24.1667,7.27636e-14
24.1833,7.17717e-14
24.2,7.05051e-14
24.2167,6.8977e-14
24.2333,6.72026e-14
24.25,6.51986e-14
24.2667,6.29833e-14
24.2833,6.05765e-14
24.3,5.79991e-14
24.3167,5.52729e-14
24.3333,5.24206e-14
24.35,4.94654e-14
24.3667,4.64309e-14
24.3833,4.33408e-14
24.4,4.02187e-14
24.4167,3.70882e-14
24.4333,3.39722e-14
24.45,3.08931e-14
24.4667,2.78725e-14
24.4833,2.4931e-14
24.5,2.20881e-14
24.5167,1.93622e-14
24.5333,1.67701e-14
24.55,1.43273e-14
24.5667,1.20476e-14
24.5833,9.94346e-15
24.6,8.0253e-15
24.6167,6.30196e-15
24.6333,4.7805e-15
24.65,3.46619e-15
24.6667,2.36252e-15
24.6833,1.47121e-15
24.7,7.92244e-16
24.7167,3.23911e-16
24.7333,6.28601e-17
24.75,4.16532e-18
24.7667,1.41405e-16
24.7833,4.66748e-16
24.8,9.71051e-16
24.8167,1.64396e-15
24.8333,2.47402e-15
24.85,3.44881e-15
24.8667,4.55504e-15
24.8833,5.77868e-15
24.9,7.10512e-15
24.9167,8.51925e-15
24.9333,1.00056e-14
24.95,1.15486e-14
24.9667,1.31325e-14
24.9833,1.47416e-14
25,1.63603e-14
25.0167,1.79736e-14
25.0333,1.95664e-14
25.05,2.11246e-14
25.0667,2.26345e-14
25.0833,2.40831e-14
25.1,2.54581e-14
25.1167,2.67485e-14
25.1333,2.79437e-14
25.15,2.90345e-14
25.1667,3.00126e-14
25.1833,3.0871e-14
25.2,3.16035e-14
25.2167,3.22055e-14
25.2333,3.26732e-14
25.25,3.30043e-14
25.2667,3.31974e-14
25.2833,3.32525e-14
25.3,3.31706e-14
25.3167,3.29539e-14
25.3333,3.26056e-14
25.35,3.213e-14
25.3667,3.15323e-14
25.3833,3.08186e-14
25.4,2.9996e-14
25.4167,2.90721e-14
25.4333,2.80552e-14
25.45,2.69545e-14
25.4667,2.57795e-14
25.4833,2.45399e-14
25.5,2.32461e-14
25.5167,2.19086e-14
25.5333,2.0538e-14
25.55,1.91449e-14
25.5667,1.774e-14
25.5833,1.63338e-14
25.6,1.49364e-14
25.6167,1.35581e-14
25.6333,1.22082e-14
25.65,1.0896e-14
25.6667,9.63018e-15
25.6833,8.41875e-15
25.7,7.26918e-15
25.7167,6.18826e-15
25.7333,5.18204e-15
25.75,4.25588e-15
25.7667,3.41432e-15
25.7833,2.66115e-15
25.8,1.99934e-15
25.8167,1.43108e-15
25.8333,9.57737e-16
25.85,5.79906e-16
25.8667,2.97394e-16
25.8833,1.09256e-16
25.9,1.38155e-17
25.9167,8.69539e-18
25.9333,9.08559e-17
25.95,2.56634e-16
25.9667,5.01786e-16
25.9833,8.21537e-16
26,1.21063e-15
26.0167,1.66339e-15
26.0333,2.17375e-15
26.05,2.73535e-15
26.0667,3.34155e-15
26.0833,3.98553e-15
26.1,4.66033e-15
26.1167,5.35889e-15
26.1333,6.07415e-15
26.15,6.79907e-15
26.1667,7.5267e-15
26.1833,8.25024e-15
26.2,8.96309e-15
26.2167,9.65887e-15
26.2333,1.03315e-14
26.25,1.09753e-14
26.2667,1.15847e-14
26.2833,1.2155e-14
26.3,1.26815e-14
26.3167,1.31601e-14
26.3333,1.35872e-14
26.35,1.39599e-14
26.3667,1.42754e-14
26.3833,1.45318e-14
26.4,1.47275e-14
26.4167,1.48617e-14
26.4333,1.49337e-14
26.45,1.49438e-14
26.4667,1.48925e-14
26.4833,1.4781e-14
26.5,1.46107e-14
26.5167,1.43836e-14
26.5333,1.41023e-14
26.55,1.37696e-14
26.5667,1.33887e-14
26.5833,1.29632e-14
26.6,1.24968e-14
26.6167,1.19937e-14
26.6333,1.14583e-14
26.65,1.08949e-14
26.6667,1.03082e-14
26.6833,9.70307e-15
26.7,9.08414e-15
26.7167,8.45625e-15
26.7333,7.82417e-15
26.75,7.19259e-15
26.7667,6.56611e-15
26.7833,5.94918e-15
26.8,5.34606e-15
26.8167,4.76082e-15
26.8333,4.1973e-15
26.85,3.65906e-15
26.8667,3.14937e-15
26.8833,2.67121e-15
26.9,2.22724e-15
26.9167,1.81977e-15
26.9333,1.45076e-15
26.95,1.12184e-15
26.9667,8.34253e-16
26.9833,5.88894e-16
27,3.863e-16
27.0167,2.26651e-16
27.0333,1.0978e-16
27.05,3.51843e-17
27.0667,2.03314e-18
27.0833,9.18663e-18
27.1,5.52102e-17
27.1167,1.38393e-16
27.1333,2.56771e-16
27.15,4.08142e-16
27.1667,5.90098e-16
27.1833,8.00041e-16
27.2,1.03521e-15
27.2167,1.29272e-15
27.2333,1.56956e-15
27.25,1.86265e-15
27.2667,2.16884e-15
27.2833,2.48496e-15
27.3,2.80784e-15
27.3167,3.13431e-15
27.3333,3.46128e-15
27.35,3.78569e-15
27.3667,4.10461e-15
27.3833,4.41519e-15
27.4,4.71475e-15
27.4167,5.00073e-15
27.4333,5.27075e-15
27.45,5.52264e-15
27.4667,5.75439e-15
27.4833,5.96422e-15
27.5,6.15058e-15
27.5167,6.31212e-15
27.5333,6.44776e-15
27.55,6.55663e-15
27.5667,6.63811e-15
27.5833,6.69182e-15
27.6,6.71761e-15
27.6167,6.71559e-15
27.6333,6.68606e-15
27.65,6.62958e-15
27.6667,6.54689e-15
27.6833,6.43894e-15
27.7,6.30689e-15
27.7167,6.15205e-15
27.7333,5.9759e-15
27.75,5.78007e-15
27.7667,5.56632e-15
27.7833,5.33652e-15
27.8,5.09262e-15
27.8167,4.83667e-15
27.8333,4.57076e-15
27.85,4.29702e-15
27.8667,4.01761e-15
27.8833,3.73468e-15
27.9,3.45037e-15
27.9167,3.16677e-15
27.9333,2.88595e-15
27.95,2.60988e-15
27.9667,2.34046e-15
27.9833,2.07951e-15
28,1.8287e-15
28.0167,1.58962e-15
28.0333,1.3637e-15
28.05,1.15226e-15
28.0667,9.56452e-16
28.0833,7.77274e-16
28.1,6.15577e-16
28.1167,4.7205e-16
28.1333,3.47216e-16
28.15,2.41441e-16
28.1667,1.54927e-16
28.1833,8.77173e-17
28.2,3.97016e-17
28.2167,1.0618e-17
28.2333,5.97755e-20
28.25,7.48233e-18
28.2667,3.22106e-17
28.2833,7.34476e-17
28.3,1.30284e-16
28.3167,2.01707e-16
28.3333,2.86612e-16
28.35,3.83814e-16
28.3667,4.92058e-16
28.3833,6.10029e-16
28.4,7.36367e-16
28.4167,8.69677e-16
28.4333,1.00854e-15
28.45,1.15154e-15
28.4667,1.29723e-15
28.4833,1.44421e-15
28.5,1.59108e-15
28.5167,1.73649e-15
28.5333,1.87912e-15
28.55,2.01771e-15
28.5667,2.15106e-15
28.5833,2.27805e-15
28.6,2.39763e-15
28.6167,2.50883e-15
28.6333,2.61078e-15
28.65,2.7027e-15
28.6667,2.78391e-15
28.6833,2.85384e-15
28.7,2.91201e-15
28.7167,2.95808e-15
28.7333,2.99178e-15
28.75,3.01296e-15
28.7667,3.0216e-15
28.7833,3.01775e-15
28.8,3.00158e-15
28.8167,2.97337e-15
28.8333,2.93346e-15
28.85,2.88231e-15
28.8667,2.82045e-15
28.8833,2.7485e-15
28.9,2.66713e-15
28.9167,2.5771e-15
28.9333,2.4792e-15
28.95,2.37429e-15
28.9667,2.26325e-15
28.9833,2.14702e-15
29,2.02653e-15
29.0167,1.90274e-15
29.0333,1.77664e-15
29.05,1.64918e-15
29.0667,1.52133e-15
29.0833,1.39402e-15
29.1,1.26816e-15
29.1167,1.14465e-15
29.1333,1.02433e-15
29.15,9.07999e-16
29.1667,7.96402e-16
29.1833,6.90236e-16
29.2,5.90136e-16
29.2167,4.96673e-16
29.2333,4.10351e-16
29.25,3.31605e-16
29.2667,2.608e-16
29.2833,1.98228e-16
29.3,1.44107e-16
29.3167,9.85848e-17
29.3333,6.17348e-17
29.35,3.35605e-17
29.3667,1.39957e-17
29.3833,2.90705e-18
29.4,9.67989e-20
29.4167,5.30587e-18
29.4333,1.82174e-17
29.45,3.84607e-17
29.4667,6.56154e-17
29.4833,9.92161e-17
29.5,1.38757e-16
29.5167,1.83697e-16
29.5333,2.33465e-16
29.55,2.87465e-16
29.5667,3.4508e-16
29.5833,4.05682e-16
29.6,4.6863e-16
29.6167,5.33283e-16
29.6333,5.98999e-16
29.65,6.65144e-16
29.6667,7.31095e-16
29.6833,7.96247e-16
29.7,8.60013e-16
29.7167,9.21833e-16
29.7333,9.81176e-16
29.75,1.03754e-15
29.7667,1.09047e-15
29.7833,1.13953e-15
29.8,1.18434e-15
29.8167,1.22457e-15
29.8333,1.25992e-15
29.85,1.29014e-15
29.8667,1.31503e-15
29.8833,1.33444e-15
29.9,1.34827e-15
29.9167,1.35647e-15
29.9333,1.35902e-15
29.95,1.35598e-15
29.9667,1.34742e-15
29.9833,1.33347e-15
30,1.31431e-15
30.0167,1.29015e-15
30.0333,1.26123e-15
30.05,1.22784e-15
30.0667,1.1903e-15
30.0833,1.14894e-15
30.1,1.10413e-15
30.1167,1.05626e-15
30.1333,1.00573e-15
30.15,9.52969e-16
30.1667,8.98391e-16
30.1833,8.42436e-16
30.2,7.8554e-16
30.2167,7.28136e-16
30.2333,6.70654e-16
30.25,6.13515e-16
30.2667,5.57127e-16
30.2833,5.01884e-16
30.3,4.48162e-16
30.3167,3.96315e-16
30.3333,3.46674e-16
30.35,2.99545e-16
30.3667,2.55208e-16
30.3833,2.13912e-16
30.4,1.75877e-16
30.4167,1.41291e-16
30.4333,1.1031e-16
30.45,8.30581e-17
30.4667,5.96257e-17
30.4833,4.00712e-17
30.5,2.44205e-17
30.5167,1.26675e-17
30.5333,4.7752e-18
30.55,6.76762e-19
30.5667,2.76593e-19
30.5833,3.4519e-18
30.6,1.00543e-17
30.6167,1.99116e-17
30.6333,3.28298e-17
30.65,4.85952e-17
30.6667,6.69762e-17
30.6833,8.77262e-17
30.7,1.10585e-16
30.7167,1.35283e-16
30.7333,1.61541e-16
30.75,1.89074e-16
30.7667,2.17595e-16
30.7833,2.46814e-16
30.8,2.76444e-16
30.8167,3.062e-16
30.8333,3.35804e-16
30.85,3.64985e-16
30.8667,3.93483e-16
30.8833,4.21047e-16
30.9,4.47443e-16
30.9167,4.7245e-16
30.9333,4.95862e-16
30.95,5.17494e-16
30.9667,5.37178e-16
30.9833,5.54766e-16
31,5.70131e-16
31.0167,5.83166e-16
31.0333,5.93786e-16
31.05,6.0193e-16
31.0667,6.07555e-16
31.0833,6.10643e-16
31.1,6.11196e-16
31.1167,6.09237e-16
31.1333,6.04809e-16
31.15,5.97976e-16
31.1667,5.88818e-16
31.1833,5.77435e-16
31.2,5.63942e-16
31.2167,5.48471e-16
31.2333,5.31165e-16
31.25,5.12181e-16
31.2667,4.91685e-16
31.2833,4.69855e-16
31.3,4.46873e-16
31.3167,4.22929e-16
31.3333,3.98216e-16
31.35,3.7293e-16
31.3667,3.47266e-16
31.3833,3.2142e-16
31.4,2.95584e-16
31.4167,2.69946e-16
31.4333,2.44688e-16
31.45,2.19986e-16
31.4667,1.96006e-16
31.4833,1.72905e-16
31.5,1.50831e-16
31.5167,1.29917e-16
31.5333,1.10287e-16
31.55,9.20488e-17
31.5667,7.52989e-17
31.5833,6.01183e-17
31.6,4.65738e-17
31.6167,3.47176e-17
31.6333,2.4587e-17
31.65,1.62049e-17
31.6667,9.5794e-18
31.6833,4.7045e-18
31.7,1.56035e-18
31.7167,1.13792e-19
31.7333,3.18871e-19
31.75,2.11758e-18
31.7667,5.44057e-18
31.7833,1.0208e-17
31.8,1.63305e-17
31.8167,2.37098e-17
31.8333,3.22401e-17
31.85,4.1809e-17
31.8667,5.22985e-17
31.8833,6.35857e-17
31.9,7.55448e-17
31.9167,8.80471e-17
31.9333,1.00963e-16
31.95,1.14163e-16
31.9667,1.27517e-16
31.9833,1.40898e-16
32,1.54181e-16
32.0167,1.67246e-16
32.0333,1.79977e-16
32.05,1.92263e-16
32.0667,2.03998e-16
32.0833,2.15087e-16
32.1,2.25438e-16
32.1167,2.34969e-16
32.1333,2.43607e-16
32.15,2.51289e-16
32.1667,2.57958e-16
32.1833,2.63569e-16
32.2,2.68086e-16
32.2167,2.71484e-16
32.2333,2.73746e-16
32.25,2.74866e-16
32.2667,2.74848e-16
32.2833,2.73703e-16
32.3,2.71453e-16
32.3167,2.68129e-16
32.3333,2.63769e-16
32.35,2.5842e-16
32.3667,2.52135e-16
32.3833,2.44974e-16
32.4,2.37005e-16
32.4167,2.28297e-16
32.4333,2.18928e-16
32.45,2.08978e-16
32.4667,1.9853e-16
32.4833,1.87669e-16
32.5,1.76483e-16
32.5167,1.65059e-16
32.5333,1.53487e-16
32.55,1.41853e-16
32.5667,1.30244e-16
32.5833,1.18743e-16
32.6,1.07432e-16
32.6167,9.63894e-17
32.6333,8.56886e-17
32.65,7.53995e-17
32.6667,6.55867e-17
32.6833,5.63096e-17
32.7,4.76219e-17
32.7167,3.95714e-17
32.7333,3.21995e-17
32.75,2.55412e-17
32.7667,1.96251e-17
32.7833,1.44731e-17
32.8,1.01004e-17
32.8167,6.51582e-18
32.8333,3.7214e-18
32.85,1.713e-18
32.8667,4.80256e-19
32.8833,6.86608e-21
32.9,2.70856e-19
32.9167,1.24489e-18
32.9333,2.89664e-18
32.95,5.18912e-18
32.9667,8.08114e-18
32.9833,1.15277e-17
33,1.54804e-17
33.0167,1.98881e-17
33.0333,2.4697e-17
33.05,2.98517e-17
33.0667,3.5295e-17
33.0833,4.09691e-17
33.1,4.68154e-17
33.1167,5.27756e-17
33.1333,5.87917e-17
33.15,6.48066e-17
33.1667,7.07647e-17
33.1833,7.6612e-17
33.2,8.22969e-17
33.2167,8.77702e-17
33.2333,9.29854e-17
33.25,9.78995e-17
33.2667,1.02473e-16
33.2833,1.06669e-16
33.3,1.10457e-16
33.3167,1.13807e-16
33.3333,1.16697e-16
33.35,1.19107e-16
33.3667,1.21022e-16
33.3833,1.22431e-16
33.4,1.23328e-16
33.4167,1.23711e-16
33.4333,1.23582e-16
33.45,1.22949e-16
33.4667,1.21821e-16
33.4833,1.20214e-16
33.5,1.18146e-16
33.5167,1.15638e-16
33.5333,1.12715e-16
33.55,1.09405e-16
33.5667,1.05738e-16
33.5833,1.01747e-16
33.6,9.74666e-17
33.6167,9.29335e-17
33.6333,8.81854e-17
33.65,8.32608e-17
33.6667,7.81992e-17
33.6833,7.30403e-17
33.7,6.78235e-17
33.7167,6.25883e-17
33.7333,5.73732e-17
33.75,5.22156e-17
33.7667,4.7152e-17
33.7833,4.2217e-17
33.8,3.74434e-17
33.8167,3.2862e-17
33.8333,2.85015e-17
33.85,2.4388e-17
33.8667,2.0545e-17
33.8833,1.69933e-17
33.9,1.37509e-17
33.9167,1.08329e-17
33.9333,8.25144e-18
33.95,6.01564e-18
33.9667,4.13169e-18
33.9833,2.60279e-18
34,1.42925e-18
34.0167,6.08523e-19
34.0333,1.353e-19
34.05,1.63439e-21
34.0667,1.97059e-19
34.0833,7.08732e-19
34.1,1.52159e-18
34.1167,2.61854e-18
34.1333,3.98062e-18
34.15,5.5872e-18
34.1667,7.41621e-18
34.1833,9.44431e-18
34.2,1.16471e-17
34.2167,1.39995e-17
34.2333,1.64757e-17
34.25,1.90495e-17
34.2667,2.16946e-17
34.2833,2.43847e-17
34.3,2.70939e-17
34.3167,2.97965e-17
34.3333,3.24678e-17
34.35,3.50837e-17
34.3667,3.76212e-17
34.3833,4.00584e-17
34.4,4.23748e-17
34.4167,4.45513e-17
34.4333,4.65705e-17
34.45,4.84166e-17
34.4667,5.00755e-17
34.4833,5.15352e-17
34.5,5.27853e-17
34.5167,5.38176e-17
34.5333,5.46258e-17
34.55,5.52055e-17
34.5667,5.55545e-17
34.5833,5.56723e-17
34.6,5.55605e-17
34.6167,5.52226e-17
34.6333,5.46637e-17
34.65,5.38908e-17
34.6667,5.29124e-17
34.6833,5.17386e-17
34.7,5.03811e-17
34.7167,4.88524e-17
34.7333,4.71666e-17
34.75,4.53387e-17
34.7667,4.33843e-17
34.7833,4.13202e-17
34.8,3.91633e-17
34.8167,3.69313e-17
34.8333,3.46417e-17
34.85,3.23126e-17
34.8667,2.99616e-17
34.8833,2.76065e-17
34.9,2.52645e-17
34.9167,2.29523e-17
34.9333,2.0686e-17
34.95,1.84813e-17
34.9667,1.63525e-17
34.9833,1.43134e-17
35,1.23765e-17
35.0167,1.05534e-17
35.0333,8.85436e-18
35.05,7.28841e-18
35.0667,5.86338e-18
35.0833,4.58572e-18
35.1,3.4606e-18
35.1167,2.49181e-18
35.1333,1.6818e-18
35.15,1.03172e-18
35.1667,5.41389e-19
35.1833,2.09367e-19
35.2,3.29812e-20
35.2167,8.38152e-21
35.2333,1.30599e-19
35.25,3.93611e-19
35.2667,7.90417e-19
35.2833,1.31312e-18
35.3,1.95299e-18
35.3167,2.7006e-18
35.3333,3.54586e-18
35.35,4.47816e-18
35.3667,5.48643e-18
35.3833,6.55928e-18
35.4,7.68505e-18
35.4167,8.85195e-18
35.4333,1.00481e-17
35.45,1.12618e-17
35.4667,1.24813e-17
35.4833,1.36952e-17
35.5,1.48924e-17
35.5167,1.60621e-17
35.5333,1.71942e-17
35.55,1.82788e-17
35.5667,1.93071e-17
35.5833,2.02704e-17
35.6,2.11613e-17
35.6167,2.19726e-17
35.6333,2.26983e-17
35.65,2.33332e-17
35.6667,2.38728e-17
35.6833,2.43137e-17
35.7,2.46531e-17
35.7167,2.48895e-17
35.7333,2.50218e-17
35.75,2.50502e-17
35.7667,2.49756e-17
35.7833,2.47997e-17
35.8,2.4525e-17
35.8167,2.41548e-17
35.8333,2.36932e-17
35.85,2.31449e-17
35.8667,2.25151e-17
35.8833,2.18098e-17
35.9,2.10354e-17
35.9167,2.01986e-17
35.9333,1.93067e-17
35.95,1.83671e-17
35.9667,1.73877e-17
35.9833,1.63764e-17
36,1.53411e-17
36.0167,1.42899e-17
36.0333,1.32307e-17
36.05,1.21716e-17
36.0667,1.11201e-17
36.0833,1.00838e-17
36.1,9.06995e-18
36.1167,8.0853e-18
36.1333,7.13637e-18
36.15,6.22918e-18
36.1667,5.36928e-18
36.1833,4.56173e-18
36.2,3.81102e-18
36.2167,3.12112e-18
36.2333,2.49538e-18
36.25,1.93657e-18
36.2667,1.44688e-18
36.2833,1.02786e-18
36.3,6.80477e-19
36.3167,4.05103e-19
36.3333,2.01524e-19
36.35,6.89548e-20
36.3667,6.06486e-21
36.3833,1.09987e-20
36.4,8.14039e-20
36.4167,2.14462e-19
36.4333,4.06923e-19
36.45,6.55138e-19
36.4667,9.55103e-19
36.4833,1.3025e-18
36.5,1.69272e-18
36.5167,2.12094e-18
36.5333,2.58214e-18
36.55,3.07116e-18
36.5667,3.58274e-18
36.5833,4.11155e-18
36.6,4.65226e-18
36.6167,5.19958e-18
36.6333,5.74829e-18
36.65,6.29326e-18
36.6667,6.82953e-18
36.6833,7.35233e-18
36.7,7.85711e-18
36.7167,8.33955e-18
36.7333,8.79566e-18
36.75,9.2217e-18
36.7667,9.61432e-18
36.7833,9.97046e-18
36.8,1.02875e-17
36.8167,1.05631e-17
36.8333,1.07954e-17
36.85,1.0983e-17
36.8667,1.11247e-17
36.8833,1.12198e-17
36.9,1.12681e-17
36.9167,1.12697e-17
36.9333,1.12251e-17
36.95,1.11351e-17
36.9667,1.1001e-17
36.9833,1.08243e-17
37,1.0607e-17
37.0167,1.03511e-17
37.0333,1.00593e-17
37.05,9.73405e-18
37.0667,9.37845e-18
37.0833,8.99556e-18
37.1,8.58865e-18
37.1167,8.16115e-18
37.1333,7.71655e-18
37.15,7.25843e-18
37.1667,6.79041e-18
37.1833,6.31609e-18
37.2,5.83908e-18
37.2167,5.3629e-18
37.2333,4.89101e-18
37.25,4.42675e-18
37.2667,3.97332e-18
37.2833,3.53379e-18
37.3,3.111e-18
37.3167,2.70762e-18
37.3333,2.3261e-18
37.35,1.96866e-18
37.3667,1.63726e-18
37.3833,1.33362e-18
37.4,1.05919e-18
37.4167,8.15151e-19
37.4333,6.02415e-19
37.45,4.21621e-19
37.4667,2.7314e-19
37.4833,1.57072e-19
37.5,7.32582e-20
37.5167,2.12853e-20
37.5333,4.95673e-22
37.55,9.9985e-21
37.5667,4.86825e-20
37.5833,1.1523e-19
37.6,2.08133e-19
37.6167,3.25708e-19
37.6333,4.66117e-19
37.65,6.2738e-19
37.6667,8.07402e-19
37.6833,1.00398e-18
37.7,1.21485e-18
37.7167,1.43766e-18
37.7333,1.67005e-18
37.75,1.9096e-18
37.7667,2.15393e-18
37.7833,2.40065e-18
37.8,2.64742e-18
37.8167,2.89196e-18
37.8333,3.13205e-18
37.85,3.36557e-18
37.8667,3.59048e-18
37.8833,3.80488e-18
37.9,4.00701e-18
37.9167,4.19521e-18
37.9333,4.36801e-18
37.95,4.52409e-18
37.9667,4.66228e-18
37.9833,4.78161e-18
38,4.88127e-18
38.0167,4.96064e-18
38.0333,5.01926e-18
38.05,5.05689e-18
38.0667,5.07343e-18
38.0833,5.06897e-18
38.1,5.04379e-18
38.1167,4.99832e-18
38.1333,4.93314e-18
38.15,4.84899e-18
38.1667,4.74676e-18
38.1833,4.62747e-18
38.2,4.49225e-18
38.2167,4.34234e-18
38.2333,4.17909e-18
38.25,4.00391e-18
38.2667,3.8183e-18
38.2833,3.6238e-18
38.3,3.422e-18
38.3167,3.21452e-18
38.3333,3.00299e-18
38.35,2.78903e-18
38.3667,2.57425e-18
38.3833,2.36024e-18
38.4,2.14855e-18
38.4167,1.94065e-18
38.4333,1.73799e-18
38.45,1.54191e-18
38.4667,1.35368e-18
38.4833,1.17447e-18
38.5,1.00537e-18
38.5167,8.47336e-19
38.5333,7.01235e-19
38.55,5.67808e-19
38.5667,4.47678e-19
38.5833,3.41346e-19
38.6,2.49192e-19
38.6167,1.71474e-19
38.6333,1.08327e-19
38.65,5.9767e-20
38.6667,2.56928e-20
38.6833,5.89017e-21
38.7,3.58951e-23
38.7167,7.70309e-21
38.7333,2.83671e-20
38.75,6.14122e-20
38.7667,1.06138e-19
38.7833,1.61769e-19
38.8,2.27459e-19
38.8167,3.02303e-19
38.8333,3.85344e-19
38.85,4.75583e-19
38.8667,5.71987e-19
38.8833,6.73497e-19
38.9,7.79039e-19
38.9167,8.87533e-19
38.9333,9.97901e-19
38.95,1.10907e-18
38.9667,1.22e-18
38.9833,1.32966e-18
39,1.43707e-18
39.0167,1.54127e-18
39.0333,1.64138e-18
39.05,1.73654e-18
39.0667,1.82597e-18
39.0833,1.90896e-18
39.1,1.98484e-18
39.1167,2.05306e-18
39.1333,2.1131e-18
39.15,2.16454e-18
39.1667,2.20704e-18
39.1833,2.24034e-18
39.2,2.26427e-18
39.2167,2.27872e-18
39.2333,2.28368e-18
39.25,2.2792e-18
39.2667,2.26544e-18
39.2833,2.2426e-18
39.3,2.21097e-18
39.3167,2.1709e-18
39.3333,2.1228e-18
39.35,2.06714e-18
39.3667,2.00446e-18
39.3833,1.93531e-18
39.4,1.86032e-18
39.4167,1.78014e-18
39.4333,1.69544e-18
39.45,1.60692e-18
39.4667,1.51531e-18
39.4833,1.42134e-18
39.5,1.32574e-18
39.5167,1.22924e-18
39.5333,1.13257e-18
39.55,1.03643e-18
39.5667,9.41514e-19
39.5833,8.48487e-19
39.6,7.57984e-19
39.6167,6.70604e-19
39.6333,5.86906e-19
39.65,5.07411e-19
39.6667,4.32589e-19
39.6833,3.62864e-19
39.7,2.9861e-19
39.7167,2.40145e-19
39.7333,1.87738e-19
39.75,1.41598e-19
39.7667,1.01882e-19
39.7833,6.86905e-20
39.8,4.20699e-20
39.8167,2.20127e-20
39.8333,8.45917e-21
39.85,1.29898e-21
39.8667,3.73326e-22
39.8833,5.47737e-21
39.9,1.6363e-20
39.9167,3.27417e-20
39.9333,5.42882e-20
39.95,8.06435e-20
39.9667,1.11419e-19
39.9833,1.46199e-19
40,1.84547e-19
40.0167,2.26008e-19
40.0333,2.70113e-19
40.05,3.16381e-19
40.0667,3.64329e-19
40.0833,4.13468e-19
40.1,4.63313e-19
40.1167,5.13385e-19
40.1333,5.63214e-19
40.15,6.12344e-19
40.1667,6.60333e-19
40.1833,7.0676e-19
40.2,7.51229e-19
40.2167,7.93364e-19
40.2333,8.32823e-19
40.25,8.69288e-19
40.2667,9.02476e-19
40.2833,9.32137e-19
40.3,9.58056e-19
40.3167,9.80052e-19
40.3333,9.97982e-19
40.35,1.01174e-18
40.3667,1.02125e-18
40.3833,1.02649e-18
40.4,1.02746e-18
40.4167,1.02419e-18
40.4333,1.01677e-18
40.45,1.00528e-18
40.4667,9.8988e-19
40.4833,9.70727e-19
40.5,9.48018e-19
40.5167,9.21972e-19
40.5333,8.92833e-19
40.55,8.60865e-19
40.5667,8.26351e-19
40.5833,7.89587e-19
40.6,7.50883e-19
40.6167,7.10558e-19
40.6333,6.6894e-19
40.65,6.26357e-19
40.6667,5.83142e-19
40.6833,5.39622e-19
40.7,4.96124e-19
40.7167,4.52964e-19
40.7333,4.1045e-19
40.75,3.68879e-19
40.7667,3.28531e-19
40.7833,2.89673e-19
40.8,2.5255e-19
40.8167,2.17391e-19
40.8333,1.84401e-19
40.85,1.53766e-19
40.8667,1.25645e-19
40.8833,1.00176e-19
40.9,7.74706e-20
40.9167,5.76163e-20
40.9333,4.06756e-20
40.95,2.66859e-20
40.9667,1.56604e-20
40.9833,7.58786e-21
41,2.43391e-21
41.0167,1.41483e-22
41.0333,6.31977e-22
41.05,3.80638e-21
41.0667,9.54655e-21
41.0833,1.77166e-20
41.1,2.81644e-20
41.1167,4.07234e-20
41.1333,5.52137e-20
41.15,7.14446e-20
41.1667,8.92158e-20
41.1833,1.08319e-19
41.2,1.28542e-19
41.2167,1.49665e-19
41.2333,1.71471e-19
41.25,1.93738e-19
41.2667,2.16248e-19
41.2833,2.38787e-19
41.3,2.61143e-19
41.3167,2.83113e-19
41.3333,3.04501e-19
41.35,3.2512e-19
41.3667,3.44795e-19
41.3833,3.63361e-19
41.4,3.80666e-19
41.4167,3.96574e-19
41.4333,4.10962e-19
41.45,4.23721e-19
41.4667,4.34761e-19
41.4833,4.44006e-19
41.5,4.51396e-19
41.5167,4.56891e-19
41.5333,4.60465e-19
41.55,4.62108e-19
41.5667,4.61828e-19
41.5833,4.59647e-19
41.6,4.55606e-19
41.6167,4.49756e-19
41.6333,4.42165e-19
41.65,4.32912e-19
41.6667,4.22092e-19
41.6833,4.09806e-19
41.7,3.96169e-19
41.7167,3.81304e-19
41.7333,3.6534e-19
41.75,3.48414e-19
41.7667,3.30669e-19
41.7833,3.1225e-19
41.8,2.93305e-19
41.8167,2.73984e-19
41.8333,2.54436e-19
41.85,2.3481e-19
41.8667,2.15252e-19
41.8833,1.95902e-19
41.9,1.769e-19
41.9167,1.58376e-19
41.9333,1.40454e-19
41.95,1.23251e-19
41.9667,1.06876e-19
41.9833,9.1428e-20
42,7.69956e-20
42.0167,6.36582e-20
42.0333,5.14839e-20
42.05,4.05302e-20
42.0667,3.08431e-20
42.0833,2.24573e-20
42.1,1.53963e-20
42.1167,9.67231e-21
42.1333,5.28652e-21
42.15,2.22925e-21
42.1667,4.80406e-22
42.1833,9.81121e-24
42.2,7.77732e-22
42.2167,2.73541e-21
42.2333,5.82568e-21
42.25,9.98362e-21
42.2667,1.51372e-20
42.2833,2.12083e-20
42.3,2.8113e-20
42.3167,3.57627e-20
42.3333,4.40652e-20
42.35,5.29247e-20
42.3667,6.22438e-20
42.3833,7.19231e-20
42.4,8.18631e-20
42.4167,9.19642e-20
42.4333,1.02128e-19
42.45,1.12258e-19
42.4667,1.2226e-19
42.4833,1.32044e-19
42.5,1.41522e-19
42.5167,1.50613e-19
42.5333,1.59238e-19
42.55,1.67327e-19
42.5667,1.74814e-19
42.5833,1.81639e-19
42.6,1.87751e-19
42.6167,1.93104e-19
42.6333,1.97661e-19
42.65,2.01391e-19
42.6667,2.04272e-19
42.6833,2.06288e-19
42.7,2.07431e-19
42.7167,2.07702e-19
42.7333,2.07107e-19
42.75,2.05662e-19
42.7667,2.03386e-19
42.7833,2.00307e-19
42.8,1.9646e-19
42.8167,1.91884e-19
42.8333,1.86623e-19
42.85,1.80728e-19
42.8667,1.74251e-19
42.8833,1.67252e-19
42.9,1.5979e-19
42.9167,1.5193e-19
42.9333,1.43737e-19
42.95,1.35277e-19
42.9667,1.2662e-19
42.9833,1.17832e-19
43,1.08981e-19
43.0167,1.00135e-19
43.0333,9.13593e-20
43.05,8.27162e-20
43.0667,7.42672e-20
43.0833,6.60701e-20
43.1,5.81796e-20
43.1167,5.06464e-20
43.1333,4.35174e-20
43.15,3.68348e-20
43.1667,3.06365e-20
43.1833,2.49553e-20
43.2,1.98192e-20
43.2167,1.52509e-20
43.2333,1.12681e-20
43.25,7.88332e-21
43.2667,5.1038e-21
43.2833,2.93177e-21
43.3,1.36443e-21
43.3167,3.94131e-22
43.3333,8.5464e-24
43.35,1.90893e-22
43.3667,9.20162e-22
43.3833,2.1714e-21
43.4,3.91599e-21
43.4167,6.12199e-21
43.4333,8.75447e-21
43.45,1.17758e-20
43.4667,1.51462e-20
43.4833,1.88238e-20
43.5,2.27654e-20
43.5167,2.69266e-20
43.5333,3.12621e-20
43.55,3.57265e-20
43.5667,4.02744e-20
43.5833,4.48605e-20
43.6,4.94405e-20
43.6167,5.39712e-20
43.6333,5.84106e-20
43.65,6.27188e-20
43.6667,6.68575e-20
43.6833,7.0791e-20
43.7,7.4486e-20
43.7167,7.7912e-20
43.7333,8.10415e-20
43.75,8.38499e-20
43.7667,8.63161e-20
43.7833,8.84222e-20
43.8,9.01538e-20
43.8167,9.15e-20
43.8333,9.24532e-20
43.85,9.30095e-20
43.8667,9.31685e-20
43.8833,9.2933e-20
43.9,9.23091e-20
43.9167,9.13063e-20
43.9333,8.99369e-20
43.95,8.8216e-20
43.9667,8.61617e-20
43.9833,8.37944e-20
44,8.11366e-20
44.0167,7.82131e-20
44.0333,7.50502e-20
44.05,7.16759e-20
44.0667,6.81194e-20
44.0833,6.44107e-20
44.1,6.05807e-20
44.1167,5.66606e-20
44.1333,5.26817e-20
44.15,4.86751e-20
44.1667,4.46718e-20
44.1833,4.07017e-20
44.2,3.6794e-20
44.2167,3.29768e-20
44.2333,2.92767e-20
44.25,2.57188e-20
44.2667,2.23265e-20
44.2833,1.91211e-20
44.3,1.61221e-20
44.3167,1.33466e-20
44.3333,1.08097e-20
44.35,8.52388e-21
44.3667,6.49942e-21
44.3833,4.74415e-21
44.4,3.26346e-21
44.4167,2.06032e-21
44.4333,1.13533e-21
44.45,4.86779e-22
44.4667,1.10666e-22
44.4833,8.31186e-25
44.5,1.49044e-22
44.5167,5.45117e-22
44.5333,1.17704e-21
44.55,2.03113e-21
44.5667,3.09215e-21
44.5833,4.34354e-21
44.6,5.76749e-21
44.6167,7.34521e-21
44.6333,9.05706e-21
44.65,1.08827e-20
44.6667,1.28014e-20
44.6833,1.4792e-20
44.7,1.68335e-20
44.7167,1.89045e-20
44.7333,2.09844e-20
44.75,2.30525e-20
44.7667,2.50892e-20
44.7833,2.7075e-20
44.8,2.89919e-20
44.8167,3.08225e-20
44.8333,3.25507e-20
44.85,3.41616e-20
44.8667,3.56416e-20
44.8833,3.69787e-20
44.9,3.81621e-20
44.9167,3.91829e-20
44.9333,4.00335e-20
44.95,4.07082e-20
44.9667,4.12029e-20
44.9833,4.15149e-20
45,4.16436e-20
45.0167,4.15895e-20
45.0333,4.13552e-20
45.05,4.09444e-20
45.0667,4.03626e-20
45.0833,3.96164e-20
45.1,3.8714e-20
45.1167,3.76645e-20
45.1333,3.64784e-20
45.15,3.51671e-20
45.1667,3.37427e-20
45.1833,3.22182e-20
45.2,3.06074e-20
45.2167,2.89243e-20
45.2333,2.71834e-20
45.25,2.53994e-20
45.2667,2.35872e-20
45.2833,2.17613e-20
45.3,1.99365e-20
45.3167,1.8127e-20
45.3333,1.63466e-20
45.35,1.46087e-20
45.3667,1.29258e-20
45.3833,1.13099e-20
45.4,9.77206e-21
45.4167,8.32239e-21
45.4333,6.97005e-21
45.45,5.72313e-21
45.4667,4.58862e-21
45.4833,3.57236e-21
45.5,2.67904e-21
45.5167,1.91218e-21
45.5333,1.27408e-21
45.55,7.65902e-22
45.5667,3.87623e-22
45.5833,1.38094e-22
45.6,1.50675e-23
45.6167,1.52414e-23
45.6333,1.34313e-22
45.65,3.6704e-22
45.6667,7.07306e-22
45.6833,1.14819e-21
45.7,1.68206e-21
45.7167,2.30064e-21
45.7333,2.9951e-21
45.75,3.75614e-21
45.7667,4.5741e-21
45.7833,5.43903e-21
45.8,6.34082e-21
45.8167,7.26923e-21
45.8333,8.21406e-21
45.85,9.16516e-21
45.8667,1.01126e-20
45.8833,1.10466e-20
45.9,1.19579e-20
45.9167,1.28376e-20
45.9333,1.36771e-20
45.95,1.44686e-20
45.9667,1.52048e-20
45.9833,1.5879e-20
46,1.64855e-20
46.0167,1.70189e-20
46.0333,1.74749e-20
46.05,1.78499e-20
46.0667,1.81412e-20
46.0833,1.83468e-20
46.1,1.84656e-20
46.1167,1.84974e-20
46.1333,1.84427e-20
46.15,1.83029e-20
46.1667,1.80801e-20
46.1833,1.7777e-20
46.2,1.73973e-20
46.2167,1.69452e-20
46.2333,1.64254e-20
46.25,1.58433e-20
46.2667,1.52046e-20
46.2833,1.45158e-20
46.3,1.37832e-20
46.3167,1.3014e-20
46.3333,1.22151e-20
46.35,1.13939e-20
46.3667,1.05578e-20
46.3833,9.71392e-21
46.4,8.86975e-21
46.4167,8.03239e-21
46.4333,7.20882e-21
46.45,6.40573e-21
46.4667,5.6295e-21
46.4833,4.88614e-21
46.5,4.1812e-21
46.5167,3.51978e-21
46.5333,2.90646e-21
46.55,2.34526e-21
46.5667,1.83961e-21
46.5833,1.39234e-21
46.6,1.00566e-21
46.6167,6.81162e-22
46.6333,4.19787e-22
46.65,2.21856e-22
46.6667,8.70682e-23
46.6833,1.45219e-23
46.7,2.73181e-24
46.7167,4.96574e-23
46.7333,1.52734e-22
46.75,3.08909e-22
46.7667,5.14682e-22
46.7833,7.66144e-22
46.8,1.05903e-21
46.8167,1.38877e-21
46.8333,1.75053e-21
46.85,2.13926e-21
46.8667,2.54977e-21
46.8833,2.97677e-21
46.9,3.41493e-21
46.9167,3.8589e-21
46.9333,4.30343e-21
46.95,4.74335e-21
46.9667,5.17366e-21
46.9833,5.58957e-21
47,5.98653e-21
47.0167,6.36029e-21
47.0333,6.70693e-21
47.05,7.02287e-21
47.0667,7.30493e-21
47.0833,7.55035e-21
47.1,7.75681e-21
47.1167,7.92242e-21
47.1333,8.04578e-21
47.15,8.12592e-21
47.1667,8.16238e-21
47.1833,8.15515e-21
47.2,8.10467e-21
47.2167,8.01186e-21
47.2333,7.87804e-21
47.25,7.70496e-21
47.2667,7.49476e-21
47.2833,7.24992e-21
47.3,6.97327e-21
47.3167,6.66792e-21
47.3333,6.33725e-21
47.35,5.98485e-21
47.3667,5.61449e-21
47.3833,5.23006e-21
47.4,4.83557e-21
47.4167,4.43504e-21
47.4333,4.03253e-21
47.45,3.63202e-21
47.4667,3.23744e-21
47.4833,2.85255e-21
47.5,2.48099e-21
47.5167,2.12616e-21
47.5333,1.79122e-21
47.55,1.47907e-21
47.5667,1.19229e-21
47.5833,9.33154e-22
47.6,7.0355e-22
47.6167,5.05017e-22
47.6333,3.38704e-22
47.65,2.0537e-22
47.6667,1.05374e-22
47.6833,3.86805e-23
47.7,4.86337e-24
47.7167,3.11573e-24
47.7333,3.22657e-23
47.75,9.07955e-23
47.7667,1.76865e-22
47.7833,2.88339e-22
47.8,4.22819e-22
47.8167,5.77672e-22
47.8333,7.50073e-22
47.85,9.37039e-22
47.8667,1.13547e-21
47.8833,1.34217e-21
47.9,1.55395e-21
47.9167,1.76756e-21
47.9333,1.97986e-21
47.95,2.18773e-21
47.9667,2.38822e-21
47.9833,2.5785e-21
48,2.75594e-21
48.0167,2.91813e-21
48.0333,3.0629e-21
48.05,3.18836e-21
48.0667,3.2929e-21
48.0833,3.37523e-21
48.1,3.43435e-21
48.1167,3.46962e-21
48.1333,3.48072e-21
48.15,3.46767e-21
48.1667,3.4308e-21
48.1833,3.37077e-21
48.2,3.28857e-21
48.2167,3.18544e-21
48.2333,3.06293e-21
48.25,2.92281e-21
48.2667,2.76709e-21
48.2833,2.59796e-21
48.3,2.41778e-21
48.3167,2.22904e-21
48.3333,2.03431e-21
48.35,1.83622e-21
48.3667,1.63742e-21
48.3833,1.44054e-21
48.4,1.24814e-21
48.4167,1.0627e-21
48.4333,8.86571e-22
48.45,7.21931e-22
48.4667,5.7077e-22
48.4833,4.3485e-22
48.5,3.15685e-22
48.5167,2.14518e-22
48.5333,1.323e-22
48.55,6.96784e-23
48.5667,2.69844e-23
48.5833,4.23066e-24
48.6,1.10922e-24
48.6167,1.69965e-23
48.6333,5.09627e-23
48.65,1.01787e-22
48.6667,1.67976e-22
48.6833,2.47789e-22
48.7,3.39266e-22
48.7167,4.4026e-22
48.7333,5.48474e-22
48.75,6.61503e-22
48.7667,7.76872e-22
48.7833,8.92084e-22
48.8,1.00466e-21
48.8167,1.11221e-21
48.8333,1.21242e-21
48.85,1.30319e-21
48.8667,1.38258e-21
48.8833,1.44892e-21
48.9,1.5008e-21
48.9167,1.53716e-21
48.9333,1.55722e-21
48.95,1.56061e-21
48.9667,1.54728e-21
48.9833,1.51757e-21
49,1.47215e-21
49.0167,1.41206e-21
49.0333,1.33865e-21
49.05,1.25353e-21
49.0667,1.15861e-21
49.0833,1.05596e-21
49.1,9.4784e-22
49.1167,8.36585e-22
49.1333,7.2459e-22
49.15,6.1423e-22
49.1667,5.07803e-22
49.1833,4.07475e-22
49.2,3.15221e-22
49.2167,2.32772e-22
49.2333,1.61568e-22
49.25,1.0272e-22
49.2667,5.69752e-23
49.2833,2.46977e-23
49.3,5.85249e-24
49.3167,6.94888e-27
49.3333,6.34036e-24
49.35,2.36665e-23
49.3667,5.04681e-23
49.3833,8.49421e-23
49.4,1.25057e-22
49.4167,1.68617e-22
49.4333,2.13338e-22
49.45,2.5693e-22
49.4667,2.97177e-22
49.4833,3.32025e-22
49.5,3.5967e-22
49.5167,3.78635e-22
49.5333,3.87845e-22
49.55,3.86685e-22
49.5667,3.75053e-22
49.5833,3.53382e-22
49.6,3.22653e-22
49.6167,2.84374e-22
49.6333,2.40536e-22
49.65,1.93544e-22
49.6667,1.46111e-22
49.6833,1.01126e-22
49.7,6.14999e-23
49.7167,2.99771e-23
49.7333,8.93704e-24
49.75,1.80745e-25
49.7667,4.71891e-24
49.7833,2.2574e-23
49.8,5.26144e-23
49.8167,9.24426e-23
49.8333,1.38365e-22
49.85,1.85477e-22
49.8667,2.27893e-22
49.8833,2.59191e-22
49.9,2.73087e-22
49.9167,2.64442e-22
49.9333,2.30641e-22
49.95,1.73442e-22
49.9667,1.01388e-22
49.9833,3.28726e-23
