1e-05,9.10119e-10
0.0166767,0.00330223
0.0333433,0.0119469
0.05001,0.0242846
0.0666767,0.0389466
0.0833433,0.05481
0.10001,0.0709675
0.116677,0.0866985
0.133343,0.101445
0.15001,0.114788
0.166677,0.126429
0.183343,0.13617
0.20001,0.143898
0.216677,0.149572
0.233343,0.15321
0.25001,0.154875
0.266677,0.154672
0.283343,0.152731
0.30001,0.149208
0.316677,0.144272
0.333343,0.138103
0.35001,0.130886
0.366677,0.122809
0.383343,0.114057
0.40001,0.104811
0.416677,0.0952448
0.433343,0.0855258
0.45001,0.0758098
0.466677,0.0662426
0.483343,0.0569585
0.50001,0.04808
0.516677,0.0397172
0.533343,0.0319683
0.55001,0.0249193
0.566677,0.0186444
0.583343,0.0132062
0.60001,0.0086564
0.616677,0.00503607
0.633343,0.00237632
0.65001,0.000698859
0.666677,1.66196e-05
0.683343,0.000334412
0.70001,0.00164955
0.716677,0.00395251
0.733343,0.00722754
0.75001,0.0114533
0.766677,0.0166034
0.783343,0.0226472
0.80001,0.0295499
0.816677,0.0372737
0.833343,0.0457776
0.85001,0.0550185
0.866676,0.0649511
0.883343,0.0755289
0.90001,0.0867038
0.916676,0.0984273
0.933343,0.11065
0.95001,0.123323
0.966676,0.136396
0.983343,0.14982
1.00001,0.163547
1.01668,0.177529
1.03334,0.191718
1.05001,0.206069
1.06668,0.220536
1.08334,0.235076
1.10001,0.249647
1.11668,0.264207
1.13334,0.278717
1.15001,0.293139
1.16668,0.307437
1.18334,0.321576
1.20001,0.335523
1.21668,0.349248
1.23334,0.362722
1.25001,0.375916
1.26668,0.388804
1.28334,0.401364
1.30001,0.413574
1.31668,0.425412
1.33334,0.43686
1.35001,0.447903
1.36668,0.458524
1.38334,0.468711
1.40001,0.478452
1.41668,0.487737
1.43334,0.496558
1.45001,0.504907
1.46668,0.51278
1.48334,0.520173
1.50001,0.527082
1.51668,0.533507
1.53334,0.539447
1.55001,0.544904
1.56668,0.54988
1.58334,0.554378
1.60001,0.558402
1.61668,0.561958
1.63334,0.565052
1.65001,0.567691
1.66668,0.569883
1.68334,0.571635
1.70001,0.572958
1.71668,0.57386
1.73334,0.574352
1.75001,0.574445
1.76668,0.574148
1.78334,0.573475
1.80001,0.572436
1.81668,0.571044
1.83334,0.56931
1.85001,0.567248
1.86668,0.564869
1.88334,0.562186
1.90001,0.559213
1.91668,0.55596
1.93334,0.552442
1.95001,0.54867
1.96668,0.544658
1.98334,0.540417
2.00001,0.53596
2.01668,0.531299
2.03334,0.526446
2.05001,0.521412
2.06668,0.51621
2.08334,0.51085
2.10001,0.505343
2.11668,0.499701
2.13334,0.493933
2.15001,0.48805
2.16668,0.482062
2.18334,0.475979
2.20001,0.469809
2.21668,0.463562
2.23334,0.457246
2.25001,0.45087
2.26668,0.444442
2.28334,0.437969
2.30001,0.43146
2.31668,0.42492
2.33334,0.418358
2.35001,0.41178
2.36668,0.405191
2.38334,0.398598
2.40001,0.392007
2.41668,0.385423
2.43334,0.378852
2.45001,0.372297
2.46668,0.365764
2.48334,0.359258
2.50001,0.352782
2.51668,0.34634
2.53334,0.339936
2.55001,0.333574
2.56668,0.327257
2.58334,0.320988
2.60001,0.31477
2.61668,0.308606
2.63334,0.302497
2.65001,0.296448
2.66668,0.290459
2.68334,0.284533
2.70001,0.278671
2.71668,0.272876
2.73334,0.267149
2.75001,0.261491
2.76668,0.255904
2.78334,0.250389
2.80001,0.244946
2.81668,0.239577
2.83334,0.234283
2.85001,0.229065
2.86668,0.223922
2.88334,0.218856
2.90001,0.213866
2.91668,0.208954
2.93334,0.204119
2.95001,0.199362
2.96668,0.194683
2.98334,0.190081
3.00001,0.185558
3.01668,0.181111
3.03334,0.176742
3.05001,0.172451
3.06668,0.168236
3.08334,0.164097
3.10001,0.160035
3.11668,0.156049
3.13334,0.152138
3.15001,0.148302
3.16668,0.14454
3.18334,0.140851
3.20001,0.137236
3.21668,0.133693
3.23334,0.130222
3.25001,0.126821
3.26668,0.123491
3.28334,0.120231
3.30001,0.117039
3.31668,0.113916
3.33334,0.110859
3.35001,0.107869
3.36668,0.104945
3.38334,0.102085
3.40001,0.0992888
3.41668,0.0965559
3.43334,0.093885
3.45001,0.0912754
3.46668,0.0887261
3.48334,0.0862362
3.50001,0.0838049
3.51668,0.0814311
3.53334,0.0791141
3.55001,0.0768529
3.56668,0.0746466
3.58334,0.0724942
3.60001,0.0703949
3.61668,0.0683476
3.63334,0.0663516
3.65001,0.0644059
3.66668,0.0625096
3.68334,0.0606617
3.70001,0.0588614
3.71668,0.0571078
3.73334,0.0553999
3.75001,0.0537369
3.76668,0.0521178
3.78334,0.0505418
3.80001,0.049008
3.81668,0.0475156
3.83334,0.0460636
3.85001,0.0446513
3.86668,0.0432777
3.88334,0.0419421
3.90001,0.0406435
3.91668,0.0393812
3.93334,0.0381544
3.95001,0.0369623
3.96668,0.035804
3.98334,0.0346788
4.00001,0.0335859
4.01668,0.0325245
4.03334,0.031494
4.05001,0.0304934
4.06668,0.0295222
4.08334,0.0285796
4.10001,0.0276649
4.11668,0.0267773
4.13334,0.0259163
4.15001,0.025081
4.16668,0.0242709
4.18334,0.0234854
4.20001,0.0227237
4.21668,0.0219852
4.23334,0.0212693
4.25001,0.0205755
4.26668,0.019903
4.28334,0.0192514
4.30001,0.0186201
4.31668,0.0180084
4.33334,0.0174159
4.35001,0.016842
4.36668,0.0162862
4.38334,0.015748
4.40001,0.0152268
4.41668,0.0147222
4.43334,0.0142337
4.45001,0.0137609
4.46668,0.0133032
4.48334,0.0128602
4.50001,0.0124315
4.51668,0.0120166
4.53334,0.0116152
4.55001,0.0112268
4.56668,0.0108511
4.58334,0.0104876
4.60001,0.0101359
4.61668,0.0097958
4.63334,0.00946681
4.65001,0.00914862
4.66668,0.0088409
4.68334,0.0085433
4.70001,0.00825552
4.71668,0.00797723
4.73334,0.00770815
4.75001,0.00744796
4.76668,0.0071964
4.78334,0.00695317
4.80001,0.00671801
4.81668,0.00649067
4.83334,0.00627087
4.85001,0.00605839
4.86668,0.00585297
4.88334,0.00565439
4.90001,0.00546243
4.91668,0.00527686
4.93334,0.00509747
4.95001,0.00492406
4.96668,0.00475644
4.98334,0.0045944
5.00001,0.00443777
5.01668,0.00428636
5.03334,0.00413999
5.05001,0.00399851
5.06668,0.00386175
5.08334,0.00372954
5.10001,0.00360175
5.11668,0.00347821
5.13334,0.00335879
5.15001,0.00324335
5.16668,0.00313175
5.18334,0.00302387
5.20001,0.00291958
5.21668,0.00281876
5.23334,0.0027213
5.25001,0.00262708
5.26668,0.002536
5.28334,0.00244794
5.30001,0.00236282
5.31668,0.00228052
5.33334,0.00220097
5.35001,0.00212405
5.36668,0.0020497
5.38334,0.00197782
5.40001,0.00190832
5.41668,0.00184114
5.43334,0.0017762
5.45001,0.00171342
5.46668,0.00165273
5.48334,0.00159406
5.50001,0.00153735
5.51668,0.00148253
5.53334,0.00142954
5.55001,0.00137832
5.56668,0.00132881
5.58334,0.00128096
5.60001,0.00123472
5.61668,0.00119003
5.63334,0.00114684
5.65001,0.00110511
5.66668,0.00106479
5.68334,0.00102582
5.70001,0.000988181
5.71668,0.000951816
5.73334,0.000916687
5.75001,0.000882757
5.76668,0.000849986
5.78334,0.000818338
5.80001,0.000787777
5.81668,0.000758269
5.83334,0.000729781
5.85001,0.000702281
5.86668,0.000675737
5.88334,0.000650119
5.90001,0.000625398
5.91668,0.000601546
5.93334,0.000578535
5.95001,0.000556339
5.96668,0.000534931
5.98334,0.000514286
6.00001,0.000494381
6.01668,0.000475192
6.03334,0.000456696
6.05001,0.00043887
6.06668,0.000421693
6.08334,0.000405145
6.10001,0.000389204
6.11668,0.000373851
6.13334,0.000359067
6.15001,0.000344833
6.16668,0.000331132
6.18334,0.000317945
6.20001,0.000305255
6.21668,0.000293047
6.23334,0.000281303
6.25001,0.000270009
6.26668,0.000259148
6.28334,0.000248707
6.30001,0.00023867
6.31668,0.000229025
6.33334,0.000219756
6.35001,0.000210852
6.36668,0.0002023
6.38334,0.000194086
6.40001,0.0001862
6.41668,0.000178629
6.43334,0.000171362
6.45001,0.000164388
6.46668,0.000157696
6.48334,0.000151276
6.50001,0.000145118
6.51668,0.000139212
6.53334,0.000133549
6.55001,0.00012812
6.56668,0.000122915
6.58334,0.000117926
6.60001,0.000113145
6.61668,0.000108564
6.63334,0.000104175
6.65001,9.99704e-05
6.66668,9.59428e-05
6.68334,9.20853e-05
6.70001,8.8391e-05
6.71668,8.48534e-05
6.73334,8.14661e-05
6.75001,7.82229e-05
6.76668,7.51179e-05
6.78334,7.21453e-05
6.80001,6.92997e-05
6.81668,6.65758e-05
6.83334,6.39683e-05
6.85001,6.14723e-05
6.86668,5.90831e-05
6.88334,5.6796e-05
6.90001,5.46066e-05
6.91668,5.25108e-05
6.93334,5.05043e-05
6.95001,4.85833e-05
6.96668,4.6744e-05
6.98334,4.49827e-05
7.00001,4.3296e-05
7.01668,4.16805e-05
7.03334,4.0133e-05
7.05001,3.86504e-05
7.06668,3.72298e-05
7.08334,3.58684e-05
7.10001,3.45634e-05
7.11668,3.33122e-05
7.13334,3.21124e-05
7.15001,3.09616e-05
7.16668,2.98576e-05
7.18334,2.87981e-05
7.20001,2.77811e-05
7.21668,2.68046e-05
7.23334,2.58667e-05
7.25001,2.49656e-05
7.26668,2.40996e-05
7.28334,2.32671e-05
7.30001,2.24665e-05
7.31668,2.16963e-05
7.33334,2.0955e-05
7.35001,2.02414e-05
7.36668,1.95542e-05
7.38334,1.8892e-05
7.40001,1.82538e-05
7.41668,1.76385e-05
7.43334,1.70449e-05
7.45001,1.64721e-05
7.46668,1.59192e-05
7.48334,1.53853e-05
7.50001,1.48694e-05
7.51668,1.43708e-05
7.53334,1.38887e-05
7.55001,1.34225e-05
7.56668,1.29713e-05
7.58334,1.25346e-05
7.60001,1.21117e-05
7.61668,1.17021e-05
7.63334,1.13053e-05
7.65001,1.09206e-05
7.66668,1.05476e-05
7.68334,1.01859e-05
7.70001,9.83495e-06
7.71668,9.49444e-06
7.73334,9.16395e-06
7.75001,8.84312e-06
7.76668,8.53161e-06
7.78334,8.2291e-06
7.80001,7.93529e-06
7.81668,7.6499e-06
7.83334,7.37266e-06
7.85001,7.10332e-06
7.86668,6.84166e-06
7.88334,6.58744e-06
7.90001,6.34048e-06
7.91668,6.10056e-06
7.93334,5.86751e-06
7.95001,5.64115e-06
7.96668,5.42133e-06
7.98334,5.2079e-06
8.00001,5.0007e-06
8.01668,4.79961e-06
8.03334,4.60448e-06
8.05001,4.41521e-06
8.06668,4.23167e-06
8.08334,4.05374e-06
8.10001,3.88133e-06
8.11668,3.71432e-06
8.13334,3.55261e-06
8.15001,3.39611e-06
8.16668,3.24472e-06
8.18334,3.09835e-06
8.20001,2.9569e-06
8.21668,2.82029e-06
8.23334,2.68841e-06
8.25001,2.56119e-06
8.26668,2.43854e-06
8.28334,2.32035e-06
8.30001,2.20656e-06
8.31668,2.09706e-06
8.33334,1.99177e-06
8.35001,1.89059e-06
8.36667,1.79344e-06
8.38334,1.70023e-06
8.40001,1.61086e-06
8.41667,1.52524e-06
8.43334,1.44328e-06
8.45001,1.36489e-06
8.46667,1.28997e-06
8.48334,1.21843e-06
8.50001,1.15016e-06
8.51667,1.08509e-06
8.53334,1.02311e-06
8.55001,9.6413e-07
8.56667,9.08052e-07
8.58334,8.54782e-07
8.60001,8.04225e-07
8.61667,7.56288e-07
8.63334,7.10877e-07
8.65001,6.67898e-07
8.66667,6.27261e-07
8.68334,5.88874e-07
8.70001,5.52646e-07
8.71667,5.18489e-07
8.73334,4.86315e-07
8.75001,4.56039e-07
8.76667,4.27576e-07
8.78334,4.00843e-07
8.80001,3.7576e-07
8.81667,3.52248e-07
8.83334,3.30229e-07
8.85001,3.09628e-07
8.86667,2.90374e-07
8.88334,2.72395e-07
8.90001,2.55623e-07
8.91667,2.39992e-07
8.93334,2.25439e-07
8.95001,2.11903e-07
8.96667,1.99324e-07
8.98334,1.87647e-07
9.00001,1.76818e-07
9.01667,1.66784e-07
9.03334,1.57498e-07
9.05001,1.48912e-07
9.06667,1.40982e-07
9.08334,1.33667e-07
9.10001,1.26925e-07
9.11667,1.20719e-07
9.13334,1.15015e-07
9.15001,1.09778e-07
9.16667,1.04977e-07
9.18334,1.00583e-07
9.20001,9.65676e-08
9.21667,9.29049e-08
9.23334,8.95708e-08
9.25001,8.65424e-08
9.26667,8.37986e-08
9.28334,8.13196e-08
9.30001,7.90866e-08
9.31667,7.70826e-08
9.33334,7.52911e-08
9.35001,7.36972e-08
9.36667,7.22866e-08
9.38334,7.10459e-08
9.40001,6.99628e-08
9.41667,6.90255e-08
9.43334,6.82227e-08
9.45001,6.75442e-08
9.46667,6.69797e-08
9.48334,6.65199e-08
9.50001,6.61556e-08
9.51667,6.58782e-08
9.53334,6.56791e-08
9.55001,6.55504e-08
9.56667,6.54842e-08
9.58334,6.54728e-08
9.60001,6.55089e-08
9.61667,6.55853e-08
9.63334,6.56948e-08
9.65001,6.58306e-08
9.66667,6.59859e-08
9.68334,6.61542e-08
9.70001,6.6329e-08
9.71667,6.65041e-08
9.73334,6.66733e-08
9.75001,6.68307e-08
9.76667,6.69706e-08
9.78334,6.70873e-08
9.80001,6.71756e-08
9.81667,6.72303e-08
9.83334,6.72466e-08
9.85001,6.72199e-08
9.86667,6.71458e-08
9.88334,6.70203e-08
9.90001,6.68398e-08
9.91667,6.66009e-08
9.93334,6.63005e-08
9.95001,6.59361e-08
9.96667,6.55053e-08
9.98334,6.50063e-08
10,6.44376e-08
10.0167,6.37981e-08
10.0333,6.30871e-08
10.05,6.23046e-08
10.0667,6.14505e-08
10.0833,6.05256e-08
10.1,5.95308e-08
10.1167,5.84675e-08
10.1333,5.73377e-08
10.15,5.61434e-08
10.1667,5.48872e-08
10.1833,5.35722e-08
10.2,5.22015e-08
10.2167,5.07787e-08
10.2333,4.93078e-08
10.25,4.77928e-08
10.2667,4.62382e-08
10.2833,4.46486e-08
10.3,4.30287e-08
10.3167,4.13836e-08
10.3333,3.97182e-08
10.35,3.80377e-08
10.3667,3.63474e-08
10.3833,3.46525e-08
10.4,3.29582e-08
10.4167,3.12696e-08
10.4333,2.9592e-08
10.45,2.79303e-08
10.4667,2.62893e-08
10.4833,2.46738e-08
10.5,2.30884e-08
10.5167,2.15372e-08
10.5333,2.00244e-08
10.55,1.85537e-08
10.5667,1.71286e-08
10.5833,1.57524e-08
10.6,1.44279e-08
10.6167,1.31578e-08
10.6333,1.19442e-08
10.65,1.0789e-08
10.6667,9.6939e-09
10.6833,8.66004e-09
10.7,7.68829e-09
10.7167,6.7792e-09
10.7333,5.93298e-09
10.75,5.1495e-09
10.7667,4.42834e-09
10.7833,3.76874e-09
10.8,3.16969e-09
10.8167,2.62987e-09
10.8333,2.14773e-09
10.85,1.72145e-09
10.8667,1.349e-09
10.8833,1.02816e-09
10.9,7.56511e-10
10.9167,5.31473e-10
10.9333,3.50333e-10
10.95,2.10261e-10
10.9667,1.08329e-10
10.9833,4.15389e-11
11,6.84111e-12
11.0167,1.15846e-12
11.0333,2.14067e-11
11.05,6.45156e-11
11.0667,1.27449e-10
11.0833,2.07225e-10
11.1,3.00933e-10
11.1167,4.05752e-10
11.1333,5.18967e-10
11.15,6.37982e-10
11.1667,7.60336e-10
11.1833,8.83715e-10
11.2,1.00596e-09
11.2167,1.12509e-09
11.2333,1.23927e-09
11.25,1.34688e-09
11.2667,1.44646e-09
11.2833,1.53675e-09
11.3,1.61668e-09
11.3167,1.68537e-09
11.3333,1.74213e-09
11.35,1.78644e-09
11.3667,1.81799e-09
11.3833,1.83662e-09
11.4,1.84236e-09
11.4167,1.8354e-09
11.4333,1.81606e-09
11.45,1.78483e-09
11.4667,1.74232e-09
11.4833,1.68927e-09
11.5,1.6265e-09
11.5167,1.55497e-09
11.5333,1.47569e-09
11.55,1.38974e-09
11.5667,1.29827e-09
11.5833,1.20247e-09
11.6,1.10353e-09
11.6167,1.0027e-09
11.6333,9.01186e-10
11.65,8.00212e-10
11.6667,7.00965e-10
11.6833,6.04598e-10
11.7,5.12217e-10
11.7167,4.24873e-10
11.7333,3.43548e-10
11.75,2.69153e-10
11.7667,2.02514e-10
11.7833,1.44373e-10
11.8,9.53751e-11
11.8167,5.60708e-11
11.8333,2.69089e-11
11.85,8.23543e-12
11.8667,2.92481e-13
11.8833,3.21773e-12
11.9,1.70452e-11
11.9167,4.17066e-11
11.9333,7.70343e-11
11.95,1.22764e-10
11.9667,1.78539e-10
11.9833,2.43914e-10
12,3.18363e-10
12.0167,4.01283e-10
12.0333,4.92001e-10
12.05,5.89779e-10
12.0667,6.93827e-10
12.0833,8.03305e-10
12.1,9.17331e-10
12.1167,1.035e-09
12.1333,1.15536e-09
12.15,1.27748e-09
12.1667,1.40038e-09
12.1833,1.52312e-09
12.2,1.64473e-09
12.2167,1.7643e-09
12.2333,1.8809e-09
12.25,1.99365e-09
12.2667,2.10172e-09
12.2833,2.20431e-09
12.3,2.30067e-09
12.3167,2.3901e-09
12.3333,2.47198e-09
12.35,2.54573e-09
12.3667,2.61085e-09
12.3833,2.66691e-09
12.4,2.71356e-09
12.4167,2.75051e-09
12.4333,2.77756e-09
12.45,2.79459e-09
12.4667,2.80154e-09
12.4833,2.79843e-09
12.5,2.78537e-09
12.5167,2.76252e-09
12.5333,2.73015e-09
12.55,2.68854e-09
12.5667,2.63809e-09
12.5833,2.57922e-09
12.6,2.51243e-09
12.6167,2.43826e-09
12.6333,2.3573e-09
12.65,2.27018e-09
12.6667,2.17755e-09
12.6833,2.08012e-09
12.7,1.9786e-09
12.7167,1.87371e-09
12.7333,1.76621e-09
12.75,1.65684e-09
12.7667,1.54635e-09
12.7833,1.43547e-09
12.8,1.32494e-09
12.8167,1.21545e-09
12.8333,1.1077e-09
12.85,1.00233e-09
12.8667,8.99972e-10
12.8833,8.01203e-10
12.9,7.06567e-10
12.9167,6.16563e-10
12.9333,5.31642e-10
12.95,4.52203e-10
12.9667,3.78597e-10
12.9833,3.11121e-10
13,2.50015e-10
13.0167,1.9547e-10
13.0333,1.47617e-10
13.05,1.06537e-10
13.0667,7.22545e-11
13.0833,4.47435e-11
13.1,2.39266e-11
13.1167,9.67769e-12
13.1333,1.82413e-12
13.15,1.49141e-13
13.1667,4.39469e-12
13.1833,1.42646e-11
13.2,2.94277e-11
13.2167,4.95215e-11
13.2333,7.41557e-11
13.25,1.02916e-10
13.2667,1.35367e-10
13.2833,1.71059e-10
13.3,2.09527e-10
13.3167,2.50302e-10
13.3333,2.92905e-10
13.35,3.3686e-10
13.3667,3.81693e-10
13.3833,4.26937e-10
13.4,4.72136e-10
13.4167,5.16846e-10
13.4333,5.6064e-10
13.45,6.03113e-10
13.4667,6.43879e-10
13.4833,6.8258e-10
13.5,7.18883e-10
13.5167,7.52487e-10
13.5333,7.83119e-10
13.55,8.10541e-10
13.5667,8.34546e-10
13.5833,8.54964e-10
13.6,8.71658e-10
13.6167,8.84528e-10
13.6333,8.93508e-10
13.65,8.98567e-10
13.6667,8.99708e-10
13.6833,8.9697e-10
13.7,8.90422e-10
13.7167,8.80165e-10
13.7333,8.66329e-10
13.75,8.49072e-10
13.7667,8.28579e-10
13.7833,8.05058e-10
13.8,7.78737e-10
13.8167,7.49864e-10
13.8333,7.18706e-10
13.85,6.85539e-10
13.8667,6.50654e-10
13.8833,6.14349e-10
13.9,5.76927e-10
13.9167,5.38695e-10
13.9333,4.99961e-10
13.95,4.61029e-10
13.9667,4.22199e-10
13.9833,3.83763e-10
14,3.46004e-10
14.0167,3.09193e-10
14.0333,2.73587e-10
14.05,2.39427e-10
14.0667,2.06937e-10
14.0833,1.76322e-10
14.1,1.47766e-10
14.1167,1.21435e-10
14.1333,9.74684e-11
14.15,7.59871e-11
14.1667,5.70869e-11
14.1833,4.08409e-11
14.2,2.72985e-11
14.2167,1.64866e-11
14.2333,8.40866e-12
14.25,3.04631e-12
14.2667,3.59363e-13
14.2833,2.86935e-13
14.3,2.74835e-12
14.3167,7.64428e-12
14.3333,1.4858e-11
14.35,2.42566e-11
14.3667,3.56928e-11
14.3833,4.90059e-11
14.4,6.4024e-11
14.4167,8.0565e-11
14.4333,9.8439e-11
14.45,1.17449e-10
14.4667,1.37395e-10
14.4833,1.58071e-10
14.5,1.79272e-10
14.5167,2.00793e-10
14.5333,2.2243e-10
14.55,2.43984e-10
14.5667,2.65261e-10
14.5833,2.86071e-10
14.6,3.06236e-10
14.6167,3.25584e-10
14.6333,3.43955e-10
14.65,3.61199e-10
14.6667,3.7718e-10
14.6833,3.91775e-10
14.7,4.04874e-10
14.7167,4.16382e-10
14.7333,4.2622e-10
14.75,4.34323e-10
14.7667,4.40642e-10
14.7833,4.45143e-10
14.8,4.47809e-10
14.8167,4.48639e-10
14.8333,4.47643e-10
14.85,4.44851e-10
14.8667,4.40303e-10
14.8833,4.34056e-10
14.9,4.26176e-10
14.9167,4.16745e-10
14.9333,4.05853e-10
14.95,3.93601e-10
14.9667,3.80101e-10
14.9833,3.65469e-10
15,3.49832e-10
15.0167,3.33321e-10
15.0333,3.16069e-10
15.05,2.98217e-10
15.0667,2.79904e-10
15.0833,2.61272e-10
15.1,2.42461e-10
15.1167,2.23612e-10
15.1333,2.04859e-10
15.15,1.86337e-10
15.1667,1.68173e-10
15.1833,1.5049e-10
15.2,1.33402e-10
15.2167,1.17019e-10
15.2333,1.01439e-10
15.25,8.6755e-11
15.2667,7.30477e-11
15.2833,6.03897e-11
15.3,4.8843e-11
15.3167,3.84594e-11
15.3333,2.928e-11
15.35,2.13355e-11
15.3667,1.4646e-11
15.3833,9.22108e-12
15.4,5.06014e-12
15.4167,2.15245e-12
15.4333,4.77612e-13
15.45,5.94526e-15
15.4667,6.98919e-13
15.4833,2.50969e-12
15.5,5.38368e-12
15.5167,9.2592e-12
15.5333,1.40681e-11
15.55,1.97364e-11
15.5667,2.61853e-11
15.5833,3.33314e-11
15.6,4.1088e-11
15.6167,4.93656e-11
15.6333,5.80727e-11
15.65,6.71167e-11
15.6667,7.64044e-11
15.6833,8.5843e-11
15.7,9.53407e-11
15.7167,1.04808e-10
15.7333,1.14156e-10
15.75,1.23302e-10
15.7667,1.32164e-10
15.7833,1.40666e-10
15.8,1.48736e-10
15.8167,1.56308e-10
15.8333,1.6332e-10
15.85,1.69718e-10
15.8667,1.75453e-10
15.8833,1.80484e-10
15.9,1.84775e-10
15.9167,1.88298e-10
15.9333,1.91032e-10
15.95,1.92962e-10
15.9667,1.94082e-10
15.9833,1.94391e-10
16,1.93895e-10
16.0167,1.92608e-10
16.0333,1.90548e-10
16.05,1.87741e-10
16.0667,1.84219e-10
16.0833,1.80017e-10
16.1,1.75176e-10
16.1167,1.69742e-10
16.1333,1.63765e-10
16.15,1.57298e-10
16.1667,1.50396e-10
16.1833,1.43119e-10
16.2,1.35526e-10
16.2167,1.2768e-10
16.2333,1.19642e-10
16.25,1.11476e-10
16.2667,1.03244e-10
16.2833,9.50077e-11
16.3,8.68273e-11
16.3167,7.87614e-11
16.3333,7.08664e-11
16.35,6.31959e-11
16.3667,5.58007e-11
16.3833,4.87279e-11
16.4,4.20211e-11
16.4167,3.57199e-11
16.4333,2.98597e-11
16.45,2.44715e-11
16.4667,1.95819e-11
16.4833,1.52127e-11
16.5,1.13811e-11
16.5167,8.0996e-12
16.5333,5.37592e-12
16.55,3.21319e-12
16.5667,1.60996e-12
16.5833,5.60337e-13
16.6,5.41513e-14
16.6167,7.71265e-14
16.6333,6.11102e-13
16.65,1.63427e-12
16.6667,3.12143e-12
16.6833,5.04428e-12
16.7,7.37173e-12
16.7167,1.00702e-11
16.7333,1.31038e-11
16.75,1.64351e-11
16.7667,2.0025e-11
16.7833,2.38333e-11
16.8,2.78189e-11
16.8167,3.19404e-11
16.8333,3.61563e-11
16.85,4.04252e-11
16.8667,4.47063e-11
16.8833,4.89598e-11
16.9,5.31469e-11
16.9167,5.72303e-11
16.9333,6.11744e-11
16.95,6.49457e-11
16.9667,6.85126e-11
16.9833,7.18462e-11
17,7.492e-11
17.0167,7.77104e-11
17.0333,8.01963e-11
17.05,8.23601e-11
17.0667,8.41868e-11
17.0833,8.56647e-11
17.1,8.67853e-11
17.1167,8.75431e-11
17.1333,8.79357e-11
17.15,8.7964e-11
17.1667,8.76317e-11
17.1833,8.69454e-11
17.2,8.59146e-11
17.2167,8.45513e-11
17.2333,8.28703e-11
17.25,8.08883e-11
17.2667,7.86246e-11
17.2833,7.61e-11
17.3,7.33374e-11
17.3167,7.0361e-11
17.3333,6.71961e-11
17.35,6.38695e-11
17.3667,6.04083e-11
17.3833,5.68404e-11
17.4,5.31938e-11
17.4167,4.94969e-11
17.4333,4.57776e-11
17.45,4.20634e-11
17.4667,3.83812e-11
17.4833,3.47572e-11
17.5,3.12163e-11
17.5167,2.77823e-11
17.5333,2.44776e-11
17.55,2.13231e-11
17.5667,1.83377e-11
17.5833,1.55389e-11
17.6,1.2942e-11
17.6167,1.05606e-11
17.6333,8.40591e-12
17.65,6.48734e-12
17.6667,4.81205e-12
17.6833,3.38512e-12
17.7,2.20953e-12
17.7167,1.28616e-12
17.7333,6.13879e-13
17.75,1.89555e-13
17.7667,8.17184e-15
17.7833,6.28881e-14
17.8,3.45146e-13
17.8167,8.44778e-13
17.8333,1.55013e-12
17.85,2.44818e-12
17.8667,3.52468e-12
17.8833,4.76432e-12
17.9,6.15084e-12
17.9167,7.66719e-12
17.9333,9.29571e-12
17.95,1.10182e-11
17.9667,1.28163e-11
17.9833,1.46714e-11
18,1.65647e-11
18.0167,1.84778e-11
18.0333,2.03926e-11
18.05,2.22911e-11
18.0667,2.41562e-11
18.0833,2.59712e-11
18.1,2.77205e-11
18.1167,2.93892e-11
18.1333,3.09634e-11
18.15,3.24303e-11
18.1667,3.37784e-11
18.1833,3.49974e-11
18.2,3.60782e-11
18.2167,3.7013e-11
18.2333,3.77956e-11
18.25,3.84211e-11
18.2667,3.88858e-11
18.2833,3.91878e-11
18.3,3.93262e-11
18.3167,3.93017e-11
18.3333,3.91164e-11
18.35,3.87734e-11
18.3667,3.82773e-11
18.3833,3.76338e-11
18.4,3.68497e-11
18.4167,3.59328e-11
18.4333,3.48919e-11
18.45,3.37365e-11
18.4667,3.2477e-11
18.4833,3.11244e-11
18.5,2.96903e-11
18.5167,2.81866e-11
18.5333,2.66256e-11
18.55,2.50198e-11
18.5667,2.33818e-11
18.5833,2.17243e-11
18.6,2.00598e-11
18.6167,1.84004e-11
18.6333,1.67583e-11
18.65,1.5145e-11
18.6667,1.35716e-11
18.6833,1.20485e-11
18.7,1.05857e-11
18.7167,9.19229e-12
18.7333,7.87663e-12
18.75,6.64631e-12
18.7667,5.508e-12
18.7833,4.46753e-12
18.8,3.52975e-12
18.8167,2.69861e-12
18.8333,1.97711e-12
18.85,1.36729e-12
18.8667,8.70253e-13
18.8833,4.86172e-13
18.9,2.14316e-13
18.9167,5.30769e-14
18.9333,1.39235e-21
18.95,5.18269e-14
18.9667,2.0454e-13
18.9833,4.53414e-13
19,7.93068e-13
19.0167,1.21753e-12
19.0333,1.72028e-12
19.05,2.29436e-12
19.0667,2.93237e-12
19.0833,3.6266e-12
19.1,4.36908e-12
19.1167,5.15162e-12
19.1333,5.96593e-12
19.15,6.80365e-12
19.1667,7.65643e-12
19.1833,8.51601e-12
19.2,9.37425e-12
19.2167,1.02232e-11
19.2333,1.10553e-11
19.25,1.18632e-11
19.2667,1.26398e-11
19.2833,1.33786e-11
19.3,1.40735e-11
19.3167,1.4719e-11
19.3333,1.53099e-11
19.35,1.58419e-11
19.3667,1.63109e-11
19.3833,1.67136e-11
19.4,1.70474e-11
19.4167,1.73103e-11
19.4333,1.75007e-11
19.45,1.7618e-11
19.4667,1.76619e-11
19.4833,1.76329e-11
19.5,1.75319e-11
19.5167,1.73607e-11
19.5333,1.71214e-11
19.55,1.68166e-11
19.5667,1.64496e-11
19.5833,1.60239e-11
19.6,1.55435e-11
19.6167,1.50129e-11
19.6333,1.44368e-11
19.65,1.38202e-11
19.6667,1.31682e-11
19.6833,1.24864e-11
19.7,1.17802e-11
19.7167,1.10553e-11
19.7333,1.03174e-11
19.75,9.57202e-12
19.7667,8.82487e-12
19.7833,8.08139e-12
19.8,7.34693e-12
19.8167,6.62662e-12
19.8333,5.92537e-12
19.85,5.24784e-12
19.8667,4.59837e-12
19.8833,3.98099e-12
19.9,3.39937e-12
19.9167,2.85681e-12
19.9333,2.35621e-12
19.95,1.90009e-12
19.9667,1.49052e-12
19.9833,1.12918e-12
20,8.17293e-13
20.0167,5.55688e-13
20.0333,3.44754e-13
20.05,1.84471e-13
20.0667,7.4413e-14
20.0833,1.37655e-14
20.1,1.33816e-15
20.1167,3.55847e-14
20.1333,1.14624e-13
20.15,2.36261e-13
20.1667,3.98016e-13
20.1833,5.97147e-13
20.2,8.3068e-13
20.2167,1.09544e-12
20.2333,1.38807e-12
20.25,1.70508e-12
20.2667,2.04286e-12
20.2833,2.39774e-12
20.3,2.76597e-12
20.3167,3.1438e-12
20.3333,3.52751e-12
20.35,3.91338e-12
20.3667,4.29779e-12
20.3833,4.67721e-12
20.4,5.04824e-12
20.4167,5.40762e-12
20.4333,5.75227e-12
20.45,6.07929e-12
20.4667,6.386e-12
20.4833,6.66995e-12
20.5,6.92892e-12
20.5167,7.16096e-12
20.5333,7.36438e-12
20.55,7.53776e-12
20.5667,7.67997e-12
20.5833,7.79016e-12
20.6,7.86774e-12
20.6167,7.91244e-12
20.6333,7.92424e-12
20.65,7.90341e-12
20.6667,7.85047e-12
20.6833,7.76621e-12
20.7,7.65164e-12
20.7167,7.50804e-12
20.7333,7.33686e-12
20.75,7.13977e-12
20.7667,6.91862e-12
20.7833,6.67543e-12
20.8,6.41234e-12
20.8167,6.13161e-12
20.8333,5.83563e-12
20.85,5.52682e-12
20.8667,5.2077e-12
20.8833,4.88079e-12
20.9,4.54864e-12
20.9167,4.21378e-12
20.9333,3.8787e-12
20.95,3.54586e-12
20.9667,3.21762e-12
20.9833,2.89628e-12
21,2.584e-12
21.0167,2.28286e-12
21.0333,1.99475e-12
21.05,1.72146e-12
21.0667,1.46459e-12
21.0833,1.22558e-12
21.1,1.00568e-12
21.1167,8.05995e-13
21.1333,6.27397e-13
21.15,4.70593e-13
21.1667,3.36094e-13
21.1833,2.24218e-13
21.2,1.35098e-13
21.2167,6.86809e-14
21.2333,2.47325e-14
21.25,2.84609e-15
21.2667,2.44821e-15
21.2833,2.28078e-14
21.3,6.30456e-14
21.3167,1.22145e-13
21.3333,1.98963e-13
21.35,2.92243e-13
21.3667,4.00627e-13
21.3833,5.22669e-13
21.4,6.56847e-13
21.4167,8.01582e-13
21.4333,9.55244e-13
21.45,1.11617e-12
21.4667,1.28269e-12
21.4833,1.45311e-12
21.5,1.62576e-12
21.5167,1.79899e-12
21.5333,1.97118e-12
21.55,2.14075e-12
21.5667,2.30619e-12
21.5833,2.46606e-12
21.6,2.619e-12
21.6167,2.76372e-12
21.6333,2.89905e-12
21.65,3.02391e-12
21.6667,3.13734e-12
21.6833,3.23848e-12
21.7,3.3266e-12
21.7167,3.40111e-12
21.7333,3.46152e-12
21.75,3.50748e-12
21.7667,3.53876e-12
21.7833,3.55527e-12
21.8,3.55702e-12
21.8167,3.54417e-12
21.8333,3.51698e-12
21.85,3.47582e-12
21.8667,3.42119e-12
21.8833,3.35367e-12
21.9,3.27394e-12
21.9167,3.18277e-12
21.9333,3.08102e-12
21.95,2.96959e-12
21.9667,2.84946e-12
21.9833,2.72168e-12
22,2.5873e-12
22.0167,2.44743e-12
22.0333,2.30321e-12
22.05,2.15576e-12
22.0667,2.00623e-12
22.0833,1.85576e-12
22.1,1.70546e-12
22.1167,1.55641e-12
22.1333,1.40969e-12
22.15,1.2663e-12
22.1667,1.12721e-12
22.1833,9.9333e-13
22.2,8.65502e-13
22.2167,7.44504e-13
22.2333,6.3104e-13
22.25,5.2574e-13
22.2667,4.29148e-13
22.2833,3.41731e-13
22.3,2.63868e-13
22.3167,1.95852e-13
22.3333,1.37894e-13
22.35,9.01164e-14
22.3667,5.25578e-14
22.3833,2.5175e-14
22.4,7.84432e-15
22.4167,3.64705e-16
22.4333,2.46139e-15
22.45,1.37898e-14
22.4667,3.39399e-14
22.4833,6.24412e-14
22.5,9.87678e-14
22.5167,1.42344e-13
22.5333,1.9255e-13
22.55,2.48728e-13
22.5667,3.10187e-13
22.5833,3.76213e-13
22.6,4.4607e-13
22.6167,5.19011e-13
22.6333,5.94279e-13
22.65,6.7112e-13
22.6667,7.48782e-13
22.6833,8.26528e-13
22.7,9.03634e-13
22.7167,9.79401e-13
22.7333,1.05316e-12
22.75,1.12426e-12
22.7667,1.19211e-12
22.7833,1.25613e-12
22.8,1.31582e-12
22.8167,1.3707e-12
22.8333,1.42035e-12
22.85,1.4644e-12
22.8667,1.50254e-12
22.8833,1.5345e-12
22.9,1.56009e-12
22.9167,1.57916e-12
22.9333,1.59162e-12
22.95,1.59744e-12
22.9667,1.59665e-12
22.9833,1.58932e-12
23,1.57559e-12
23.0167,1.55564e-12
23.0333,1.5297e-12
23.05,1.49803e-12
23.0667,1.46096e-12
23.0833,1.41885e-12
23.1,1.37207e-12
23.1167,1.32105e-12
23.1333,1.26624e-12
23.15,1.2081e-12
23.1667,1.14712e-12
23.1833,1.08379e-12
23.2,1.01862e-12
23.2167,9.52136e-13
23.2333,8.84836e-13
23.25,8.17231e-13
23.2667,7.49821e-13
23.2833,6.83092e-13
23.3,6.17516e-13
23.3167,5.53544e-13
23.3333,4.91602e-13
23.35,4.32092e-13
23.3667,3.75387e-13
23.3833,3.21829e-13
23.4,2.71725e-13
23.4167,2.2535e-13
23.4333,1.82939e-13
23.45,1.44693e-13
23.4667,1.10773e-13
23.4833,8.13017e-14
23.5,5.63643e-14
23.5167,3.60069e-14
23.5333,2.0238e-14
23.55,9.02938e-15
23.5667,2.31712e-15
23.5833,2.86238e-18
23.6,1.95554e-15
23.6167,8.01319e-15
23.6333,1.7985e-14
23.65,3.16534e-14
23.6667,4.87768e-14
23.6833,6.90914e-14
23.7,9.23147e-14
23.7167,1.18147e-13
23.7333,1.46277e-13
23.75,1.76379e-13
23.7667,2.08122e-13
23.7833,2.41169e-13
23.8,2.7518e-13
23.8167,3.09817e-13
23.8333,3.44743e-13
23.85,3.79628e-13
23.8667,4.1415e-13
23.8833,4.47996e-13
23.9,4.80869e-13
23.9167,5.12484e-13
23.9333,5.42575e-13
23.95,5.70892e-13
23.9667,5.97208e-13
23.9833,6.21316e-13
24,6.43033e-13
24.0167,6.62198e-13
24.0333,6.78677e-13
24.05,6.92359e-13
24.0667,7.03159e-13
24.0833,7.11019e-13
24.1,7.15906e-13
24.1167,7.1781e-13
24.1333,7.1675e-13
24.15,7.12767e-13
24.1667,7.05924e-13
24.1833,6.96308e-13
24.2,6.84028e-13
24.2167,6.69211e-13
24.2333,6.52003e-13
24.25,6.32568e-13
24.2667,6.11082e-13
24.2833,5.87738e-13
24.3,5.62738e-13
24.3167,5.36295e-13
24.3333,5.08627e-13
24.35,4.79961e-13
24.3667,4.50524e-13
24.3833,4.20547e-13
24.4,3.9026e-13
24.4167,3.5989e-13
24.4333,3.2966e-13
24.45,2.99788e-13
24.4667,2.70482e-13
24.4833,2.41944e-13
24.5,2.14361e-13
24.5167,1.87913e-13
24.5333,1.62763e-13
24.55,1.3906e-13
24.5667,1.1694e-13
24.5833,9.65224e-14
24.6,7.79086e-14
24.6167,6.11845e-14
24.6333,4.64187e-14
24.65,3.36623e-14
24.6667,2.29492e-14
24.6833,1.42962e-14
24.7,7.70317e-15
24.7167,3.15349e-15
24.7333,6.14737e-16
24.75,3.91577e-17
24.7667,1.36449e-15
24.7833,4.51481e-15
24.8,9.40142e-15
24.8167,1.59239e-14
24.8333,2.39713e-14
24.85,3.3423e-14
24.8667,4.415e-14
24.8833,5.60165e-14
24.9,6.88805e-14
24.9167,8.25956e-14
24.9333,9.70121e-14
24.95,1.11978e-13
24.9667,1.27341e-13
24.9833,1.42949e-13
25,1.58651e-13
25.0167,1.743e-13
25.0333,1.89752e-13
25.05,2.04868e-13
25.0667,2.19516e-13
25.0833,2.33569e-13
25.1,2.46909e-13
25.1167,2.59428e-13
25.1333,2.71025e-13
25.15,2.81608e-13
25.1667,2.911e-13
25.1833,2.99429e-13
25.2,3.06538e-13
25.2167,3.12381e-13
25.2333,3.16922e-13
25.25,3.20136e-13
25.2667,3.22013e-13
25.2833,3.22551e-13
25.3,3.2176e-13
25.3167,3.19662e-13
25.3333,3.16287e-13
25.35,3.11676e-13
25.3667,3.05882e-13
25.3833,2.98962e-13
25.4,2.90985e-13
25.4167,2.82025e-13
25.4333,2.72165e-13
25.45,2.6149e-13
25.4667,2.50093e-13
25.4833,2.38071e-13
25.5,2.25523e-13
25.5167,2.1255e-13
25.5333,1.99255e-13
25.55,1.85743e-13
25.5667,1.72115e-13
25.5833,1.58475e-13
25.6,1.44921e-13
25.6167,1.3155e-13
25.6333,1.18455e-13
25.65,1.05726e-13
25.6667,9.3446e-14
25.6833,8.16937e-14
25.7,7.05412e-14
25.7167,6.00544e-14
25.7333,5.02922e-14
25.75,4.13062e-14
25.7667,3.31409e-14
25.7833,2.58327e-14
25.8,1.94107e-14
25.8167,1.3896e-14
25.8333,9.30204e-15
25.85,5.63445e-15
25.8667,2.89145e-15
25.8833,1.06387e-15
25.9,1.35464e-16
25.9167,8.32019e-17
25.9333,8.77611e-16
25.95,2.48317e-15
25.9667,4.85874e-15
25.9833,7.95801e-15
26,1.173e-14
26.0167,1.61197e-14
26.0333,2.10682e-14
26.05,2.65139e-14
26.0667,3.23924e-14
26.0833,3.86375e-14
26.1,4.51816e-14
26.1167,5.19565e-14
26.1333,5.88934e-14
26.15,6.59243e-14
26.1667,7.29816e-14
26.1833,7.99995e-14
26.2,8.69138e-14
26.2167,9.36627e-14
26.2333,1.00187e-13
26.25,1.06432e-13
26.2667,1.12344e-13
26.2833,1.17876e-13
26.3,1.22983e-13
26.3167,1.27627e-13
26.3333,1.31771e-13
26.35,1.35386e-13
26.3667,1.38448e-13
26.3833,1.40936e-13
26.4,1.42837e-13
26.4167,1.44139e-13
26.4333,1.4484e-13
26.45,1.44939e-13
26.4667,1.44443e-13
26.4833,1.43362e-13
26.5,1.41712e-13
26.5167,1.39511e-13
26.5333,1.36784e-13
26.55,1.33559e-13
26.5667,1.29866e-13
26.5833,1.25739e-13
26.6,1.21217e-13
26.6167,1.16338e-13
26.6333,1.11146e-13
26.65,1.05682e-13
26.6667,9.99929e-14
26.6833,9.41238e-14
26.7,8.81212e-14
26.7167,8.20316e-14
26.7333,7.59012e-14
26.75,6.97755e-14
26.7667,6.36992e-14
26.7833,5.77154e-14
26.8,5.18655e-14
26.8167,4.61889e-14
26.8333,4.07229e-14
26.85,3.55019e-14
26.8667,3.05578e-14
26.8833,2.59194e-14
26.9,2.16126e-14
26.9167,1.76597e-14
26.9333,1.40798e-14
26.95,1.08886e-14
26.9667,8.09828e-15
26.9833,5.71751e-15
27,3.75148e-15
27.0167,2.20195e-15
27.0333,1.06732e-15
27.05,3.4271e-16
27.0667,2.00718e-17
27.0833,8.83564e-17
27.1,5.33657e-16
27.1167,1.33939e-15
27.1333,2.4865e-15
27.15,3.95366e-15
27.1667,5.71749e-15
27.1833,7.75282e-15
27.2,1.00329e-14
27.2167,1.25297e-14
27.2333,1.5214e-14
27.25,1.8056e-14
27.2667,2.10251e-14
27.2833,2.40906e-14
27.3,2.72217e-14
27.3167,3.03878e-14
27.3333,3.35587e-14
27.35,3.67049e-14
27.3667,3.97979e-14
27.3833,4.28102e-14
27.4,4.57155e-14
27.4167,4.84893e-14
27.4333,5.11084e-14
27.45,5.35516e-14
27.4667,5.57996e-14
27.4833,5.7835e-14
27.5,5.96429e-14
27.5167,6.12101e-14
27.5333,6.25261e-14
27.55,6.35825e-14
27.5667,6.43733e-14
27.5833,6.48948e-14
27.6,6.51457e-14
27.6167,6.51267e-14
27.6333,6.4841e-14
27.65,6.42938e-14
27.6667,6.34924e-14
27.6833,6.24462e-14
27.7,6.11661e-14
27.7167,5.9665e-14
27.7333,5.79572e-14
27.75,5.60586e-14
27.7667,5.39861e-14
27.7833,5.17578e-14
27.8,4.93929e-14
27.8167,4.6911e-14
27.8333,4.43324e-14
27.85,4.16779e-14
27.8667,3.89684e-14
27.8833,3.62247e-14
27.9,3.34675e-14
27.9167,3.07172e-14
27.9333,2.79938e-14
27.95,2.53164e-14
27.9667,2.27035e-14
27.9833,2.01726e-14
28,1.77401e-14
28.0167,1.54213e-14
28.0333,1.32301e-14
28.05,1.11793e-14
28.0667,9.27999e-15
28.0833,7.54197e-15
28.1,5.97347e-15
28.1167,4.58114e-15
28.1333,3.37009e-15
28.15,2.34384e-15
28.1667,1.50438e-15
28.1833,8.52125e-16
28.2,3.86005e-16
28.2167,1.03482e-16
28.2333,6.1862e-19
28.25,7.21349e-17
28.2667,3.11487e-16
28.2833,7.1095e-16
28.3,1.2617e-15
28.3167,1.95394e-15
28.3333,2.77694e-15
28.35,3.71921e-15
28.3667,4.76858e-15
28.3833,5.91231e-15
28.4,7.13721e-15
28.4167,8.42975e-15
28.4333,9.7762e-15
28.45,1.11627e-14
28.4667,1.25754e-14
28.4833,1.40006e-14
28.5,1.54249e-14
28.5167,1.68349e-14
28.5333,1.82181e-14
28.55,1.95621e-14
28.5667,2.08553e-14
28.5833,2.20869e-14
28.6,2.32466e-14
28.6167,2.4325e-14
28.6333,2.53138e-14
28.65,2.62054e-14
28.6667,2.69931e-14
28.6833,2.76714e-14
28.7,2.82358e-14
28.7167,2.86828e-14
28.7333,2.90098e-14
28.75,2.92156e-14
28.7667,2.92996e-14
28.7833,2.92625e-14
28.8,2.9106e-14
28.8167,2.88327e-14
28.8333,2.84459e-14
28.85,2.79502e-14
28.8667,2.73506e-14
28.8833,2.66531e-14
28.9,2.58643e-14
28.9167,2.49915e-14
28.9333,2.40424e-14
28.95,2.30252e-14
28.9667,2.19486e-14
28.9833,2.08216e-14
29,1.96533e-14
29.0167,1.84531e-14
29.0333,1.72304e-14
29.05,1.59945e-14
29.0667,1.47547e-14
29.0833,1.35202e-14
29.1,1.22998e-14
29.1167,1.11021e-14
29.1333,9.93533e-15
29.15,8.80718e-15
29.1667,7.72495e-15
29.1833,6.69537e-15
29.2,5.72459e-15
29.2167,4.81816e-15
29.2333,3.98096e-15
29.25,3.21722e-15
29.2667,2.53047e-15
29.2833,1.92353e-15
29.3,1.39855e-15
29.3167,9.56932e-16
29.3333,5.99408e-16
29.35,3.26006e-16
29.3667,1.36087e-16
29.3833,2.83599e-17
29.4,9.07742e-19
29.4167,5.12197e-17
29.4333,1.76225e-16
29.45,3.72329e-16
29.4667,6.35457e-16
29.4833,9.61099e-16
29.5,1.34435e-15
29.5167,1.77996e-15
29.5333,2.2624e-15
29.55,2.78589e-15
29.5667,3.34444e-15
29.5833,3.93197e-15
29.6,4.54226e-15
29.6167,5.16909e-15
29.6333,5.80625e-15
29.65,6.44758e-15
29.6667,7.08704e-15
29.6833,7.71877e-15
29.7,8.33707e-15
29.7167,8.93652e-15
29.7333,9.51195e-15
29.75,1.00585e-14
29.7667,1.05718e-14
29.7833,1.10475e-14
29.8,1.14822e-14
29.8167,1.18723e-14
29.8333,1.22151e-14
29.85,1.25082e-14
29.8667,1.27497e-14
29.8833,1.2938e-14
29.9,1.30723e-14
29.9167,1.31518e-14
29.9333,1.31767e-14
29.95,1.31473e-14
29.9667,1.30644e-14
29.9833,1.29293e-14
30,1.27436e-14
30.0167,1.25095e-14
30.0333,1.22292e-14
30.05,1.19056e-14
30.0667,1.15416e-14
30.0833,1.11407e-14
30.1,1.07063e-14
30.1167,1.02423e-14
30.1333,9.75241e-15
30.15,9.24084e-15
30.1667,8.71171e-15
30.1833,8.16921e-15
30.2,7.61758e-15
30.2167,7.06101e-15
30.2333,6.50369e-15
30.25,5.94967e-15
30.2667,5.40294e-15
30.2833,4.8673e-15
30.3,4.34639e-15
30.3167,3.84365e-15
30.3333,3.3623e-15
30.35,2.9053e-15
30.3667,2.47537e-15
30.3833,2.07491e-15
30.4,1.70606e-15
30.4167,1.37065e-15
30.4333,1.07019e-15
30.45,8.05879e-16
30.4667,5.78602e-16
30.4833,3.88922e-16
30.5,2.37091e-16
30.5167,1.23049e-16
30.5333,4.64396e-17
30.55,6.61473e-18
30.5667,2.64807e-18
30.5833,3.33496e-17
30.6,9.72812e-17
30.6167,1.92774e-16
30.6333,3.17947e-16
30.65,4.70729e-16
30.6667,6.48875e-16
30.6833,8.49994e-16
30.7,1.07157e-15
30.7167,1.31097e-15
30.7333,1.56551e-15
30.75,1.83241e-15
30.7667,2.1089e-15
30.7833,2.39217e-15
30.8,2.67942e-15
30.8167,2.9679e-15
30.8333,3.25491e-15
30.85,3.53783e-15
30.8667,3.81413e-15
30.8833,4.08139e-15
30.9,4.33732e-15
30.9167,4.57978e-15
30.9333,4.8068e-15
30.95,5.01656e-15
30.9667,5.20743e-15
30.9833,5.37799e-15
31,5.52699e-15
31.0167,5.65341e-15
31.0333,5.75643e-15
31.05,5.83543e-15
31.0667,5.89002e-15
31.0833,5.92001e-15
31.1,5.92542e-15
31.1167,5.90647e-15
31.1333,5.86359e-15
31.15,5.79739e-15
31.1667,5.70865e-15
31.1833,5.59834e-15
31.2,5.46758e-15
31.2167,5.31762e-15
31.2333,5.14988e-15
31.25,4.96586e-15
31.2667,4.76719e-15
31.2833,4.55558e-15
31.3,4.3328e-15
31.3167,4.10069e-15
31.3333,3.86111e-15
31.35,3.61598e-15
31.3667,3.36718e-15
31.3833,3.11661e-15
31.4,2.86614e-15
31.4167,2.61758e-15
31.4333,2.3727e-15
31.45,2.13321e-15
31.4667,1.90071e-15
31.4833,1.67674e-15
31.5,1.46271e-15
31.5167,1.25994e-15
31.5333,1.0696e-15
31.55,8.92761e-16
31.5667,7.30344e-16
31.5833,5.8314e-16
31.6,4.51795e-16
31.6167,3.36817e-16
31.6333,2.38568e-16
31.65,1.57268e-16
31.6667,9.29977e-17
31.6833,4.56988e-17
31.7,1.51791e-17
31.7167,1.11723e-18
31.7333,3.06802e-18
31.75,2.04693e-17
31.7667,5.26491e-17
31.7833,9.88335e-17
31.8,1.58156e-16
31.8167,2.29664e-16
31.8333,3.12334e-16
31.85,4.05073e-16
31.8667,5.06739e-16
31.8833,6.16142e-16
31.9,7.3206e-16
31.9167,8.53247e-16
31.9333,9.78447e-16
31.95,1.1064e-15
31.9667,1.23585e-15
31.9833,1.36556e-15
32,1.49434e-15
32.0167,1.621e-15
32.0333,1.74442e-15
32.05,1.86352e-15
32.0667,1.9773e-15
32.0833,2.0848e-15
32.1,2.18516e-15
32.1167,2.27757e-15
32.1333,2.36133e-15
32.15,2.43581e-15
32.1667,2.50048e-15
32.1833,2.55489e-15
32.2,2.5987e-15
32.2167,2.63167e-15
32.2333,2.65362e-15
32.25,2.6645e-15
32.2667,2.66434e-15
32.2833,2.65326e-15
32.3,2.63147e-15
32.3167,2.59927e-15
32.3333,2.55703e-15
32.35,2.50519e-15
32.3667,2.44428e-15
32.3833,2.37489e-15
32.4,2.29764e-15
32.4167,2.21325e-15
32.4333,2.12244e-15
32.45,2.026e-15
32.4667,1.92472e-15
32.4833,1.81944e-15
32.5,1.71101e-15
32.5167,1.60028e-15
32.5333,1.4881e-15
32.55,1.37533e-15
32.5667,1.26279e-15
32.5833,1.1513e-15
32.6,1.04165e-15
32.6167,9.34598e-16
32.6333,8.3086e-16
32.65,7.31111e-16
32.6667,6.35978e-16
32.6833,5.46037e-16
32.7,4.61809e-16
32.7167,3.83756e-16
32.7333,3.1228e-16
32.75,2.47722e-16
32.7667,1.90358e-16
32.7833,1.404e-16
32.8,9.7996e-17
32.8167,6.32311e-17
32.8333,3.61262e-17
32.85,1.66406e-17
32.8667,4.67413e-18
32.8833,6.88009e-20
32.9,2.6117e-18
32.9167,1.2038e-17
32.9333,2.80343e-17
32.95,5.02423e-17
32.9667,7.82625e-17
32.9833,1.11659e-16
33,1.49963e-16
33.0167,1.92678e-16
33.0333,2.39284e-16
33.05,2.89242e-16
33.0667,3.41999e-16
33.0833,3.96994e-16
33.1,4.5366e-16
33.1167,5.11431e-16
33.1333,5.69744e-16
33.15,6.28048e-16
33.1667,6.85801e-16
33.1833,7.42483e-16
33.2,7.9759e-16
33.2167,8.50647e-16
33.2333,9.01204e-16
33.25,9.48843e-16
33.2667,9.93179e-16
33.2833,1.03386e-15
33.3,1.07058e-15
33.3167,1.10307e-15
33.3333,1.13109e-15
33.35,1.15446e-15
33.3667,1.17303e-15
33.3833,1.18669e-15
33.4,1.1954e-15
33.4167,1.19912e-15
33.4333,1.19788e-15
33.45,1.19175e-15
33.4667,1.18083e-15
33.4833,1.16526e-15
33.5,1.14522e-15
33.5167,1.12092e-15
33.5333,1.09259e-15
33.55,1.06052e-15
33.5667,1.02498e-15
33.5833,9.86302e-16
33.6,9.4482e-16
33.6167,9.00886e-16
33.6333,8.54866e-16
33.65,8.07136e-16
33.6667,7.58076e-16
33.6833,7.08072e-16
33.7,6.57508e-16
33.7167,6.06763e-16
33.7333,5.56213e-16
33.75,5.0622e-16
33.7667,4.57137e-16
33.7833,4.09299e-16
33.8,3.63026e-16
33.8167,3.18616e-16
33.8333,2.76346e-16
33.85,2.36469e-16
33.8667,1.99214e-16
33.8833,1.64782e-16
33.9,1.33348e-16
33.9167,1.05058e-16
33.9333,8.00292e-17
33.95,5.83511e-17
33.9667,4.00831e-17
33.9833,2.52566e-17
34,1.38744e-17
34.0167,5.91196e-18
34.0333,1.31787e-18
34.05,1.51455e-20
34.0667,1.90237e-18
34.0833,6.8551e-18
34.1,1.47274e-17
34.1167,2.53536e-17
34.1333,3.85499e-17
34.15,5.41165e-17
34.1667,7.18394e-17
34.1833,9.14924e-17
34.2,1.1284e-16
34.2167,1.35637e-16
34.2333,1.59634e-16
34.25,1.84578e-16
34.2667,2.10213e-16
34.2833,2.36286e-16
34.3,2.62543e-16
34.3167,2.88739e-16
34.3333,3.1463e-16
34.35,3.39985e-16
34.3667,3.6458e-16
34.3833,3.88204e-16
34.4,4.10657e-16
34.4167,4.31755e-16
34.4333,4.51329e-16
34.45,4.69224e-16
34.4667,4.85307e-16
34.4833,4.99458e-16
34.5,5.11578e-16
34.5167,5.21587e-16
34.5333,5.29424e-16
34.55,5.35047e-16
34.5667,5.38434e-16
34.5833,5.3958e-16
34.6,5.38501e-16
34.6167,5.35229e-16
34.6333,5.29816e-16
34.65,5.22329e-16
34.6667,5.1285e-16
34.6833,5.01477e-16
34.7,4.88323e-16
34.7167,4.7351e-16
34.7333,4.57174e-16
34.75,4.3946e-16
34.7667,4.2052e-16
34.7833,4.00516e-16
34.8,3.79614e-16
34.8167,3.57981e-16
34.8333,3.35792e-16
34.85,3.13218e-16
34.8667,2.90433e-16
34.8833,2.67607e-16
34.9,2.44908e-16
34.9167,2.22497e-16
34.9333,2.00532e-16
34.95,1.79162e-16
34.9667,1.58529e-16
34.9833,1.38764e-16
35,1.1999e-16
35.0167,1.02318e-16
35.0333,8.58482e-17
35.05,7.06685e-17
35.0667,5.68544e-17
35.0833,4.44685e-17
35.1,3.35609e-17
35.1167,2.41683e-17
35.1333,1.63147e-17
35.15,1.00109e-17
35.1667,5.25551e-18
35.1833,2.03439e-18
35.2,3.21721e-19
35.2167,8.01987e-20
35.2333,1.26168e-18
35.25,3.80782e-18
35.2667,7.65079e-18
35.2833,1.2714e-17
35.3,1.89131e-17
35.3167,2.61564e-17
35.3333,3.43463e-17
35.35,4.33799e-17
35.3667,5.31501e-17
35.3833,6.35463e-17
35.4,7.44557e-17
35.4167,8.57638e-17
35.4333,9.7356e-17
35.45,1.09118e-16
35.4667,1.20936e-16
35.4833,1.32701e-16
35.5,1.44303e-16
35.5167,1.5564e-16
35.5333,1.66612e-16
35.55,1.77125e-16
35.5667,1.87091e-16
35.5833,1.96429e-16
35.6,2.05063e-16
35.6167,2.12927e-16
35.6333,2.19962e-16
35.65,2.26117e-16
35.6667,2.31348e-16
35.6833,2.35622e-16
35.7,2.38914e-16
35.7167,2.41206e-16
35.7333,2.42491e-16
35.75,2.42768e-16
35.7667,2.42046e-16
35.7833,2.40343e-16
35.8,2.37683e-16
35.8167,2.34097e-16
35.8333,2.29625e-16
35.85,2.24313e-16
35.8667,2.18211e-16
35.8833,2.11377e-16
35.9,2.03873e-16
35.9167,1.95764e-16
35.9333,1.87121e-16
35.95,1.78017e-16
35.9667,1.68526e-16
35.9833,1.58725e-16
36,1.48692e-16
36.0167,1.38505e-16
36.0333,1.28241e-16
36.05,1.17976e-16
36.0667,1.07786e-16
36.0833,9.77431e-17
36.1,8.79169e-17
36.1167,7.8374e-17
36.1333,6.91771e-17
36.15,6.03845e-17
36.1667,5.20502e-17
36.1833,4.42231e-17
36.2,3.69469e-17
36.2167,3.02598e-17
36.2333,2.41944e-17
36.25,1.87777e-17
36.2667,1.40307e-17
36.2833,9.96859e-18
36.3,6.6007e-18
36.3167,3.93064e-18
36.3333,1.95634e-18
36.35,6.70205e-19
36.3667,5.93551e-20
36.3833,1.05814e-19
36.4,7.86795e-19
36.4167,2.07499e-18
36.4333,3.9389e-18
36.45,6.3432e-18
36.4667,9.24906e-18
36.4833,1.26146e-17
36.5,1.63953e-17
36.5167,2.05443e-17
36.5333,2.50131e-17
36.55,2.97514e-17
36.5667,3.47085e-17
36.5833,3.98326e-17
36.6,4.50723e-17
36.6167,5.0376e-17
36.6333,5.56933e-17
36.65,6.09744e-17
36.6667,6.61714e-17
36.6833,7.12378e-17
36.7,7.61297e-17
36.7167,8.08053e-17
36.7333,8.52257e-17
36.75,8.93548e-17
36.7667,9.316e-17
36.7833,9.66119e-17
36.8,9.96847e-17
36.8167,1.02356e-16
36.8333,1.04608e-16
36.85,1.06427e-16
36.8667,1.078e-16
36.8833,1.08723e-16
36.9,1.09192e-16
36.9167,1.09208e-16
36.9333,1.08777e-16
36.95,1.07905e-16
36.9667,1.06607e-16
36.9833,1.04895e-16
37,1.0279e-16
37.0167,1.00311e-16
37.0333,9.74835e-17
37.05,9.43327e-17
37.0667,9.08873e-17
37.0833,8.71773e-17
37.1,8.32347e-17
37.1167,7.90923e-17
37.1333,7.47843e-17
37.15,7.03452e-17
37.1667,6.581e-17
37.1833,6.12138e-17
37.2,5.65913e-17
37.2167,5.19769e-17
37.2333,4.7404e-17
37.25,4.2905e-17
37.2667,3.8511e-17
37.2833,3.42515e-17
37.3,3.01542e-17
37.3167,2.6245e-17
37.3333,2.25475e-17
37.35,1.90834e-17
37.3667,1.58715e-17
37.3833,1.29286e-17
37.4,1.02688e-17
37.4167,7.90339e-18
37.4333,5.84133e-18
37.45,4.08879e-18
37.4667,2.64935e-18
37.4833,1.52401e-18
37.5,7.11217e-19
37.5167,2.06974e-19
37.5333,4.9123e-21
37.55,9.64037e-20
37.5667,4.70683e-19
37.5833,1.11499e-18
37.6,2.0147e-18
37.6167,3.15352e-18
37.6333,4.51363e-18
37.65,6.07586e-18
37.6667,7.81989e-18
37.6833,9.72443e-18
37.7,1.17674e-17
37.7167,1.39262e-17
37.7333,1.61778e-17
37.75,1.84989e-17
37.7667,2.08663e-17
37.7833,2.32569e-17
37.8,2.56481e-17
37.8167,2.80177e-17
37.8333,3.03442e-17
37.85,3.2607e-17
37.8667,3.47865e-17
37.8833,3.68642e-17
37.9,3.88229e-17
37.9167,4.06468e-17
37.9333,4.23214e-17
37.95,4.38341e-17
37.9667,4.51734e-17
37.9833,4.633e-17
38,4.7296e-17
38.0167,4.80654e-17
38.0333,4.86338e-17
38.05,4.89988e-17
38.0667,4.91594e-17
38.0833,4.91166e-17
38.1,4.88729e-17
38.1167,4.84326e-17
38.1333,4.78014e-17
38.15,4.69863e-17
38.1667,4.59961e-17
38.1833,4.48405e-17
38.2,4.35305e-17
38.2167,4.20782e-17
38.2333,4.04965e-17
38.25,3.87993e-17
38.2667,3.70009e-17
38.2833,3.51165e-17
38.3,3.31613e-17
38.3167,3.1151e-17
38.3333,2.91014e-17
38.35,2.70282e-17
38.3667,2.49471e-17
38.3833,2.28734e-17
38.4,2.08222e-17
38.4167,1.88077e-17
38.4333,1.68439e-17
38.45,1.49438e-17
38.4667,1.31198e-17
38.4833,1.13832e-17
38.5,9.74449e-18
38.5167,8.21305e-18
38.5333,6.79719e-18
38.55,5.50412e-18
38.5667,4.33987e-18
38.5833,3.30932e-18
38.6,2.41614e-18
38.6167,1.66282e-18
38.6333,1.05069e-18
38.65,5.79897e-19
38.6667,2.49465e-19
38.6833,5.73193e-20
38.7,3.28893e-22
38.7167,7.43596e-20
38.7333,2.7433e-19
38.75,5.94273e-19
38.7667,1.02741e-18
38.7833,1.56622e-18
38.8,2.2025e-18
38.8167,2.9275e-18
38.8333,3.73195e-18
38.85,4.60615e-18
38.8667,5.54009e-18
38.8833,6.52353e-18
38.9,7.54606e-18
38.9167,8.59721e-18
38.9333,9.66653e-18
38.95,1.07437e-17
38.9667,1.18184e-17
38.9833,1.2881e-17
39,1.39217e-17
39.0167,1.49314e-17
39.0333,1.59013e-17
39.05,1.68234e-17
39.0667,1.769e-17
39.0833,1.84942e-17
39.1,1.92296e-17
39.1167,1.98906e-17
39.1333,2.04725e-17
39.15,2.0971e-17
39.1667,2.1383e-17
39.1833,2.17058e-17
39.2,2.19378e-17
39.2167,2.20779e-17
39.2333,2.21261e-17
39.25,2.20829e-17
39.2667,2.19498e-17
39.2833,2.17286e-17
39.3,2.14223e-17
39.3167,2.10342e-17
39.3333,2.05683e-17
39.35,2.00291e-17
39.3667,1.94219e-17
39.3833,1.87521e-17
39.4,1.80256e-17
39.4167,1.72488e-17
39.4333,1.64282e-17
39.45,1.55707e-17
39.4667,1.46832e-17
39.4833,1.37727e-17
39.5,1.28465e-17
39.5167,1.19115e-17
39.5333,1.09749e-17
39.55,1.00434e-17
39.5667,9.12376e-18
39.5833,8.22241e-18
39.6,7.3455e-18
39.6167,6.49884e-18
39.6333,5.68785e-18
39.65,4.91756e-18
39.6667,4.19254e-18
39.6833,3.51691e-18
39.7,2.89427e-18
39.7167,2.32772e-18
39.7333,1.81985e-18
39.75,1.3727e-18
39.7667,9.87784e-19
39.7833,6.66082e-19
39.8,4.08043e-19
39.8167,2.13593e-19
39.8333,8.21559e-20
39.85,1.26628e-20
39.8667,3.57592e-21
39.8833,5.29115e-20
39.9,1.58266e-19
39.9167,3.16846e-19
39.9333,5.25499e-19
39.95,7.80748e-19
39.9667,1.07883e-18
39.9833,1.41571e-18
40,1.78718e-18
40.0167,2.18881e-18
40.0333,2.61605e-18
40.05,3.06428e-18
40.0667,3.52877e-18
40.0833,4.00482e-18
40.1,4.48772e-18
40.1167,4.97283e-18
40.1333,5.45558e-18
40.15,5.93157e-18
40.1667,6.39652e-18
40.1833,6.84634e-18
40.2,7.27719e-18
40.2167,7.68545e-18
40.2333,8.06778e-18
40.25,8.42111e-18
40.2667,8.74269e-18
40.2833,9.03012e-18
40.3,9.28128e-18
40.3167,9.49445e-18
40.3333,9.66823e-18
40.35,9.80158e-18
40.3667,9.89383e-18
40.3833,9.94467e-18
40.4,9.95411e-18
40.4167,9.92252e-18
40.4333,9.85063e-18
40.45,9.73944e-18
40.4667,9.59029e-18
40.4833,9.40479e-18
40.5,9.18484e-18
40.5167,8.93256e-18
40.5333,8.65031e-18
40.55,8.34065e-18
40.5667,8.00632e-18
40.5833,7.65018e-18
40.6,7.27524e-18
40.6167,6.88461e-18
40.6333,6.48142e-18
40.65,6.0689e-18
40.6667,5.65023e-18
40.6833,5.22862e-18
40.7,4.8072e-18
40.7167,4.38906e-18
40.7333,3.97718e-18
40.75,3.57442e-18
40.7667,3.18351e-18
40.7833,2.80702e-18
40.8,2.44734e-18
40.8167,2.10669e-18
40.8333,1.78705e-18
40.85,1.49021e-18
40.8667,1.21774e-18
40.8833,9.70944e-19
40.9,7.50925e-19
40.9167,5.58526e-19
40.9333,3.94351e-19
40.95,2.58767e-19
40.9667,1.51897e-19
40.9833,7.36365e-20
41,2.36508e-20
41.0167,1.38786e-21
41.0333,6.08652e-21
41.05,3.67879e-20
41.0667,9.23477e-20
41.0833,1.7145e-19
41.1,2.72621e-19
41.1167,3.94247e-19
41.1333,5.34587e-19
41.15,6.91792e-19
41.1667,8.63922e-19
41.1833,1.04896e-18
41.2,1.24485e-18
41.2167,1.44947e-18
41.2333,1.66069e-18
41.25,1.87639e-18
41.2667,2.09446e-18
41.2833,2.3128e-18
41.3,2.52938e-18
41.3167,2.74222e-18
41.3333,2.94942e-18
41.35,3.14918e-18
41.3667,3.3398e-18
41.3833,3.51967e-18
41.4,3.68734e-18
41.4167,3.84147e-18
41.4333,3.98087e-18
41.45,4.1045e-18
41.4667,4.21148e-18
41.4833,4.30106e-18
41.5,4.37269e-18
41.5167,4.42596e-18
41.5333,4.46061e-18
41.55,4.47655e-18
41.5667,4.47387e-18
41.5833,4.45278e-18
41.6,4.41366e-18
41.6167,4.35702e-18
41.6333,4.28351e-18
41.65,4.19391e-18
41.6667,4.08911e-18
41.6833,3.97012e-18
41.7,3.83804e-18
41.7167,3.69406e-18
41.7333,3.53943e-18
41.75,3.37548e-18
41.7667,3.20359e-18
41.7833,3.02517e-18
41.8,2.84165e-18
41.8167,2.65449e-18
41.8333,2.46513e-18
41.85,2.27501e-18
41.8667,2.08554e-18
41.8833,1.89809e-18
41.9,1.71401e-18
41.9167,1.53455e-18
41.9333,1.36092e-18
41.95,1.19427e-18
41.9667,1.03562e-18
41.9833,8.85955e-19
42,7.46127e-19
42.0167,6.16905e-19
42.0333,4.9895e-19
42.05,3.92817e-19
42.0667,2.98952e-19
42.0833,2.17694e-19
42.1,1.49268e-19
42.1167,9.37939e-20
42.1333,5.12829e-20
42.15,2.16416e-20
42.1667,4.6753e-21
42.1833,9.20048e-23
42.2,7.50691e-21
42.2167,2.64479e-20
42.2333,5.63612e-20
42.25,9.66181e-20
42.2667,1.46522e-19
42.2833,2.05313e-19
42.3,2.72182e-19
42.3167,3.4627e-19
42.3333,4.26681e-19
42.35,5.12492e-19
42.3667,6.02755e-19
42.3833,6.9651e-19
42.4,7.92791e-19
42.4167,8.90635e-19
42.4333,9.89089e-19
42.45,1.08722e-18
42.4667,1.18411e-18
42.4833,1.27889e-18
42.5,1.3707e-18
42.5167,1.45877e-18
42.5333,1.54233e-18
42.55,1.62069e-18
42.5667,1.69322e-18
42.5833,1.75935e-18
42.6,1.81857e-18
42.6167,1.87044e-18
42.6333,1.91459e-18
42.65,1.95074e-18
42.6667,1.97866e-18
42.6833,1.9982e-18
42.7,2.00929e-18
42.7167,2.01193e-18
42.7333,2.00619e-18
42.75,1.9922e-18
42.7667,1.97017e-18
42.7833,1.94037e-18
42.8,1.90311e-18
42.8167,1.8588e-18
42.8333,1.80785e-18
42.85,1.75076e-18
42.8667,1.68803e-18
42.8833,1.62024e-18
42.9,1.54797e-18
42.9167,1.47184e-18
42.9333,1.39248e-18
42.95,1.31054e-18
42.9667,1.22668e-18
42.9833,1.14156e-18
43,1.05583e-18
43.0167,9.70147e-19
43.0333,8.85135e-19
43.05,8.01411e-19
43.0667,7.19565e-19
43.0833,6.40158e-19
43.1,5.6372e-19
43.1167,4.90743e-19
43.1333,4.21679e-19
43.15,3.56939e-19
43.1667,2.96889e-19
43.1833,2.41848e-19
43.2,1.92085e-19
43.2167,1.47822e-19
43.2333,1.09231e-19
43.25,7.64309e-20
43.2667,4.9494e-20
43.2833,2.84413e-20
43.3,1.32458e-20
43.3167,3.83349e-21
43.3333,8.51175e-23
43.35,1.83816e-21
43.3667,8.88921e-21
43.3833,2.09966e-20
43.4,3.78833e-20
43.4167,5.92399e-20
43.4333,8.4728e-20
43.45,1.13984e-19
43.4667,1.46621e-19
43.4833,1.82235e-19
43.5,2.20406e-19
43.5167,2.60706e-19
43.5333,3.02695e-19
43.55,3.45934e-19
43.5667,3.89981e-19
43.5833,4.344e-19
43.6,4.78761e-19
43.6167,5.22645e-19
43.6333,5.65646e-19
43.65,6.07377e-19
43.6667,6.47467e-19
43.6833,6.8557e-19
43.7,7.21364e-19
43.7167,7.54553e-19
43.7333,7.8487e-19
43.75,8.12079e-19
43.7667,8.35973e-19
43.7833,8.56379e-19
43.8,8.73159e-19
43.8167,8.86205e-19
43.8333,8.95446e-19
43.85,9.00843e-19
43.8667,9.02391e-19
43.8833,9.00118e-19
43.9,8.94084e-19
43.9167,8.84379e-19
43.9333,8.71122e-19
43.95,8.54462e-19
43.9667,8.34572e-19
43.9833,8.1165e-19
44,7.85914e-19
44.0167,7.57603e-19
44.0333,7.26974e-19
44.05,6.94297e-19
44.0667,6.59853e-19
44.0833,6.23936e-19
44.1,5.86843e-19
44.1167,5.48876e-19
44.1333,5.1034e-19
44.15,4.71535e-19
44.1667,4.3276e-19
44.1833,3.94307e-19
44.2,3.56458e-19
44.2167,3.19484e-19
44.2333,2.83645e-19
44.25,2.49182e-19
44.2667,2.16321e-19
44.2833,1.85271e-19
44.3,1.5622e-19
44.3167,1.29333e-19
44.3333,1.04756e-19
44.35,8.26108e-20
44.3667,6.29969e-20
44.3833,4.59899e-20
44.4,3.1642e-20
44.4167,1.99823e-20
44.4333,1.10165e-20
44.45,4.72803e-21
44.4667,1.07824e-21
44.4833,7.50623e-24
44.5,1.43615e-21
44.5167,5.26556e-21
44.5333,1.13794e-20
44.55,1.96452e-20
44.5667,2.99156e-20
44.5833,4.20299e-20
44.6,5.5816e-20
44.6167,7.10916e-20
44.6333,8.76667e-20
44.65,1.05344e-19
44.6667,1.23924e-19
44.6833,1.432e-19
44.7,1.62969e-19
44.7167,1.83025e-19
44.7333,2.03167e-19
44.75,2.23196e-19
44.7667,2.4292e-19
44.7833,2.62154e-19
44.8,2.80719e-19
44.8167,2.98449e-19
44.8333,3.15188e-19
44.85,3.30791e-19
44.8667,3.45126e-19
44.8833,3.58078e-19
44.9,3.69542e-19
44.9167,3.7943e-19
44.9333,3.87672e-19
44.95,3.94209e-19
44.9667,3.99003e-19
44.9833,4.02029e-19
45,4.03279e-19
45.0167,4.02759e-19
45.0333,4.00493e-19
45.05,3.96519e-19
45.0667,3.90888e-19
45.0833,3.83665e-19
45.1,3.74928e-19
45.1167,3.64768e-19
45.1333,3.53284e-19
45.15,3.40586e-19
45.1667,3.26794e-19
45.1833,3.12033e-19
45.2,2.96435e-19
45.2167,2.80137e-19
45.2333,2.63279e-19
45.25,2.46003e-19
45.2667,2.28453e-19
45.2833,2.10772e-19
45.3,1.931e-19
45.3167,1.75576e-19
45.3333,1.58334e-19
45.35,1.41502e-19
45.3667,1.25204e-19
45.3833,1.09554e-19
45.4,9.46599e-20
45.4167,8.06195e-20
45.4333,6.75214e-20
45.45,5.54442e-20
45.4667,4.44553e-20
45.4833,3.46116e-20
45.5,2.59585e-20
45.5167,1.85298e-20
45.5333,1.23482e-20
45.55,7.42464e-21
45.5667,3.75911e-21
45.5833,1.34047e-21
45.6,1.46942e-22
45.6167,1.46586e-22
45.6333,1.29775e-21
45.65,3.54968e-21
45.6667,6.84315e-21
45.6833,1.11112e-20
45.7,1.62799e-20
45.7167,2.2269e-20
45.7333,2.89931e-20
45.75,3.63622e-20
45.7667,4.42828e-20
45.7833,5.26584e-20
45.8,6.13911e-20
45.8167,7.03819e-20
45.8333,7.95317e-20
45.85,8.87425e-20
45.8667,9.79179e-20
45.8833,1.06964e-19
45.9,1.1579e-19
45.9167,1.2431e-19
45.9333,1.32441e-19
45.95,1.40107e-19
45.9667,1.47238e-19
45.9833,1.53769e-19
46,1.59643e-19
46.0167,1.6481e-19
46.0333,1.69228e-19
46.05,1.72862e-19
46.0667,1.75684e-19
46.0833,1.77678e-19
46.1,1.7883e-19
46.1167,1.7914e-19
46.1333,1.78613e-19
46.15,1.77261e-19
46.1667,1.75104e-19
46.1833,1.72172e-19
46.2,1.68496e-19
46.2167,1.64119e-19
46.2333,1.59087e-19
46.25,1.53451e-19
46.2667,1.47267e-19
46.2833,1.40597e-19
46.3,1.33505e-19
46.3167,1.26056e-19
46.3333,1.1832e-19
46.35,1.10368e-19
46.3667,1.0227e-19
46.3833,9.40986e-20
46.4,8.59233e-20
46.4167,7.78139e-20
46.4333,6.98378e-20
46.45,6.20598e-20
46.4667,5.45418e-20
46.4833,4.73419e-20
46.5,4.0514e-20
46.5167,3.41073e-20
46.5333,2.81663e-20
46.55,2.27299e-20
46.5667,1.78313e-20
46.5833,1.3498e-20
46.6,9.75137e-21
46.6167,6.60681e-21
46.6333,4.07348e-21
46.65,2.1545e-21
46.6667,8.46983e-22
46.6833,1.42197e-22
46.7,2.57799e-23
46.7167,4.77988e-22
46.7333,1.474e-21
46.75,2.98427e-21
46.7667,4.9749e-21
46.7833,7.40809e-21
46.8,1.02425e-20
46.8167,1.34339e-20
46.8333,1.69355e-20
46.85,2.06984e-20
46.8667,2.46724e-20
46.8833,2.88063e-20
46.9,3.30482e-20
46.9167,3.73468e-20
46.9333,4.16508e-20
46.95,4.59103e-20
46.9667,5.0077e-20
46.9833,5.41044e-20
47,5.79484e-20
47.0167,6.1568e-20
47.0333,6.4925e-20
47.05,6.79849e-20
47.0667,7.07168e-20
47.0833,7.30942e-20
47.1,7.50943e-20
47.1167,7.6699e-20
47.1333,7.78945e-20
47.15,7.86718e-20
47.1667,7.9026e-20
47.1833,7.89573e-20
47.2,7.84698e-20
47.2167,7.75724e-20
47.2333,7.62779e-20
47.25,7.46033e-20
47.2667,7.25691e-20
47.2833,7.01996e-20
47.3,6.75219e-20
47.3167,6.45663e-20
47.3333,6.13655e-20
47.35,5.79542e-20
47.3667,5.43688e-20
47.3833,5.06472e-20
47.4,4.6828e-20
47.4167,4.29504e-20
47.4333,3.90533e-20
47.45,3.51756e-20
47.4667,3.1355e-20
47.4833,2.76284e-20
47.5,2.40305e-20
47.5167,2.05946e-20
47.5333,1.73512e-20
47.55,1.43284e-20
47.5667,1.15512e-20
47.5833,9.04147e-21
47.6,6.81766e-21
47.6167,4.89463e-21
47.6333,3.28352e-21
47.65,1.99168e-21
47.6667,1.0226e-21
47.6833,3.75947e-22
47.7,4.75999e-23
47.7167,2.97591e-23
47.7333,3.11087e-22
47.75,8.76897e-22
47.7667,1.70938e-21
47.7833,2.78788e-21
47.8,4.08916e-21
47.8167,5.58776e-21
47.8333,7.25633e-21
47.85,9.06597e-21
47.8667,1.09867e-20
47.8833,1.29876e-20
47.9,1.50377e-20
47.9167,1.71057e-20
47.9333,1.91609e-20
47.95,2.11735e-20
47.9667,2.31146e-20
47.9833,2.4957e-20
48,2.66751e-20
48.0167,2.82457e-20
48.0333,2.96477e-20
48.05,3.08627e-20
48.0667,3.18753e-20
48.0833,3.26728e-20
48.1,3.32458e-20
48.1167,3.35878e-20
48.1333,3.36959e-20
48.15,3.35701e-20
48.1667,3.32138e-20
48.1833,3.26333e-20
48.2,3.1838e-20
48.2167,3.08402e-20
48.2333,2.96546e-20
48.25,2.82985e-20
48.2667,2.67914e-20
48.2833,2.51544e-20
48.3,2.34104e-20
48.3167,2.15835e-20
48.3333,1.96985e-20
48.35,1.77809e-20
48.3667,1.58563e-20
48.3833,1.39503e-20
48.4,1.20876e-20
48.4167,1.02922e-20
48.4333,8.58691e-21
48.45,6.99278e-21
48.4667,5.52908e-21
48.4833,4.21289e-21
48.5,3.05886e-21
48.5167,2.07904e-21
48.5333,1.28263e-21
48.55,6.75899e-22
48.5667,2.6208e-22
48.5833,4.12938e-23
48.6,1.05664e-23
48.6167,1.63868e-22
48.6333,4.92205e-22
48.65,9.83764e-22
48.6667,1.6241e-21
48.6833,2.39636e-21
48.7,3.28157e-21
48.7167,4.25897e-21
48.7333,5.30632e-21
48.75,6.40032e-21
48.7667,7.51704e-21
48.7833,8.6323e-21
48.8,9.72213e-21
48.8167,1.07633e-20
48.8333,1.17335e-20
48.85,1.26124e-20
48.8667,1.33811e-20
48.8833,1.40236e-20
48.9,1.45262e-20
48.9167,1.48784e-20
48.9333,1.50731e-20
48.95,1.51062e-20
48.9667,1.49776e-20
48.9833,1.46904e-20
49,1.42511e-20
49.0167,1.36698e-20
49.0333,1.29595e-20
49.05,1.21359e-20
49.0667,1.12173e-20
49.0833,1.02239e-20
49.1,9.17742e-21
49.1167,8.1006e-21
49.1333,7.01655e-21
49.15,5.94827e-21
49.1667,4.91801e-21
49.1833,3.94673e-21
49.2,3.05355e-21
49.2167,2.25523e-21
49.2333,1.56572e-21
49.25,9.95775e-22
49.2667,5.52638e-22
49.2833,2.39832e-22
49.3,5.70308e-23
49.3167,5.4631e-26
49.3333,6.09677e-23
49.35,2.28297e-22
49.3667,4.87362e-22
49.3833,8.20719e-22
49.4,1.20871e-21
49.4167,1.63009e-21
49.4333,2.06276e-21
49.45,2.48454e-21
49.4667,2.87399e-21
49.4833,3.21125e-21
49.5,3.47884e-21
49.5167,3.66246e-21
49.5333,3.7517e-21
49.55,3.74062e-21
49.5667,3.62821e-21
49.5833,3.41866e-21
49.6,3.12146e-21
49.6167,2.75119e-21
49.6333,2.32712e-21
49.65,1.87251e-21
49.6667,1.41361e-21
49.6833,9.7839e-22
49.7,5.95005e-22
49.7167,2.90019e-22
49.7333,8.64555e-23
49.75,1.74624e-24
49.7667,4.56742e-23
49.7833,2.1846e-22
49.8,5.09156e-22
49.8167,8.94567e-22
49.8333,1.33895e-21
49.85,1.79484e-21
49.8667,2.20531e-21
49.8833,2.50818e-21
49.9,2.64266e-21
49.9167,2.55901e-21
49.9333,2.23192e-21
49.95,1.67842e-21
49.9667,9.81144e-22
49.9833,3.18113e-22
