1e-05,1.91974e-09
0.0166767,0.00713447
0.0333433,0.0264765
0.05001,0.0552922
0.0666767,0.0912527
0.0833433,0.132385
0.10001,0.177029
0.116677,0.223799
0.133343,0.271545
0.15001,0.319329
0.166677,0.366388
0.183343,0.412117
0.20001,0.456043
0.216677,0.497806
0.233343,0.537145
0.25001,0.573876
0.266677,0.607887
0.283343,0.639122
0.30001,0.667571
0.316677,0.693262
0.333343,0.716253
0.35001,0.736626
0.366677,0.754483
0.383343,0.769935
0.40001,0.783108
0.416677,0.794131
0.433343,0.803135
0.45001,0.810256
0.466677,0.815625
0.483343,0.819372
0.50001,0.821625
0.516677,0.822504
0.533343,0.822127
0.55001,0.820603
0.566677,0.818037
0.583343,0.814527
0.60001,0.810165
0.616677,0.805036
0.633343,0.799218
0.65001,0.792783
0.666677,0.7858
0.683343,0.778328
0.70001,0.770424
0.716677,0.762137
0.733343,0.753514
0.75001,0.744595
0.766677,0.735419
0.783343,0.726017
0.80001,0.716421
0.816677,0.706656
0.833343,0.696747
0.85001,0.686715
0.866676,0.676578
0.883343,0.666354
0.90001,0.656056
0.916676,0.6457
0.933343,0.635296
0.95001,0.624855
0.966676,0.614387
0.983343,0.603902
1.00001,0.593406
1.01668,0.582908
1.03334,0.572414
1.05001,0.561931
1.06668,0.551467
1.08334,0.541026
1.10001,0.530614
1.11668,0.520238
1.13334,0.509903
1.15001,0.499616
1.16668,0.48938
1.18334,0.479202
1.20001,0.469088
1.21668,0.459042
1.23334,0.44907
1.25001,0.439176
1.26668,0.429366
1.28334,0.419645
1.30001,0.410016
1.31668,0.400485
1.33334,0.391056
1.35001,0.381732
1.36668,0.372518
1.38334,0.363418
1.40001,0.354435
1.41668,0.345572
1.43334,0.336832
1.45001,0.328219
1.46668,0.319735
1.48334,0.311382
1.50001,0.303163
1.51668,0.29508
1.53334,0.287135
1.55001,0.27933
1.56668,0.271666
1.58334,0.264143
1.60001,0.256764
1.61668,0.24953
1.63334,0.24244
1.65001,0.235495
1.66668,0.228696
1.68334,0.222043
1.70001,0.215536
1.71668,0.209174
1.73334,0.202957
1.75001,0.196885
1.76668,0.190957
1.78334,0.185171
1.80001,0.179528
1.81668,0.174026
1.83334,0.168663
1.85001,0.163438
1.86668,0.15835
1.88334,0.153398
1.90001,0.148578
1.91668,0.143891
1.93334,0.139333
1.95001,0.134903
1.96668,0.130599
1.98334,0.126419
2.00001,0.12236
2.01668,0.118421
2.03334,0.114599
2.05001,0.110891
2.06668,0.107296
2.08334,0.103811
2.10001,0.100433
2.11668,0.0971606
2.13334,0.0939909
2.15001,0.0909215
2.16668,0.08795
2.18334,0.0850738
2.20001,0.0822906
2.21668,0.0795977
2.23334,0.076993
2.25001,0.0744738
2.26668,0.0720378
2.28334,0.0696826
2.30001,0.0674059
2.31668,0.0652053
2.33334,0.0630785
2.35001,0.0610233
2.36668,0.0590374
2.38334,0.0571187
2.40001,0.055265
2.41668,0.0534742
2.43334,0.0517443
2.45001,0.0500731
2.46668,0.0484588
2.48334,0.0468994
2.50001,0.0453931
2.51668,0.0439379
2.53334,0.0425322
2.55001,0.0411742
2.56668,0.0398621
2.58334,0.0385945
2.60001,0.0373696
2.61668,0.0361859
2.63334,0.0350419
2.65001,0.0339362
2.66668,0.0328674
2.68334,0.031834
2.70001,0.0308349
2.71668,0.0298687
2.73334,0.0289342
2.75001,0.0280302
2.76668,0.0271556
2.78334,0.0263093
2.80001,0.0254902
2.81668,0.0246973
2.83334,0.0239295
2.85001,0.0231861
2.86668,0.022466
2.88334,0.0217685
2.90001,0.0210925
2.91668,0.0204375
2.93334,0.0198025
2.95001,0.0191869
2.96668,0.0185898
2.98334,0.0180108
3.00001,0.0174491
3.01668,0.016904
3.03334,0.0163751
3.05001,0.0158617
3.06668,0.0153633
3.08334,0.0148793
3.10001,0.0144093
3.11668,0.0139529
3.13334,0.0135095
3.15001,0.0130787
3.16668,0.0126602
3.18334,0.0122534
3.20001,0.0118582
3.21668,0.011474
3.23334,0.0111006
3.25001,0.0107377
3.26668,0.0103849
3.28334,0.010042
3.30001,0.00970861
3.31668,0.00938456
3.33334,0.00906956
3.35001,0.00876339
3.36668,0.00846579
3.38334,0.00817657
3.40001,0.0078955
3.41668,0.00762239
3.43334,0.00735704
3.45001,0.00709927
3.46668,0.0068489
3.48334,0.00660576
3.50001,0.00636968
3.51668,0.00614051
3.53334,0.0059181
3.55001,0.00570228
3.56668,0.00549292
3.58334,0.00528987
3.60001,0.00509301
3.61668,0.00490219
3.63334,0.00471728
3.65001,0.00453816
3.66668,0.00436469
3.68334,0.00419676
3.70001,0.00403424
3.71668,0.00387702
3.73334,0.00372496
3.75001,0.00357797
3.76668,0.00343592
3.78334,0.00329869
3.80001,0.00316618
3.81668,0.00303828
3.83334,0.00291486
3.85001,0.00279583
3.86668,0.00268107
3.88334,0.00257048
3.90001,0.00246395
3.91668,0.00236137
3.93334,0.00226264
3.95001,0.00216766
3.96668,0.00207632
3.98334,0.00198852
4.00001,0.00190416
4.01668,0.00182313
4.03334,0.00174535
4.05001,0.00167072
4.06668,0.00159913
4.08334,0.00153049
4.10001,0.00146471
4.11668,0.0014017
4.13334,0.00134136
4.15001,0.00128361
4.16668,0.00122836
4.18334,0.00117551
4.20001,0.001125
4.21668,0.00107672
4.23334,0.00103061
4.25001,0.000986572
4.26668,0.00094454
4.28334,0.000904433
4.30001,0.000866176
4.31668,0.000829696
4.33334,0.000794923
4.35001,0.000761785
4.36668,0.000730217
4.38334,0.000700152
4.40001,0.000671526
4.41668,0.000644277
4.43334,0.000618346
4.45001,0.000593673
4.46668,0.000570202
4.48334,0.000547878
4.50001,0.000526649
4.51668,0.000506464
4.53334,0.000487274
4.55001,0.00046903
4.56668,0.000451687
4.58334,0.000435201
4.60001,0.00041953
4.61668,0.000404633
4.63334,0.00039047
4.65001,0.000377004
4.66668,0.000364199
4.68334,0.00035202
4.70001,0.000340435
4.71668,0.000329411
4.73334,0.000318918
4.75001,0.000308927
4.76668,0.00029941
4.78334,0.000290342
4.80001,0.000281695
4.81668,0.000273448
4.83334,0.000265575
4.85001,0.000258056
4.86668,0.00025087
4.88334,0.000243996
4.90001,0.000237416
4.91668,0.000231112
4.93334,0.000225066
4.95001,0.000219263
4.96668,0.000213687
4.98334,0.000208323
5.00001,0.000203157
5.01668,0.000198176
5.03334,0.000193368
5.05001,0.00018872
5.06668,0.000184222
5.08334,0.000179863
5.10001,0.000175633
5.11668,0.000171523
5.13334,0.000167524
5.15001,0.000163627
5.16668,0.000159825
5.18334,0.00015611
5.20001,0.000152477
5.21668,0.000148917
5.23334,0.000145427
5.25001,0.000142
5.26668,0.000138631
5.28334,0.000135316
5.30001,0.000132051
5.31668,0.000128831
5.33334,0.000125655
5.35001,0.000122517
5.36668,0.000119417
5.38334,0.000116352
5.40001,0.000113319
5.41668,0.000110317
5.43334,0.000107344
5.45001,0.000104401
5.46668,0.000101485
5.48334,9.85958e-05
5.50001,9.57338e-05
5.51668,9.28987e-05
5.53334,9.00904e-05
5.55001,8.73095e-05
5.56668,8.45563e-05
5.58334,8.18317e-05
5.60001,7.91364e-05
5.61668,7.64715e-05
5.63334,7.3838e-05
5.65001,7.12372e-05
5.66668,6.86704e-05
5.68334,6.6139e-05
5.70001,6.36443e-05
5.71668,6.1188e-05
5.73334,5.87716e-05
5.75001,5.63964e-05
5.76668,5.40642e-05
5.78334,5.17764e-05
5.80001,4.95344e-05
5.81668,4.73398e-05
5.83334,4.51939e-05
5.85001,4.30981e-05
5.86668,4.10536e-05
5.88334,3.90615e-05
5.90001,3.71229e-05
5.91668,3.52387e-05
5.93334,3.34099e-05
5.95001,3.16371e-05
5.96668,2.9921e-05
5.98334,2.82619e-05
6.00001,2.66604e-05
6.01668,2.51165e-05
6.03334,2.36304e-05
6.05001,2.22021e-05
6.06668,2.08313e-05
6.08334,1.95178e-05
6.10001,1.82611e-05
6.11668,1.70608e-05
6.13334,1.5916e-05
6.15001,1.48262e-05
6.16668,1.37903e-05
6.18334,1.28074e-05
6.20001,1.18763e-05
6.21668,1.0996e-05
6.23334,1.01651e-05
6.25001,9.38236e-06
6.26668,8.64627e-06
6.28334,7.95541e-06
6.30001,7.30824e-06
6.31668,6.7032e-06
6.33334,6.13867e-06
6.35001,5.61301e-06
6.36668,5.12456e-06
6.38334,4.67164e-06
6.40001,4.25258e-06
6.41668,3.86568e-06
6.43334,3.50927e-06
6.45001,3.18168e-06
6.46668,2.88128e-06
6.48334,2.60645e-06
6.50001,2.35561e-06
6.51668,2.12722e-06
6.53334,1.91977e-06
6.55001,1.73181e-06
6.56668,1.56194e-06
6.58334,1.40882e-06
6.60001,1.27115e-06
6.61668,1.14772e-06
6.63334,1.03736e-06
6.65001,9.38966e-07
6.66668,8.51511e-07
6.68334,7.74028e-07
6.70001,7.05619e-07
6.71668,6.45451e-07
6.73334,5.92758e-07
6.75001,5.46839e-07
6.76668,5.07055e-07
6.78334,4.72829e-07
6.80001,4.43644e-07
6.81668,4.1904e-07
6.83334,3.98608e-07
6.85001,3.81994e-07
6.86668,3.68889e-07
6.88334,3.59029e-07
6.90001,3.5219e-07
6.91668,3.48186e-07
6.93334,3.46864e-07
6.95001,3.48098e-07
6.96668,3.51792e-07
6.98334,3.57869e-07
7.00001,3.66269e-07
7.01668,3.7695e-07
7.03334,3.89878e-07
7.05001,4.05028e-07
7.06668,4.2238e-07
7.08334,4.41916e-07
7.10001,4.63616e-07
7.11668,4.87456e-07
7.13334,5.13408e-07
7.15001,5.41436e-07
7.16668,5.71492e-07
7.18334,6.0352e-07
7.20001,6.3745e-07
7.21668,6.73199e-07
7.23334,7.10671e-07
7.25001,7.49755e-07
7.26668,7.90325e-07
7.28334,8.32242e-07
7.30001,8.75349e-07
7.31668,9.19481e-07
7.33334,9.64455e-07
7.35001,1.01008e-06
7.36668,1.05615e-06
7.38334,1.10244e-06
7.40001,1.14875e-06
7.41668,1.19483e-06
7.43334,1.24046e-06
7.45001,1.28539e-06
7.46668,1.32938e-06
7.48334,1.37219e-06
7.50001,1.41357e-06
7.51668,1.4533e-06
7.53334,1.49114e-06
7.55001,1.52687e-06
7.56668,1.56026e-06
7.58334,1.59112e-06
7.60001,1.61924e-06
7.61668,1.64445e-06
7.63334,1.66658e-06
7.65001,1.68549e-06
7.66668,1.70103e-06
7.68334,1.71309e-06
7.70001,1.72159e-06
7.71668,1.72643e-06
7.73334,1.72758e-06
7.75001,1.725e-06
7.76668,1.71866e-06
7.78334,1.7086e-06
7.80001,1.69482e-06
7.81668,1.6774e-06
7.83334,1.6564e-06
7.85001,1.63191e-06
7.86668,1.60405e-06
7.88334,1.57294e-06
7.90001,1.53875e-06
7.91668,1.50164e-06
7.93334,1.46178e-06
7.95001,1.41938e-06
7.96668,1.37465e-06
7.98334,1.3278e-06
8.00001,1.27907e-06
8.01668,1.22869e-06
8.03334,1.17692e-06
8.05001,1.12399e-06
8.06668,1.07017e-06
8.08334,1.01571e-06
8.10001,9.60853e-07
8.11668,9.0586e-07
8.13334,8.50976e-07
8.15001,7.96442e-07
8.16668,7.42491e-07
8.18334,6.8935e-07
8.20001,6.37233e-07
8.21668,5.86344e-07
8.23334,5.36876e-07
8.25001,4.89006e-07
8.26668,4.42897e-07
8.28334,3.98699e-07
8.30001,3.56543e-07
8.31668,3.16546e-07
8.33334,2.78809e-07
8.35001,2.43413e-07
8.36667,2.10424e-07
8.38334,1.79892e-07
8.40001,1.51848e-07
8.41667,1.26308e-07
8.43334,1.0327e-07
8.45001,8.27189e-08
8.46667,6.46223e-08
8.48334,4.89342e-08
8.50001,3.55949e-08
8.51667,2.45317e-08
8.53334,1.56599e-08
8.55001,8.88393e-09
8.56667,4.09825e-09
8.58334,1.18838e-09
8.60001,3.20732e-11
8.61667,5.00417e-10
8.63334,2.45897e-09
8.65001,5.76891e-09
8.66667,1.02882e-08
8.68334,1.58728e-08
8.70001,2.23775e-08
8.71667,2.96576e-08
8.73334,3.75693e-08
8.75001,4.59712e-08
8.76667,5.47252e-08
8.78334,6.36972e-08
8.80001,7.27583e-08
8.81667,8.17855e-08
8.83334,9.06623e-08
8.85001,9.92796e-08
8.86667,1.07536e-07
8.88334,1.15339e-07
8.90001,1.22605e-07
8.91667,1.29258e-07
8.93334,1.35233e-07
8.95001,1.40476e-07
8.96667,1.44941e-07
8.98334,1.48591e-07
9.00001,1.514e-07
9.01667,1.53354e-07
9.03334,1.54444e-07
9.05001,1.54674e-07
9.06667,1.54054e-07
9.08334,1.52605e-07
9.10001,1.50355e-07
9.11667,1.4734e-07
9.13334,1.43601e-07
9.15001,1.39187e-07
9.16667,1.34154e-07
9.18334,1.28561e-07
9.20001,1.22471e-07
9.21667,1.15952e-07
9.23334,1.09074e-07
9.25001,1.0191e-07
9.26667,9.45327e-08
9.28334,8.70175e-08
9.30001,7.94384e-08
9.31667,7.18687e-08
9.33334,6.43804e-08
9.35001,5.70434e-08
9.36667,4.99248e-08
9.38334,4.30884e-08
9.40001,3.65944e-08
9.41667,3.04984e-08
9.43334,2.48516e-08
9.45001,1.97003e-08
9.46667,1.5085e-08
9.48334,1.10411e-08
9.50001,7.59806e-09
9.51667,4.77943e-09
9.53334,2.60283e-09
9.55001,1.07988e-09
9.56667,2.16235e-10
9.58334,1.16414e-11
9.60001,4.60089e-10
9.61667,1.54996e-09
9.63334,3.26427e-09
9.65001,5.58087e-09
9.66667,8.4728e-09
9.68334,1.19085e-08
9.70001,1.58524e-08
9.71667,2.0265e-08
9.73334,2.51035e-08
9.75001,3.0322e-08
9.76667,3.58723e-08
9.78334,4.17038e-08
9.80001,4.77645e-08
9.81667,5.40013e-08
9.83334,6.03602e-08
9.85001,6.6787e-08
9.86667,7.32277e-08
9.88334,7.96289e-08
9.90001,8.59383e-08
9.91667,9.2105e-08
9.93334,9.80801e-08
9.95001,1.03817e-07
9.96667,1.0927e-07
9.98334,1.144e-07
10,1.19167e-07
10.0167,1.23537e-07
10.0333,1.27479e-07
10.05,1.30964e-07
10.0667,1.33971e-07
10.0833,1.36478e-07
10.1,1.38472e-07
10.1167,1.39941e-07
10.1333,1.40879e-07
10.15,1.41282e-07
10.1667,1.41153e-07
10.1833,1.40498e-07
10.2,1.39327e-07
10.2167,1.37652e-07
10.2333,1.35491e-07
10.25,1.32865e-07
10.2667,1.29798e-07
10.2833,1.26317e-07
10.3,1.22451e-07
10.3167,1.18232e-07
10.3333,1.13695e-07
10.35,1.08875e-07
10.3667,1.0381e-07
10.3833,9.85386e-08
10.4,9.30998e-08
10.4167,8.75338e-08
10.4333,8.18804e-08
10.45,7.61795e-08
10.4667,7.04705e-08
10.4833,6.47919e-08
10.5,5.91811e-08
10.5167,5.36742e-08
10.5333,4.83055e-08
10.55,4.31075e-08
10.5667,3.81108e-08
10.5833,3.33433e-08
10.6,2.88309e-08
10.6167,2.45965e-08
10.6333,2.06605e-08
10.65,1.70404e-08
10.6667,1.37509e-08
10.6833,1.08038e-08
10.7,8.20784e-09
10.7167,5.96885e-09
10.7333,4.08979e-09
10.75,2.57076e-09
10.7667,1.40908e-09
10.7833,5.99349e-10
10.8,1.33614e-10
10.8167,1.45344e-12
10.8333,1.9014e-10
10.85,6.84795e-10
10.8667,1.46856e-09
10.8833,2.52279e-09
10.9,3.82721e-09
10.9167,5.36017e-09
10.9333,7.09879e-09
10.95,9.01924e-09
10.9667,1.10969e-08
10.9833,1.33065e-08
11,1.56225e-08
11.0167,1.80194e-08
11.0333,2.04713e-08
11.05,2.2953e-08
11.0667,2.54397e-08
11.0833,2.79069e-08
11.1,3.03314e-08
11.1167,3.26907e-08
11.1333,3.49636e-08
11.15,3.71299e-08
11.1667,3.91712e-08
11.1833,4.10705e-08
11.2,4.28123e-08
11.2167,4.43829e-08
11.2333,4.57705e-08
11.25,4.69651e-08
11.2667,4.79584e-08
11.2833,4.87441e-08
11.3,4.93181e-08
11.3167,4.96778e-08
11.3333,4.98227e-08
11.35,4.97541e-08
11.3667,4.9475e-08
11.3833,4.89903e-08
11.4,4.83064e-08
11.4167,4.74313e-08
11.4333,4.63745e-08
11.45,4.51468e-08
11.4667,4.37601e-08
11.4833,4.22277e-08
11.5,4.05635e-08
11.5167,3.87825e-08
11.5333,3.69002e-08
11.55,3.49328e-08
11.5667,3.28966e-08
11.5833,3.08084e-08
11.6,2.86849e-08
11.6167,2.65429e-08
11.6333,2.43988e-08
11.65,2.22689e-08
11.6667,2.01688e-08
11.6833,1.81137e-08
11.7,1.61179e-08
11.7167,1.4195e-08
11.7333,1.23578e-08
11.75,1.06178e-08
11.7667,8.98581e-09
11.7833,7.47121e-09
11.8,6.08237e-09
11.8167,4.82639e-09
11.8333,3.70915e-09
11.85,2.73524e-09
11.8667,1.90801e-09
11.8833,1.22951e-09
11.9,7.00561e-10
11.9167,3.20751e-10
11.9333,8.84677e-11
11.95,9.47889e-13
11.9667,5.43227e-11
11.9833,2.43677e-10
12,5.63111e-10
12.0167,1.00582e-09
12.0333,1.56415e-09
12.05,2.2297e-09
12.0667,2.9934e-09
12.0833,3.84561e-09
12.1,4.77616e-09
12.1167,5.77453e-09
12.1333,6.82986e-09
12.15,7.9311e-09
12.1667,9.06707e-09
12.1833,1.02266e-08
12.2,1.13984e-08
12.2167,1.25717e-08
12.2333,1.37356e-08
12.25,1.48798e-08
12.2667,1.59941e-08
12.2833,1.7069e-08
12.3,1.80955e-08
12.3167,1.90651e-08
12.3333,1.99701e-08
12.35,2.08033e-08
12.3667,2.15584e-08
12.3833,2.22298e-08
12.4,2.28127e-08
12.4167,2.33032e-08
12.4333,2.36982e-08
12.45,2.39954e-08
12.4667,2.41934e-08
12.4833,2.42917e-08
12.5,2.42905e-08
12.5167,2.41909e-08
12.5333,2.39947e-08
12.55,2.37047e-08
12.5667,2.33241e-08
12.5833,2.28569e-08
12.6,2.23077e-08
12.6167,2.16819e-08
12.6333,2.09851e-08
12.65,2.02236e-08
12.6667,1.94039e-08
12.6833,1.8533e-08
12.7,1.76181e-08
12.7167,1.66667e-08
12.7333,1.56863e-08
12.75,1.46846e-08
12.7667,1.36692e-08
12.7833,1.26478e-08
12.8,1.16278e-08
12.8167,1.06166e-08
12.8333,9.62124e-09
12.85,8.64852e-09
12.8667,7.70489e-09
12.8833,6.79645e-09
12.9,5.92883e-09
12.9167,5.10725e-09
12.9333,4.33639e-09
12.95,3.62045e-09
12.9667,2.96309e-09
12.9833,2.36738e-09
13,1.83587e-09
13.0167,1.37051e-09
13.0333,9.72678e-10
13.05,6.43194e-10
13.0667,3.82304e-10
13.0833,1.89706e-10
13.1,6.45613e-11
13.1167,5.51611e-12
13.1333,1.07243e-11
13.15,7.7874e-11
13.1667,2.04218e-10
13.1833,3.86604e-10
13.2,6.21514e-10
13.2167,9.05096e-10
13.2333,1.23321e-09
13.25,1.60144e-09
13.2667,2.0052e-09
13.2833,2.4397e-09
13.3,2.90003e-09
13.3167,3.3812e-09
13.3333,3.87816e-09
13.35,4.38588e-09
13.3667,4.89934e-09
13.3833,5.41362e-09
13.4,5.9239e-09
13.4167,6.42552e-09
13.4333,6.91398e-09
13.45,7.38503e-09
13.4667,7.83463e-09
13.4833,8.25904e-09
13.5,8.6548e-09
13.5167,9.01877e-09
13.5333,9.34814e-09
13.55,9.64046e-09
13.5667,9.89363e-09
13.5833,1.01059e-08
13.6,1.0276e-08
13.6167,1.0403e-08
13.6333,1.04861e-08
13.65,1.05253e-08
13.6667,1.05207e-08
13.6833,1.04729e-08
13.7,1.03826e-08
13.7167,1.02511e-08
13.7333,1.008e-08
13.75,9.87098e-09
13.7667,9.62623e-09
13.7833,9.34808e-09
13.8,9.0391e-09
13.8167,8.70208e-09
13.8333,8.33998e-09
13.85,7.9559e-09
13.8667,7.55305e-09
13.8833,7.13476e-09
13.9,6.70437e-09
13.9167,6.26529e-09
13.9333,5.82091e-09
13.95,5.3746e-09
13.9667,4.92965e-09
13.9833,4.48929e-09
14,4.05665e-09
14.0167,3.63469e-09
14.0333,3.22624e-09
14.05,2.83397e-09
14.0667,2.46033e-09
14.0833,2.10757e-09
14.1,1.77774e-09
14.1167,1.47262e-09
14.1333,1.19379e-09
14.15,9.4255e-10
14.1667,7.19963e-10
14.1833,5.26835e-10
14.2,3.63715e-10
14.2167,2.30899e-10
14.2333,1.28435e-10
14.25,5.61257e-11
14.2667,1.35373e-11
14.2833,9.38214e-15
14.3,1.46652e-11
14.3167,5.64238e-11
14.3333,1.24013e-10
14.35,2.15987e-10
14.3667,3.30737e-10
14.3833,4.66512e-10
14.4,6.21435e-10
14.4167,7.93521e-10
14.4333,9.80696e-10
14.45,1.18081e-09
14.4667,1.39167e-09
14.4833,1.61104e-09
14.5,1.83667e-09
14.5167,2.06633e-09
14.5333,2.29777e-09
14.55,2.52883e-09
14.5667,2.75738e-09
14.5833,2.98134e-09
14.6,3.19876e-09
14.6167,3.40774e-09
14.6333,3.60655e-09
14.65,3.79353e-09
14.6667,3.96718e-09
14.6833,4.12615e-09
14.7,4.26922e-09
14.7167,4.39535e-09
14.7333,4.50365e-09
14.75,4.59339e-09
14.7667,4.66404e-09
14.7833,4.7152e-09
14.8,4.74666e-09
14.8167,4.75839e-09
14.8333,4.7505e-09
14.85,4.72326e-09
14.8667,4.67712e-09
14.8833,4.61265e-09
14.9,4.53058e-09
14.9167,4.43176e-09
14.9333,4.31716e-09
14.95,4.18786e-09
14.9667,4.04504e-09
14.9833,3.88998e-09
15,3.72402e-09
15.0167,3.54856e-09
15.0333,3.36506e-09
15.05,3.17501e-09
15.0667,2.97992e-09
15.0833,2.78132e-09
15.1,2.58072e-09
15.1167,2.37963e-09
15.1333,2.17952e-09
15.15,1.98182e-09
15.1667,1.78791e-09
15.1833,1.59912e-09
15.2,1.41669e-09
15.2167,1.2418e-09
15.2333,1.07552e-09
15.25,9.18835e-10
15.2667,7.72639e-10
15.2833,6.37709e-10
15.3,5.14719e-10
15.3167,4.04228e-10
15.3333,3.06686e-10
15.35,2.22425e-10
15.3667,1.51664e-10
15.3833,9.45093e-11
15.4,5.09559e-11
15.4167,2.08903e-11
15.4333,4.09404e-12
15.45,2.48356e-13
15.4667,8.93872e-12
15.4833,2.96607e-11
15.5,6.18261e-11
15.5167,1.0477e-10
15.5333,1.57756e-10
15.55,2.19989e-10
15.5667,2.90614e-10
15.5833,3.68735e-10
15.6,4.53413e-10
15.6167,5.43683e-10
15.6333,6.38557e-10
15.65,7.37032e-10
15.6667,8.38104e-10
15.6833,9.40769e-10
15.7,1.04404e-09
15.7167,1.14693e-09
15.7333,1.24851e-09
15.75,1.34786e-09
15.7667,1.44411e-09
15.7833,1.53642e-09
15.8,1.62403e-09
15.8167,1.70622e-09
15.8333,1.78232e-09
15.85,1.85174e-09
15.8667,1.91396e-09
15.8833,1.96853e-09
15.9,2.01506e-09
15.9167,2.05325e-09
15.9333,2.08287e-09
15.95,2.10377e-09
15.9667,2.11587e-09
15.9833,2.11917e-09
16,2.11373e-09
16.0167,2.09969e-09
16.0333,2.07728e-09
16.05,2.04675e-09
16.0667,2.00844e-09
16.0833,1.96275e-09
16.1,1.91013e-09
16.1167,1.85107e-09
16.1333,1.7861e-09
16.15,1.7158e-09
16.1667,1.64078e-09
16.1833,1.56166e-09
16.2,1.47912e-09
16.2167,1.39381e-09
16.2333,1.3064e-09
16.25,1.21759e-09
16.2667,1.12805e-09
16.2833,1.03844e-09
16.3,9.49427e-10
16.3167,8.61637e-10
16.3333,7.75684e-10
16.35,6.9215e-10
16.3667,6.11585e-10
16.3833,5.34503e-10
16.4,4.61375e-10
16.4167,3.92632e-10
16.4333,3.2866e-10
16.45,2.69795e-10
16.4667,2.16327e-10
16.4833,1.68493e-10
16.5,1.26482e-10
16.5167,9.04302e-11
16.5333,6.04233e-11
16.55,3.64966e-11
16.5667,1.86363e-11
16.5833,6.78013e-12
16.6,8.19507e-13
16.6167,6.01457e-13
16.6333,5.93084e-12
16.65,1.6573e-11
16.6667,3.22564e-11
16.6833,5.26759e-11
16.7,7.74961e-11
16.7167,1.06354e-10
16.7333,1.38864e-10
16.75,1.7462e-10
16.7667,2.13199e-10
16.7833,2.54167e-10
16.8,2.9708e-10
16.8167,3.41491e-10
16.8333,3.86949e-10
16.85,4.33007e-10
16.8667,4.79224e-10
16.8833,5.25167e-10
16.9,5.70417e-10
16.9167,6.14571e-10
16.9333,6.57241e-10
16.95,6.98064e-10
16.9667,7.36699e-10
16.9833,7.72831e-10
17,8.06172e-10
17.0167,8.36465e-10
17.0333,8.63483e-10
17.05,8.87031e-10
17.0667,9.06948e-10
17.0833,9.23104e-10
17.1,9.35406e-10
17.1167,9.43794e-10
17.1333,9.4824e-10
17.15,9.48751e-10
17.1667,9.45367e-10
17.1833,9.38157e-10
17.2,9.27223e-10
17.2167,9.12693e-10
17.2333,8.94725e-10
17.25,8.735e-10
17.2667,8.49223e-10
17.2833,8.2212e-10
17.3,7.92435e-10
17.3167,7.6043e-10
17.3333,7.26379e-10
17.35,6.90568e-10
17.3667,6.53292e-10
17.3833,6.14849e-10
17.4,5.75545e-10
17.4167,5.35684e-10
17.4333,4.95566e-10
17.45,4.55491e-10
17.4667,4.15749e-10
17.4833,3.76622e-10
17.5,3.3838e-10
17.5167,3.0128e-10
17.5333,2.65565e-10
17.55,2.3146e-10
17.5667,1.99172e-10
17.5833,1.68889e-10
17.6,1.40777e-10
17.6167,1.14984e-10
17.6333,9.16327e-11
17.65,7.08242e-11
17.6667,5.26373e-11
17.6833,3.71278e-11
17.7,2.43285e-11
17.7167,1.42501e-11
17.7333,6.88113e-12
17.75,2.18876e-12
17.7667,1.19672e-13
17.7833,6.00864e-13
17.8,3.54076e-12
17.8167,8.83037e-12
17.8333,1.63446e-11
17.85,2.59436e-11
17.8667,3.74743e-11
17.8833,5.07718e-11
17.9,6.56612e-11
17.9167,8.19589e-11
17.9333,9.94747e-11
17.95,1.18013e-10
17.9667,1.37375e-10
17.9833,1.5736e-10
18,1.77766e-10
18.0167,1.98394e-10
18.0333,2.19048e-10
18.05,2.39536e-10
18.0667,2.5967e-10
18.0833,2.79273e-10
18.1,2.98174e-10
18.1167,3.16212e-10
18.1333,3.33238e-10
18.15,3.49113e-10
18.1667,3.63712e-10
18.1833,3.76923e-10
18.2,3.88647e-10
18.2167,3.98802e-10
18.2333,4.07318e-10
18.25,4.14141e-10
18.2667,4.19233e-10
18.2833,4.2257e-10
18.3,4.24145e-10
18.3167,4.23962e-10
18.3333,4.22044e-10
18.35,4.18424e-10
18.3667,4.13151e-10
18.3833,4.06286e-10
18.4,3.97902e-10
18.4167,3.88082e-10
18.4333,3.7692e-10
18.45,3.64519e-10
18.4667,3.50991e-10
18.4833,3.36453e-10
18.5,3.21031e-10
18.5167,3.04852e-10
18.5333,2.88049e-10
18.55,2.70757e-10
18.5667,2.53112e-10
18.5833,2.35249e-10
18.6,2.17304e-10
18.6167,1.99409e-10
18.6333,1.81693e-10
18.65,1.64281e-10
18.6667,1.47292e-10
18.6833,1.30841e-10
18.7,1.15034e-10
18.7167,9.99691e-11
18.7333,8.57377e-11
18.75,7.24216e-11
18.7667,6.00932e-11
18.7833,4.88154e-11
18.8,3.86413e-11
18.8167,2.96138e-11
18.8333,2.17656e-11
18.85,1.51192e-11
18.8667,9.68698e-12
18.8833,5.47131e-12
18.9,2.46478e-12
18.9167,6.50513e-13
18.9333,2.53194e-15
18.95,4.86173e-13
18.9667,2.05858e-12
18.9833,4.66925e-12
19,8.26061e-12
19.0167,1.27686e-11
19.0333,1.81236e-11
19.05,2.42505e-11
19.0667,3.10702e-11
19.0833,3.84999e-11
19.1,4.64537e-11
19.1167,5.48438e-11
19.1333,6.35809e-11
19.15,7.25752e-11
19.1667,8.17367e-11
19.1833,9.09764e-11
19.2,1.00207e-10
19.2167,1.09343e-10
19.2333,1.18301e-10
19.25,1.27004e-10
19.2667,1.35375e-10
19.2833,1.43343e-10
19.3,1.50843e-10
19.3167,1.57815e-10
19.3333,1.64203e-10
19.35,1.69959e-10
19.3667,1.75041e-10
19.3833,1.79413e-10
19.4,1.83045e-10
19.4167,1.85915e-10
19.4333,1.88007e-10
19.45,1.89313e-10
19.4667,1.89831e-10
19.4833,1.89564e-10
19.5,1.88523e-10
19.5167,1.86726e-10
19.5333,1.84196e-10
19.55,1.8096e-10
19.5667,1.77053e-10
19.5833,1.72513e-10
19.6,1.67383e-10
19.6167,1.61711e-10
19.6333,1.55546e-10
19.65,1.48943e-10
19.6667,1.41957e-10
19.6833,1.34647e-10
19.7,1.27072e-10
19.7167,1.19292e-10
19.7333,1.11369e-10
19.75,1.03363e-10
19.7667,9.53336e-11
19.7833,8.73406e-11
19.8,7.94413e-11
19.8167,7.16908e-11
19.8333,6.41422e-11
19.85,5.68454e-11
19.8667,4.98475e-11
19.8833,4.31918e-11
19.9,3.69179e-11
19.9167,3.10615e-11
19.9333,2.5654e-11
19.95,2.07226e-11
19.9667,1.629e-11
19.9833,1.23742e-11
20,8.98878e-12
20.0167,6.1428e-12
20.0333,3.8407e-12
20.05,2.08249e-12
20.0667,8.63859e-13
20.0833,1.76273e-13
20.1,7.17434e-15
20.1167,3.40172e-13
20.1333,1.15526e-12
20.15,2.42908e-12
20.1667,4.13516e-12
20.1833,6.24424e-12
20.2,8.72451e-12
20.2167,1.1542e-11
20.2333,1.46609e-11
20.25,1.80437e-11
20.2667,2.16518e-11
20.2833,2.54457e-11
20.3,2.93855e-11
20.3167,3.34308e-11
20.3333,3.75415e-11
20.35,4.16779e-11
20.3667,4.58011e-11
20.3833,4.98732e-11
20.4,5.38575e-11
20.4167,5.77189e-11
20.4333,6.14244e-11
20.45,6.49428e-11
20.4667,6.82451e-11
20.4833,7.13049e-11
20.5,7.40983e-11
20.5167,7.66042e-11
20.5333,7.88044e-11
20.55,8.06834e-11
20.5667,8.22289e-11
20.5833,8.34316e-11
20.6,8.42851e-11
20.6167,8.47863e-11
20.6333,8.49348e-11
20.65,8.47333e-11
20.6667,8.41872e-11
20.6833,8.33049e-11
20.7,8.20971e-11
20.7167,8.05772e-11
20.7333,7.87607e-11
20.75,7.66655e-11
20.7667,7.43113e-11
20.7833,7.17194e-11
20.8,6.89129e-11
20.8167,6.59159e-11
20.8333,6.27539e-11
20.85,5.94529e-11
20.8667,5.60396e-11
20.8833,5.25413e-11
20.9,4.89852e-11
20.9167,4.53982e-11
20.9333,4.18074e-11
20.95,3.82388e-11
20.9667,3.4718e-11
20.9833,3.12695e-11
21,2.79168e-11
21.0167,2.46818e-11
21.0333,2.15852e-11
21.05,1.86461e-11
21.0667,1.58817e-11
21.0833,1.33076e-11
21.1,1.09375e-11
21.1167,8.78289e-12
21.1333,6.85355e-12
21.15,5.15709e-12
21.1667,3.69909e-12
21.1833,2.48309e-12
21.2,1.51062e-12
21.2167,7.81232e-13
21.2333,2.92538e-13
21.25,4.02928e-14
21.2667,1.84637e-14
21.2833,2.19327e-13
21.3,6.33568e-13
21.3167,1.2504e-12
21.3333,2.05766e-12
21.35,3.04198e-12
21.3667,4.1889e-12
21.3833,5.483e-12
21.4,6.90805e-12
21.4167,8.44717e-12
21.4333,1.0083e-11
21.45,1.17977e-11
21.4667,1.35735e-11
21.4833,1.53922e-11
21.5,1.7236e-11
21.5167,1.90872e-11
21.5333,2.09284e-11
21.55,2.27428e-11
21.5667,2.45141e-11
21.5833,2.62269e-11
21.6,2.78666e-11
21.6167,2.94193e-11
21.6333,3.08725e-11
21.65,3.22146e-11
21.6667,3.34351e-11
21.6833,3.45249e-11
21.7,3.54762e-11
21.7167,3.62823e-11
21.7333,3.69381e-11
21.75,3.74397e-11
21.7667,3.77846e-11
21.7833,3.79717e-11
21.8,3.80011e-11
21.8167,3.78743e-11
21.8333,3.75942e-11
21.85,3.71646e-11
21.8667,3.65906e-11
21.8833,3.58786e-11
21.9,3.50356e-11
21.9167,3.40699e-11
21.9333,3.29905e-11
21.95,3.18071e-11
21.9667,3.05301e-11
21.9833,2.91705e-11
22,2.77398e-11
22.0167,2.62497e-11
22.0333,2.47123e-11
22.05,2.31396e-11
22.0667,2.15439e-11
22.0833,1.99373e-11
22.1,1.83317e-11
22.1167,1.67388e-11
22.1333,1.51699e-11
22.15,1.36358e-11
22.1667,1.2147e-11
22.1833,1.07131e-11
22.2,9.34322e-12
22.2167,8.04569e-12
22.2333,6.82808e-12
22.25,5.69713e-12
22.2667,4.65875e-12
22.2833,3.71793e-12
22.3,2.8788e-12
22.3167,2.14456e-12
22.3333,1.51747e-12
22.35,9.98932e-13
22.3667,5.89404e-13
22.3833,2.88482e-13
22.4,9.49003e-14
22.4167,6.56663e-15
22.4333,2.06005e-14
22.45,1.33374e-13
22.4667,3.40558e-13
22.4833,6.37176e-13
22.5,1.01766e-12
22.5167,1.47589e-12
22.5333,2.00531e-12
22.55,2.59891e-12
22.5667,3.24936e-12
22.5833,3.94905e-12
22.6,4.69016e-12
22.6167,5.46471e-12
22.6333,6.26466e-12
22.65,7.08196e-12
22.6667,7.9086e-12
22.6833,8.7367e-12
22.7,9.55854e-12
22.7167,1.03666e-11
22.7333,1.11538e-11
22.75,1.19133e-11
22.7667,1.26384e-11
22.7833,1.33234e-11
22.8,1.39625e-11
22.8167,1.45507e-11
22.8333,1.50835e-11
22.85,1.5557e-11
22.8667,1.59677e-11
22.8833,1.63128e-11
22.9,1.65902e-11
22.9167,1.67983e-11
22.9333,1.69361e-11
22.95,1.70032e-11
22.9667,1.69999e-11
22.9833,1.69269e-11
23,1.67856e-11
23.0167,1.65779e-11
23.0333,1.63063e-11
23.05,1.59736e-11
23.0667,1.5583e-11
23.0833,1.51385e-11
23.1,1.46441e-11
23.1167,1.41042e-11
23.1333,1.35236e-11
23.15,1.29072e-11
23.1667,1.22602e-11
23.1833,1.15878e-11
23.2,1.08956e-11
23.2167,1.01888e-11
23.2333,9.47303e-12
23.25,8.75363e-12
23.2667,8.03593e-12
23.2833,7.32511e-12
23.3,6.6262e-12
23.3167,5.944e-12
23.3333,5.28308e-12
23.35,4.64774e-12
23.3667,4.04194e-12
23.3833,3.46936e-12
23.4,2.93328e-12
23.4167,2.43665e-12
23.4333,1.982e-12
23.45,1.57149e-12
23.4667,1.20686e-12
23.4833,8.89449e-13
23.5,6.20181e-13
23.5167,3.99577e-13
23.5333,2.27755e-13
23.55,1.0444e-13
23.5667,2.89786e-14
23.5833,3.50169e-16
23.6,1.7185e-14
23.6167,7.77837e-14
23.6333,1.80139e-13
23.65,3.21958e-13
23.6667,5.0069e-13
23.6833,7.13549e-13
23.7,9.57544e-13
23.7167,1.22951e-12
23.7333,1.52613e-12
23.75,1.84397e-12
23.7667,2.17951e-12
23.7833,2.52918e-12
23.8,2.88938e-12
23.8167,3.25649e-12
23.8333,3.62694e-12
23.85,3.99723e-12
23.8667,4.36392e-12
23.8833,4.7237e-12
23.9,5.07338e-12
23.9167,5.40994e-12
23.9333,5.73053e-12
23.95,6.03249e-12
23.9667,6.31339e-12
23.9833,6.57102e-12
24,6.80342e-12
24.0167,7.00886e-12
24.0333,7.1859e-12
24.05,7.33334e-12
24.0667,7.45027e-12
24.0833,7.53605e-12
24.1,7.5903e-12
24.1167,7.61292e-12
24.1333,7.60406e-12
24.15,7.56416e-12
24.1667,7.49386e-12
24.1833,7.39409e-12
24.2,7.26596e-12
24.2167,7.11082e-12
24.2333,6.9302e-12
24.25,6.72583e-12
24.2667,6.49957e-12
24.2833,6.25345e-12
24.3,5.98961e-12
24.3167,5.71029e-12
24.3333,5.41782e-12
24.35,5.11457e-12
24.3667,4.80298e-12
24.3833,4.48548e-12
24.4,4.16451e-12
24.4167,3.84248e-12
24.4333,3.52176e-12
24.45,3.20466e-12
24.4667,2.8934e-12
24.4833,2.59011e-12
24.5,2.29681e-12
24.5167,2.01538e-12
24.5333,1.74758e-12
24.55,1.49501e-12
24.5667,1.2591e-12
24.5833,1.04112e-12
24.6,8.42183e-13
24.6167,6.63199e-13
24.6333,5.04908e-13
24.65,3.67865e-13
24.6667,2.52442e-13
24.6833,1.58829e-13
24.7,8.70373e-14
24.7167,3.69044e-14
24.7333,8.09794e-15
24.75,1.23882e-16
24.7667,1.23337e-14
24.7833,4.39337e-14
24.8,9.39943e-14
24.8167,1.61461e-13
24.8333,2.45167e-13
24.85,3.43842e-13
24.8667,4.56127e-13
24.8833,5.8059e-13
24.9,7.15732e-13
24.9167,8.60006e-13
24.9333,1.01183e-12
24.95,1.1696e-12
24.9667,1.3317e-12
24.9833,1.49652e-12
25,1.66247e-12
25.0167,1.82798e-12
25.0333,1.99152e-12
25.05,2.15163e-12
25.0667,2.3069e-12
25.0833,2.45598e-12
25.1,2.59763e-12
25.1167,2.73068e-12
25.1333,2.85406e-12
25.15,2.96681e-12
25.1667,3.06807e-12
25.1833,3.1571e-12
25.2,3.23329e-12
25.2167,3.29611e-12
25.2333,3.34521e-12
25.25,3.3803e-12
25.2667,3.40127e-12
25.2833,3.40808e-12
25.3,3.40084e-12
25.3167,3.37975e-12
25.3333,3.34515e-12
25.35,3.29747e-12
25.3667,3.23722e-12
25.3833,3.16504e-12
25.4,3.08163e-12
25.4167,2.98777e-12
25.4333,2.88432e-12
25.45,2.7722e-12
25.4667,2.65239e-12
25.4833,2.52588e-12
25.5,2.39373e-12
25.5167,2.25702e-12
25.5333,2.11683e-12
25.55,1.97424e-12
25.5667,1.83036e-12
25.5833,1.68625e-12
25.6,1.54298e-12
25.6167,1.40156e-12
25.6333,1.26298e-12
25.65,1.12819e-12
25.6667,9.98073e-13
25.6833,8.7346e-13
25.7,7.5512e-13
25.7167,6.43753e-13
25.7333,5.39987e-13
25.75,4.44371e-13
25.7667,3.57381e-13
25.7833,2.79407e-13
25.8,2.10762e-13
25.8167,1.51675e-13
25.8333,1.02293e-13
25.85,6.26826e-14
25.8667,3.28299e-14
25.8833,1.26443e-14
25.9,1.95977e-15
25.9167,5.38702e-16
25.9333,8.07518e-15
25.95,2.41992e-14
25.9667,4.84813e-14
25.9833,8.0437e-14
26,1.19532e-13
26.0167,1.6519e-13
26.0333,2.16792e-13
26.05,2.73691e-13
26.0667,3.35209e-13
26.0833,4.00652e-13
26.1,4.69306e-13
26.1167,5.40452e-13
26.1333,6.13367e-13
26.15,6.87332e-13
26.1667,7.61636e-13
26.1833,8.35582e-13
26.2,9.08492e-13
26.2167,9.79714e-13
26.2333,1.04862e-12
26.25,1.11463e-12
26.2667,1.17719e-12
26.2833,1.23577e-12
26.3,1.28993e-12
26.3167,1.33923e-12
26.3333,1.3833e-12
26.35,1.42184e-12
26.3667,1.45456e-12
26.3833,1.48126e-12
26.4,1.50177e-12
26.4167,1.51601e-12
26.4333,1.52391e-12
26.45,1.52547e-12
26.4667,1.52077e-12
26.4833,1.5099e-12
26.5,1.49302e-12
26.5167,1.47033e-12
26.5333,1.44209e-12
26.55,1.40856e-12
26.5667,1.3701e-12
26.5833,1.32704e-12
26.6,1.27978e-12
26.6167,1.22874e-12
26.6333,1.17436e-12
26.65,1.1171e-12
26.6667,1.05742e-12
26.6833,9.95808e-13
26.7,9.32753e-13
26.7167,8.68744e-13
26.7333,8.04266e-13
26.75,7.398e-13
26.7667,6.75815e-13
26.7833,6.12766e-13
26.8,5.5109e-13
26.8167,4.91203e-13
26.8333,4.33499e-13
26.85,3.78342e-13
26.8667,3.2607e-13
26.8833,2.76988e-13
26.9,2.31369e-13
26.9167,1.89452e-13
26.9333,1.5144e-13
26.95,1.17501e-13
26.9667,8.77658e-14
26.9833,6.23278e-14
27,4.12448e-14
27.0167,2.45379e-14
27.0333,1.21929e-14
27.05,4.1611e-15
27.0667,3.6068e-16
27.0833,6.7787e-16
27.1,4.96885e-15
27.1167,1.30616e-14
27.1333,2.47578e-14
27.15,3.98352e-14
27.1667,5.80501e-14
27.1833,7.91393e-14
27.2,1.02823e-13
27.2167,1.28808e-13
27.2333,1.56789e-13
27.25,1.86453e-13
27.2667,2.17479e-13
27.2833,2.49545e-13
27.3,2.82327e-13
27.3167,3.15505e-13
27.3333,3.4876e-13
27.35,3.81783e-13
27.3667,4.14273e-13
27.3833,4.45941e-13
27.4,4.7651e-13
27.4167,5.05721e-13
27.4333,5.3333e-13
27.45,5.59112e-13
27.4667,5.82864e-13
27.4833,6.04401e-13
27.5,6.23565e-13
27.5167,6.40216e-13
27.5333,6.54242e-13
27.55,6.65552e-13
27.5667,6.74082e-13
27.5833,6.79792e-13
27.6,6.82664e-13
27.6167,6.82706e-13
27.6333,6.79948e-13
27.65,6.74445e-13
27.6667,6.6627e-13
27.6833,6.5552e-13
27.7,6.42309e-13
27.7167,6.2677e-13
27.7333,6.09052e-13
27.75,5.89319e-13
27.7667,5.67749e-13
27.7833,5.44532e-13
27.8,5.19865e-13
27.8167,4.93955e-13
27.8333,4.67015e-13
27.85,4.39261e-13
27.8667,4.10912e-13
27.8833,3.82187e-13
27.9,3.53303e-13
27.9167,3.24473e-13
27.9333,2.95907e-13
27.95,2.67807e-13
27.9667,2.40366e-13
27.9833,2.13768e-13
28,1.88187e-13
28.0167,1.63783e-13
28.0333,1.40703e-13
28.05,1.19082e-13
28.0667,9.90371e-14
28.0833,8.06727e-14
28.1,6.40757e-14
28.1167,4.93173e-14
28.1333,3.6452e-14
28.15,2.55183e-14
28.1667,1.65379e-14
28.1833,9.51665e-15
28.2,4.44452e-15
28.2167,1.29618e-15
28.2333,3.15748e-17
28.25,5.96557e-16
28.2667,2.92371e-15
28.2833,6.93316e-15
28.3,1.25336e-14
28.3167,1.96231e-14
28.3333,2.80904e-14
28.35,3.78159e-14
28.3667,4.86729e-14
28.3833,6.05285e-14
28.4,7.32452e-14
28.4167,8.66818e-14
28.4333,1.00695e-13
28.45,1.15139e-13
28.4667,1.29871e-13
28.4833,1.44746e-13
28.5,1.59623e-13
28.5167,1.74364e-13
28.5333,1.88836e-13
28.55,2.0291e-13
28.5667,2.16464e-13
28.5833,2.29384e-13
28.6,2.41563e-13
28.6167,2.52901e-13
28.6333,2.6331e-13
28.65,2.72711e-13
28.6667,2.81032e-13
28.6833,2.88217e-13
28.7,2.94215e-13
28.7167,2.9899e-13
28.7333,3.02515e-13
28.75,3.04774e-13
28.7667,3.05763e-13
28.7833,3.05487e-13
28.8,3.03962e-13
28.8167,3.01215e-13
28.8333,2.97281e-13
28.85,2.92206e-13
28.8667,2.86041e-13
28.8833,2.78849e-13
28.9,2.70699e-13
28.9167,2.61664e-13
28.9333,2.51827e-13
28.95,2.41272e-13
28.9667,2.30089e-13
28.9833,2.18372e-13
29,2.06216e-13
29.0167,1.93719e-13
29.0333,1.80979e-13
29.05,1.68092e-13
29.0667,1.55157e-13
29.0833,1.42269e-13
29.1,1.2952e-13
29.1167,1.17e-13
29.1333,1.04795e-13
29.15,9.29864e-14
29.1667,8.165e-14
29.1833,7.08565e-14
29.2,6.06708e-14
29.2167,5.1151e-14
29.2333,4.23486e-14
29.25,3.43082e-14
29.2667,2.70673e-14
29.2833,2.0656e-14
29.3,1.50969e-14
29.3167,1.04056e-14
29.3333,6.59016e-15
29.35,3.65143e-15
29.3667,1.58335e-15
29.3833,3.72996e-16
29.4,9.36391e-19
29.4167,4.41508e-16
29.4333,1.66318e-15
29.45,3.62897e-15
29.4667,6.29681e-15
29.4833,9.62009e-15
29.5,1.35481e-14
29.5167,1.80264e-14
29.5333,2.29976e-14
29.55,2.84017e-14
29.5667,3.41767e-14
29.5833,4.0259e-14
29.6,4.65843e-14
29.6167,5.30877e-14
29.6333,5.97045e-14
29.65,6.63706e-14
29.6667,7.3023e-14
29.6833,7.96003e-14
29.7,8.60434e-14
29.7167,9.22954e-14
29.7333,9.83024e-14
29.75,1.04014e-13
29.7667,1.09382e-13
29.7833,1.14365e-13
29.8,1.18923e-13
29.8167,1.23022e-13
29.8333,1.26631e-13
29.85,1.29726e-13
29.8667,1.32285e-13
29.8833,1.34293e-13
29.9,1.35739e-13
29.9167,1.36617e-13
29.9333,1.36927e-13
29.95,1.36672e-13
29.9667,1.3586e-13
29.9833,1.34504e-13
30,1.32622e-13
30.0167,1.30233e-13
30.0333,1.27362e-13
30.05,1.24039e-13
30.0667,1.20294e-13
30.0833,1.16161e-13
30.1,1.11678e-13
30.1167,1.06883e-13
30.1333,1.01816e-13
30.15,9.65197e-14
30.1667,9.10373e-14
30.1833,8.54122e-14
30.2,7.96884e-14
30.2167,7.39095e-14
30.2333,6.81189e-14
30.25,6.23591e-14
30.2667,5.66712e-14
30.2833,5.1095e-14
30.3,4.56685e-14
30.3167,4.04276e-14
30.3333,3.54058e-14
30.35,3.06341e-14
30.3667,2.61409e-14
30.3833,2.19516e-14
30.4,1.80884e-14
30.4167,1.45706e-14
30.4333,1.14143e-14
30.45,8.63202e-15
30.4667,6.23332e-15
30.4833,4.22429e-15
30.5,2.60781e-15
30.5167,1.38353e-15
30.5333,5.48014e-16
30.55,9.47748e-17
30.5667,1.44474e-17
30.5833,2.94913e-16
30.6,9.21465e-16
30.6167,1.87699e-15
30.6333,3.14217e-15
30.65,4.69568e-15
30.6667,6.51438e-15
30.6833,8.57361e-15
30.7,1.08474e-14
30.7167,1.33085e-14
30.7333,1.59291e-14
30.75,1.86807e-14
30.7667,2.15342e-14
30.7833,2.44607e-14
30.8,2.74313e-14
30.8167,3.04172e-14
30.8333,3.33905e-14
30.85,3.6324e-14
30.8667,3.91912e-14
30.8833,4.19671e-14
30.9,4.46279e-14
30.9167,4.71513e-14
30.9333,4.95165e-14
30.95,5.17047e-14
30.9667,5.36989e-14
30.9833,5.54841e-14
31,5.70472e-14
31.0167,5.83775e-14
31.0333,5.94662e-14
31.05,6.03069e-14
31.0667,6.08952e-14
31.0833,6.1229e-14
31.1,6.13084e-14
31.1167,6.11355e-14
31.1333,6.07144e-14
31.15,6.00514e-14
31.1667,5.91544e-14
31.1833,5.80333e-14
31.2,5.66995e-14
31.2167,5.51659e-14
31.2333,5.3447e-14
31.25,5.15582e-14
31.2667,4.95164e-14
31.2833,4.73391e-14
31.3,4.50446e-14
31.3167,4.26519e-14
31.3333,4.01804e-14
31.35,3.76495e-14
31.3667,3.5079e-14
31.3833,3.24884e-14
31.4,2.9897e-14
31.4167,2.73238e-14
31.4333,2.4787e-14
31.45,2.23043e-14
31.4667,1.98925e-14
31.4833,1.75674e-14
31.5,1.53437e-14
31.5167,1.32351e-14
31.5333,1.1254e-14
31.55,9.41143e-15
31.5667,7.71704e-15
31.5833,6.17911e-15
31.6,4.80448e-15
31.6167,3.5985e-15
31.6333,2.56502e-15
31.65,1.70647e-15
31.6667,1.02379e-15
31.6833,5.16487e-16
31.7,1.82709e-16
31.7167,1.92416e-17
31.7333,2.15976e-17
31.75,1.84072e-16
31.7667,4.99822e-16
31.7833,9.60945e-16
31.8,1.55857e-15
31.8167,2.28295e-15
31.8333,3.12355e-15
31.85,4.06919e-15
31.8667,5.10809e-15
31.8833,6.22801e-15
31.9,7.41638e-15
31.9167,8.66035e-15
31.9333,9.94695e-15
31.95,1.12632e-14
31.9667,1.25961e-14
31.9833,1.3933e-14
32,1.52613e-14
32.0167,1.6569e-14
32.0333,1.78444e-14
32.05,1.90763e-14
32.0667,2.02543e-14
32.0833,2.13685e-14
32.1,2.24098e-14
32.1167,2.337e-14
32.1333,2.42417e-14
32.15,2.50183e-14
32.1667,2.56943e-14
32.1833,2.6265e-14
32.2,2.67268e-14
32.2167,2.7077e-14
32.2333,2.73138e-14
32.25,2.74366e-14
32.2667,2.74456e-14
32.2833,2.7342e-14
32.3,2.71279e-14
32.3167,2.68061e-14
32.3333,2.63806e-14
32.35,2.58558e-14
32.3667,2.5237e-14
32.3833,2.45303e-14
32.4,2.37421e-14
32.4167,2.28797e-14
32.4333,2.19504e-14
32.45,2.09624e-14
32.4667,1.99239e-14
32.4833,1.88434e-14
32.5,1.77297e-14
32.5167,1.65914e-14
32.5333,1.54375e-14
32.55,1.42765e-14
32.5667,1.31173e-14
32.5833,1.19681e-14
32.6,1.08371e-14
32.6167,9.73211e-15
32.6333,8.66056e-15
32.65,7.62942e-15
32.6667,6.64519e-15
32.6833,5.71385e-15
32.7,4.84079e-15
32.7167,4.03083e-15
32.7333,3.28817e-15
32.75,2.61634e-15
32.7667,2.01826e-15
32.7833,1.49615e-15
32.8,1.05162e-15
32.8167,6.85568e-16
32.8333,3.98278e-16
32.85,1.89388e-16
32.8667,5.79171e-17
32.8833,2.29356e-18
32.9,2.03768e-17
32.9167,1.0949e-16
32.9333,2.66454e-16
32.95,4.87626e-16
32.9667,7.68937e-16
32.9833,1.10594e-15
33,1.49384e-15
33.0167,1.92756e-15
33.0333,2.40178e-15
33.05,2.91098e-15
33.0667,3.44949e-15
33.0833,4.01154e-15
33.1,4.59133e-15
33.1167,5.18302e-15
33.1333,5.78085e-15
33.15,6.37913e-15
33.1667,6.9723e-15
33.1833,7.55497e-15
33.2,8.12198e-15
33.2167,8.66842e-15
33.2333,9.18963e-15
33.25,9.6813e-15
33.2667,1.01394e-14
33.2833,1.05604e-14
33.3,1.09411e-14
33.3167,1.12785e-14
33.3333,1.15704e-14
33.35,1.18147e-14
33.3667,1.20099e-14
33.3833,1.21549e-14
33.4,1.2249e-14
33.4167,1.2292e-14
33.4333,1.22842e-14
33.45,1.22261e-14
33.4667,1.21188e-14
33.4833,1.19637e-14
33.5,1.17625e-14
33.5167,1.15174e-14
33.5333,1.12309e-14
33.55,1.09056e-14
33.5667,1.05446e-14
33.5833,1.0151e-14
33.6,9.72842e-15
33.6167,9.28034e-15
33.6333,8.81053e-15
33.65,8.32283e-15
33.6667,7.82115e-15
33.6833,7.30942e-15
33.7,6.79158e-15
33.7167,6.27153e-15
33.7333,5.75311e-15
33.75,5.24007e-15
33.7667,4.736e-15
33.7833,4.24438e-15
33.8,3.76848e-15
33.8167,3.31138e-15
33.8333,2.87594e-15
33.85,2.46477e-15
33.8667,2.08023e-15
33.8833,1.72442e-15
33.9,1.39913e-15
33.9167,1.1059e-15
33.9333,8.45959e-16
33.95,6.20235e-16
33.9667,4.29369e-16
33.9833,2.73706e-16
34,1.53301e-16
34.0167,6.79279e-17
34.0333,1.70838e-17
34.05,4.0644e-21
34.0667,1.56726e-17
34.0833,6.28366e-17
34.1,1.40022e-16
34.1167,2.45551e-16
34.1333,3.7756e-16
34.15,5.34019e-16
34.1667,7.12751e-16
34.1833,9.11453e-16
34.2,1.12772e-15
34.2167,1.35906e-15
34.2333,1.60293e-15
34.25,1.85673e-15
34.2667,2.11786e-15
34.2833,2.38372e-15
34.3,2.65172e-15
34.3167,2.91933e-15
34.3333,3.18408e-15
34.35,3.44359e-15
34.3667,3.69555e-15
34.3833,3.93779e-15
34.4,4.16828e-15
34.4167,4.3851e-15
34.4333,4.58651e-15
34.45,4.77094e-15
34.4667,4.93697e-15
34.4833,5.0834e-15
34.5,5.20918e-15
34.5167,5.31348e-15
34.5333,5.39565e-15
34.55,5.45526e-15
34.5667,5.49206e-15
34.5833,5.50598e-15
34.6,5.49716e-15
34.6167,5.46593e-15
34.6333,5.41279e-15
34.65,5.33841e-15
34.6667,5.24361e-15
34.6833,5.1294e-15
34.7,4.99688e-15
34.7167,4.84732e-15
34.7333,4.68209e-15
34.75,4.50266e-15
34.7667,4.31057e-15
34.7833,4.10747e-15
34.8,3.89504e-15
34.8167,3.675e-15
34.8333,3.44911e-15
34.85,3.21914e-15
34.8667,2.98684e-15
34.8833,2.75396e-15
34.9,2.52221e-15
34.9167,2.29325e-15
34.9333,2.06868e-15
34.95,1.85004e-15
34.9667,1.63877e-15
34.9833,1.43623e-15
35,1.24367e-15
35.0167,1.06224e-15
35.0333,8.92973e-16
35.05,7.36768e-16
35.0667,5.94409e-16
35.0833,4.66546e-16
35.1,3.53701e-16
35.1167,2.5626e-16
35.1333,1.74479e-16
35.15,1.08481e-16
35.1667,5.82603e-17
35.1833,2.36868e-17
35.2,4.5073e-18
35.2167,3.52172e-19
35.2333,1.07409e-17
35.25,3.50884e-17
35.2667,7.27125e-17
35.2833,1.22841e-16
35.3,1.84622e-16
35.3167,2.57129e-16
35.3333,3.39373e-16
35.35,4.30311e-16
35.3667,5.28857e-16
35.3833,6.33887e-16
35.4,7.44255e-16
35.4167,8.58799e-16
35.4333,9.7635e-16
35.45,1.09574e-15
35.4667,1.21583e-15
35.4833,1.33548e-15
35.5,1.45359e-15
35.5167,1.5691e-15
35.5333,1.681e-15
35.55,1.78833e-15
35.5667,1.89019e-15
35.5833,1.98574e-15
35.6,2.07421e-15
35.6167,2.15492e-15
35.6333,2.22725e-15
35.65,2.29069e-15
35.6667,2.34479e-15
35.6833,2.38918e-15
35.7,2.42362e-15
35.7167,2.44791e-15
35.7333,2.46198e-15
35.75,2.4658e-15
35.7667,2.45947e-15
35.7833,2.44315e-15
35.8,2.41707e-15
35.8167,2.38157e-15
35.8333,2.33702e-15
35.85,2.28388e-15
35.8667,2.22268e-15
35.8833,2.15399e-15
35.9,2.07843e-15
35.9167,1.99666e-15
35.9333,1.90941e-15
35.95,1.81739e-15
35.9667,1.72137e-15
35.9833,1.62214e-15
36,1.52047e-15
36.0167,1.41715e-15
36.0333,1.31299e-15
36.05,1.20874e-15
36.0667,1.10518e-15
36.0833,1.00304e-15
36.1,9.03029e-16
36.1167,8.05831e-16
36.1333,7.12083e-16
36.15,6.22381e-16
36.1667,5.37278e-16
36.1833,4.57272e-16
36.2,3.82812e-16
36.2167,3.14292e-16
36.2333,2.52048e-16
36.25,1.96357e-16
36.2667,1.47438e-16
36.2833,1.05451e-16
36.3,7.04962e-17
36.3167,4.26148e-17
36.3333,2.17912e-17
36.35,7.9535e-18
36.3667,9.75959e-19
36.3833,6.80985e-19
36.4,6.84197e-18
36.4167,1.91863e-17
36.4333,3.73984e-17
36.45,6.11238e-17
36.4667,8.99723e-17
36.4833,1.23522e-16
36.5,1.61325e-16
36.5167,2.02907e-16
36.5333,2.47779e-16
36.55,2.95433e-16
36.5667,3.45356e-16
36.5833,3.97024e-16
36.6,4.49915e-16
36.6167,5.03508e-16
36.6333,5.5729e-16
36.65,6.10757e-16
36.6667,6.63421e-16
36.6833,7.14812e-16
36.7,7.64481e-16
36.7167,8.12003e-16
36.7333,8.56981e-16
36.75,8.99049e-16
36.7667,9.37872e-16
36.7833,9.73149e-16
36.8,1.00462e-15
36.8167,1.03205e-15
36.8333,1.05525e-15
36.85,1.07408e-15
36.8667,1.08843e-15
36.8833,1.09822e-15
36.9,1.10342e-15
36.9167,1.10404e-15
36.9333,1.10013e-15
36.95,1.09176e-15
36.9667,1.07906e-15
36.9833,1.06218e-15
37,1.04129e-15
37.0167,1.0166e-15
37.0333,9.88364e-16
37.05,9.56835e-16
37.0667,9.22299e-16
37.0833,8.85061e-16
37.1,8.45438e-16
37.1167,8.03766e-16
37.1333,7.60385e-16
37.15,7.15645e-16
37.1667,6.699e-16
37.1833,6.23505e-16
37.2,5.7681e-16
37.2167,5.30162e-16
37.2333,4.83901e-16
37.25,4.38354e-16
37.2667,3.93837e-16
37.2833,3.5065e-16
37.3,3.09073e-16
37.3167,2.69371e-16
37.3333,2.31783e-16
37.35,1.9653e-16
37.3667,1.63806e-16
37.3833,1.33781e-16
37.4,1.06599e-16
37.4167,8.23781e-17
37.4333,6.12107e-17
37.45,4.31615e-17
37.4667,2.8269e-17
37.4833,1.65456e-17
37.5,7.97812e-18
37.5167,2.52842e-18
37.5333,1.34449e-19
37.55,7.1126e-19
37.5667,4.15223e-18
37.5833,1.03304e-17
37.6,1.91002e-17
37.6167,3.02986e-17
37.6333,4.37474e-17
37.65,5.92545e-17
37.6667,7.6616e-17
37.6833,9.56181e-17
37.7,1.16039e-16
37.7167,1.37651e-16
37.7333,1.60222e-16
37.75,1.83519e-16
37.7667,2.07306e-16
37.7833,2.31352e-16
37.8,2.55426e-16
37.8167,2.79306e-16
37.8333,3.02775e-16
37.85,3.25622e-16
37.8667,3.47651e-16
37.8833,3.68674e-16
37.9,3.88517e-16
37.9167,4.07017e-16
37.9333,4.2403e-16
37.95,4.39424e-16
37.9667,4.53084e-16
37.9833,4.64915e-16
38,4.74834e-16
38.0167,4.8278e-16
38.0333,4.88708e-16
38.05,4.92589e-16
38.0667,4.94415e-16
38.0833,4.94193e-16
38.1,4.91947e-16
38.1167,4.87717e-16
38.1333,4.81561e-16
38.15,4.73547e-16
38.1667,4.63763e-16
38.1833,4.52304e-16
38.2,4.39282e-16
38.2167,4.24816e-16
38.2333,4.09035e-16
38.25,3.92078e-16
38.2667,3.7409e-16
38.2833,3.55221e-16
38.3,3.35625e-16
38.3167,3.15459e-16
38.3333,2.94882e-16
38.35,2.74053e-16
38.3667,2.53128e-16
38.3833,2.32263e-16
38.4,2.11608e-16
38.4167,1.91308e-16
38.4333,1.71504e-16
38.45,1.52328e-16
38.4667,1.33903e-16
38.4833,1.16346e-16
38.5,9.97617e-17
38.5167,8.42459e-17
38.5333,6.98832e-17
38.55,5.67468e-17
38.5667,4.48986e-17
38.5833,3.43886e-17
38.6,2.52548e-17
38.6167,1.75235e-17
38.6333,1.12088e-17
38.65,6.31353e-18
38.6667,2.82889e-18
38.6833,7.35072e-19
38.7,1.64686e-21
38.7167,5.88049e-19
38.7333,2.44415e-18
38.75,5.5109e-18
38.7667,9.721e-18
38.7833,1.49996e-17
38.8,2.12653e-17
38.8167,2.84304e-17
38.8333,3.64025e-17
38.85,4.50848e-17
38.8667,5.4377e-17
38.8833,6.41767e-17
38.9,7.43795e-17
38.9167,8.48804e-17
38.9333,9.55746e-17
38.95,1.06358e-16
38.9667,1.17129e-16
38.9833,1.27787e-16
39,1.38237e-16
39.0167,1.48385e-16
39.0333,1.58145e-16
39.05,1.67433e-16
39.0667,1.76173e-16
39.0833,1.84294e-16
39.1,1.91733e-16
39.1167,1.98432e-16
39.1333,2.04344e-16
39.15,2.09425e-16
39.1667,2.13641e-16
39.1833,2.16968e-16
39.2,2.19386e-16
39.2167,2.20885e-16
39.2333,2.21464e-16
39.25,2.21127e-16
39.2667,2.19887e-16
39.2833,2.17764e-16
39.3,2.14786e-16
39.3167,2.10984e-16
39.3333,2.064e-16
39.35,2.01079e-16
39.3667,1.9507e-16
39.3833,1.88429e-16
39.4,1.81215e-16
39.4167,1.73491e-16
39.4333,1.65322e-16
39.45,1.56776e-16
39.4667,1.47924e-16
39.4833,1.38834e-16
39.5,1.2958e-16
39.5167,1.2023e-16
39.5333,1.10857e-16
39.55,1.01529e-16
39.5667,9.2312e-17
39.5833,8.32716e-17
39.6,7.44693e-17
39.6167,6.59637e-17
39.6333,5.78092e-17
39.65,5.00566e-17
39.6667,4.27521e-17
39.6833,3.5937e-17
39.7,2.96481e-17
39.7167,2.39168e-17
39.7333,1.87694e-17
39.75,1.42269e-17
39.7667,1.03048e-17
39.7833,7.0136e-18
39.8,4.35815e-18
39.8167,2.33828e-18
39.8333,9.48696e-19
39.85,1.79191e-19
39.8667,1.48565e-20
39.8833,4.36304e-19
39.9,1.41993e-18
39.9167,2.9382e-18
39.9333,4.95999e-18
39.95,7.45087e-18
39.9667,1.03735e-17
39.9833,1.3688e-17
40,1.73523e-17
40.0167,2.13225e-17
40.0333,2.55534e-17
40.05,2.99987e-17
40.0667,3.46115e-17
40.0833,3.93447e-17
40.1,4.41514e-17
40.1167,4.89851e-17
40.1333,5.38003e-17
40.15,5.85527e-17
40.1667,6.31996e-17
40.1833,6.77001e-17
40.2,7.20155e-17
40.2167,7.61095e-17
40.2333,7.99484e-17
40.25,8.35015e-17
40.2667,8.6741e-17
40.2833,8.96425e-17
40.3,9.21847e-17
40.3167,9.435e-17
40.3333,9.61242e-17
40.35,9.74965e-17
40.3667,9.84599e-17
40.3833,9.90108e-17
40.4,9.91492e-17
40.4167,9.88784e-17
40.4333,9.82051e-17
40.45,9.71393e-17
40.4667,9.56939e-17
40.4833,9.38847e-17
40.5,9.17303e-17
40.5167,8.92516e-17
40.5333,8.6472e-17
40.55,8.34167e-17
40.5667,8.01127e-17
40.5833,7.65886e-17
40.6,7.28742e-17
40.6167,6.90002e-17
40.6333,6.4998e-17
40.65,6.08994e-17
40.6667,5.67364e-17
40.6833,5.25407e-17
40.7,4.83436e-17
40.7167,4.41759e-17
40.7333,4.00674e-17
40.75,3.60466e-17
40.7667,3.21409e-17
40.7833,2.8376e-17
40.8,2.47758e-17
40.8167,2.13626e-17
40.8333,1.81564e-17
40.85,1.5175e-17
40.8667,1.24344e-17
40.8833,9.94783e-18
40.9,7.72638e-18
40.9167,5.77872e-18
40.9333,4.11111e-18
40.95,2.7274e-18
40.9667,1.62909e-18
40.9833,8.15343e-19
41,2.83072e-19
41.0167,2.70052e-20
41.0333,3.97848e-20
41.05,3.12078e-19
41.0667,8.32698e-19
41.0833,1.58874e-18
41.1,2.56572e-18
41.1167,3.74773e-18
41.1333,5.11762e-18
41.15,6.65711e-18
41.1667,8.34703e-18
41.1833,1.01675e-17
41.2,1.20979e-17
41.2167,1.41174e-17
41.2333,1.62049e-17
41.25,1.83393e-17
41.2667,2.04995e-17
41.2833,2.26648e-17
41.3,2.48148e-17
41.3167,2.693e-17
41.3333,2.89914e-17
41.35,3.0981e-17
41.3667,3.28817e-17
41.3833,3.46776e-17
41.4,3.6354e-17
41.4167,3.78977e-17
41.4333,3.92965e-17
41.45,4.05401e-17
41.4667,4.16195e-17
41.4833,4.25273e-17
41.5,4.32576e-17
41.5167,4.38062e-17
41.5333,4.41705e-17
41.55,4.43495e-17
41.5667,4.43438e-17
41.5833,4.41553e-17
41.6,4.37876e-17
41.6167,4.32458e-17
41.6333,4.2536e-17
41.65,4.16659e-17
41.6667,4.06442e-17
41.6833,3.94808e-17
41.7,3.81864e-17
41.7167,3.67728e-17
41.7333,3.52523e-17
41.75,3.36381e-17
41.7667,3.19437e-17
41.7833,3.01831e-17
41.8,2.83704e-17
41.8167,2.652e-17
41.8333,2.46462e-17
41.85,2.27634e-17
41.8667,2.08854e-17
41.8833,1.9026e-17
41.9,1.71983e-17
41.9167,1.54151e-17
41.9333,1.36883e-17
41.95,1.20292e-17
41.9667,1.04482e-17
41.9833,8.95503e-18
42,7.55826e-18
42.0167,6.26559e-18
42.0333,5.08368e-18
42.05,4.01811e-18
42.0667,3.07343e-18
42.0833,2.25308e-18
42.1,1.55942e-18
42.1167,9.9375e-19
42.1333,5.56283e-19
42.15,2.46211e-19
42.1667,6.17142e-20
42.1833,9.07585e-24
42.2,5.73891e-20
42.2167,2.29279e-19
42.2333,5.10292e-19
42.25,8.94292e-19
42.2667,1.37446e-18
42.2833,1.94338e-18
42.3,2.59307e-18
42.3167,3.31511e-18
42.3333,4.1007e-18
42.35,4.94073e-18
42.3667,5.82587e-18
42.3833,6.74665e-18
42.4,7.69353e-18
42.4167,8.657e-18
42.4333,9.62762e-18
42.45,1.05962e-17
42.4667,1.15536e-17
42.4833,1.24911e-17
42.5,1.34005e-17
42.5167,1.42738e-17
42.5333,1.51035e-17
42.55,1.58827e-17
42.5667,1.66052e-17
42.5833,1.72652e-17
42.6,1.78575e-17
42.6167,1.8378e-17
42.6333,1.88227e-17
42.65,1.91888e-17
42.6667,1.9474e-17
42.6833,1.96768e-17
42.7,1.97963e-17
42.7167,1.98324e-17
42.7333,1.97859e-17
42.75,1.96578e-17
42.7667,1.94502e-17
42.7833,1.91657e-17
42.8,1.88074e-17
42.8167,1.8379e-17
42.8333,1.78847e-17
42.85,1.73293e-17
42.8667,1.67178e-17
42.8833,1.60557e-17
42.9,1.53487e-17
42.9167,1.4603e-17
42.9333,1.38247e-17
42.95,1.30203e-17
42.9667,1.21961e-17
42.9833,1.13587e-17
43,1.05146e-17
43.0167,9.67008e-18
43.0333,8.83148e-18
43.05,8.00482e-18
43.0667,7.19596e-18
43.0833,6.41044e-18
43.1,5.6535e-18
43.1167,4.93004e-18
43.1333,4.24456e-18
43.15,3.60114e-18
43.1667,3.00342e-18
43.1833,2.45461e-18
43.2,1.95742e-18
43.2167,1.51408e-18
43.2333,1.12632e-18
43.25,7.95393e-19
43.2667,5.22056e-19
43.2833,3.06573e-19
43.3,1.48734e-19
43.3167,4.78675e-20
43.3333,2.85148e-21
43.35,1.21385e-20
43.3667,7.37766e-20
43.3833,1.85435e-19
43.4,3.4443e-19
43.4167,5.47761e-19
43.4333,7.92135e-19
43.45,1.07401e-18
43.4667,1.3896e-18
43.4833,1.73498e-18
43.5,2.10603e-18
43.5167,2.49854e-18
43.5333,2.90822e-18
43.55,3.33076e-18
43.5667,3.76181e-18
43.5833,4.19709e-18
43.6,4.63236e-18
43.6167,5.0635e-18
43.6333,5.48651e-18
43.65,5.89755e-18
43.6667,6.29299e-18
43.6833,6.66938e-18
43.7,7.02354e-18
43.7167,7.35252e-18
43.7333,7.65369e-18
43.75,7.92467e-18
43.7667,8.16341e-18
43.7833,8.36817e-18
43.8,8.53754e-18
43.8167,8.67045e-18
43.8333,8.76613e-18
43.85,8.82417e-18
43.8667,8.84448e-18
43.8833,8.8273e-18
43.9,8.77317e-18
43.9167,8.68294e-18
43.9333,8.55774e-18
43.95,8.39899e-18
43.9667,8.20836e-18
43.9833,7.98775e-18
44,7.73929e-18
44.0167,7.46529e-18
44.0333,7.16823e-18
44.05,6.85075e-18
44.0667,6.5156e-18
44.0833,6.16563e-18
44.1,5.80374e-18
44.1167,5.4329e-18
44.1333,5.05607e-18
44.15,4.67621e-18
44.1667,4.29624e-18
44.1833,3.91903e-18
44.2,3.54736e-18
44.2167,3.18389e-18
44.2333,2.83116e-18
44.25,2.49158e-18
44.2667,2.16738e-18
44.2833,1.8606e-18
44.3,1.57312e-18
44.3167,1.30659e-18
44.3333,1.06245e-18
44.35,8.41926e-19
44.3667,6.46022e-19
44.3833,4.75507e-19
44.4,3.30921e-19
44.4167,2.12578e-19
44.4333,1.20565e-19
44.45,5.47485e-20
44.4667,1.47799e-20
44.4833,1.04453e-22
44.5,9.96993e-21
44.5167,4.3438e-20
44.5333,9.93963e-20
44.55,1.76572e-19
44.5667,2.73545e-19
44.5833,3.88764e-19
44.6,5.20565e-19
44.6167,6.67182e-19
44.6333,8.26769e-19
44.65,9.97414e-19
44.6667,1.17716e-18
44.6833,1.36402e-18
44.7,1.55599e-18
44.7167,1.75107e-18
44.7333,1.94729e-18
44.75,2.14271e-18
44.7667,2.33544e-18
44.7833,2.52367e-18
44.8,2.70566e-18
44.8167,2.87975e-18
44.8333,3.04441e-18
44.85,3.19822e-18
44.8667,3.33987e-18
44.8833,3.46821e-18
44.9,3.5822e-18
44.9167,3.68098e-18
44.9333,3.76382e-18
44.95,3.83015e-18
44.9667,3.87954e-18
44.9833,3.91175e-18
45,3.92667e-18
45.0167,3.92434e-18
45.0333,3.90498e-18
45.05,3.86892e-18
45.0667,3.81665e-18
45.0833,3.74878e-18
45.1,3.66606e-18
45.1167,3.56933e-18
45.1333,3.45958e-18
45.15,3.33784e-18
45.1667,3.20526e-18
45.1833,3.06306e-18
45.2,2.91252e-18
45.2167,2.75495e-18
45.2333,2.59171e-18
45.25,2.42419e-18
45.2667,2.25378e-18
45.2833,2.08187e-18
45.3,1.90983e-18
45.3167,1.73901e-18
45.3333,1.57072e-18
45.35,1.40621e-18
45.3667,1.2467e-18
45.3833,1.0933e-18
45.4,9.47074e-19
45.4167,8.08988e-19
45.4333,6.79914e-19
45.45,5.6063e-19
45.4667,4.51809e-19
45.4833,3.54017e-19
45.5,2.67712e-19
45.5167,1.93242e-19
45.5333,1.30842e-19
45.55,8.06371e-20
45.5667,4.26433e-20
45.5833,1.67697e-20
45.6,2.82167e-21
45.6167,5.04912e-22
45.6333,9.43059e-21
45.65,2.91207e-20
45.6667,5.90142e-20
45.6833,9.84742e-20
45.7,1.46795e-19
45.7167,2.03208e-19
45.7333,2.66895e-19
45.75,3.3699e-19
45.7667,4.12593e-19
45.7833,4.92775e-19
45.8,5.76588e-19
45.8167,6.63076e-19
45.8333,7.5128e-19
45.85,8.40248e-19
45.8667,9.29044e-19
45.8833,1.01675e-18
45.9,1.1025e-18
45.9167,1.18543e-18
45.9333,1.26475e-18
45.95,1.33971e-18
45.9667,1.40961e-18
45.9833,1.47383e-18
46,1.5318e-18
46.0167,1.58303e-18
46.0333,1.62708e-18
46.05,1.66361e-18
46.0667,1.69236e-18
46.0833,1.71312e-18
46.1,1.72578e-18
46.1167,1.7303e-18
46.1333,1.72672e-18
46.15,1.71515e-18
46.1667,1.69577e-18
46.1833,1.66885e-18
46.2,1.6347e-18
46.2167,1.59369e-18
46.2333,1.54628e-18
46.25,1.49295e-18
46.2667,1.43423e-18
46.2833,1.3707e-18
46.3,1.30298e-18
46.3167,1.2317e-18
46.3333,1.15754e-18
46.35,1.08115e-18
46.3667,1.00323e-18
46.3833,9.2447e-19
46.4,8.45545e-19
46.4167,7.67129e-19
46.4333,6.89874e-19
46.45,6.1441e-19
46.4667,5.41339e-19
46.4833,4.71226e-19
46.5,4.04599e-19
46.5167,3.41939e-19
46.5333,2.83683e-19
46.55,2.30214e-19
46.5667,1.81864e-19
46.5833,1.38906e-19
46.6,1.01556e-19
46.6167,6.99741e-20
46.6333,4.42582e-20
46.65,2.44493e-20
46.6667,1.05302e-20
46.6833,2.42736e-21
46.7,1.26433e-23
46.7167,3.10586e-21
46.7333,1.14775e-20
46.75,2.48521e-20
46.7667,4.29118e-20
46.7833,6.53004e-20
46.8,9.16274e-20
46.8167,1.21473e-19
46.8333,1.54392e-19
46.85,1.8992e-19
46.8667,2.27577e-19
46.8833,2.66872e-19
46.9,3.0731e-19
46.9167,3.48396e-19
46.9333,3.89639e-19
46.95,4.30557e-19
46.9667,4.70684e-19
46.9833,5.0957e-19
47,5.46789e-19
47.0167,5.8194e-19
47.0333,6.14653e-19
47.05,6.44589e-19
47.0667,6.71448e-19
47.0833,6.94963e-19
47.1,7.14912e-19
47.1167,7.31111e-19
47.1333,7.43421e-19
47.15,7.51744e-19
47.1667,7.56028e-19
47.1833,7.56263e-19
47.2,7.52482e-19
47.2167,7.4476e-19
47.2333,7.33211e-19
47.25,7.17991e-19
47.2667,6.99289e-19
47.2833,6.77328e-19
47.3,6.52364e-19
47.3167,6.2468e-19
47.3333,5.94583e-19
47.35,5.624e-19
47.3667,5.28477e-19
47.3833,4.93171e-19
47.4,4.56851e-19
47.4167,4.19889e-19
47.4333,3.82658e-19
47.45,3.45529e-19
47.4667,3.08864e-19
47.4833,2.73015e-19
47.5,2.38319e-19
47.5167,2.05096e-19
47.5333,1.73642e-19
47.55,1.4423e-19
47.5667,1.17103e-19
47.5833,9.24776e-20
47.6,7.05349e-20
47.6167,5.14238e-20
47.6333,3.52577e-20
47.65,2.2114e-20
47.6667,1.20334e-20
47.6833,5.02027e-21
47.7,1.04293e-21
47.7167,3.44263e-23
47.7333,1.89393e-21
47.75,6.48849e-21
47.7667,1.36551e-20
47.7833,2.3203e-20
47.8,3.49169e-20
47.8167,4.85594e-20
47.8333,6.38746e-20
47.85,8.05915e-20
47.8667,9.84277e-20
47.8833,1.17093e-19
47.9,1.36292e-19
47.9167,1.5573e-19
47.9333,1.75115e-19
47.95,1.94163e-19
47.9667,2.12598e-19
47.9833,2.30159e-19
48,2.46603e-19
48.0167,2.61702e-19
48.0333,2.75256e-19
48.05,2.87084e-19
48.0667,2.97035e-19
48.0833,3.04983e-19
48.1,3.10833e-19
48.1167,3.1452e-19
48.1333,3.16007e-19
48.15,3.15291e-19
48.1667,3.12396e-19
48.1833,3.07376e-19
48.2,3.00316e-19
48.2167,2.91324e-19
48.2333,2.80536e-19
48.25,2.68111e-19
48.2667,2.54227e-19
48.2833,2.39081e-19
48.3,2.22885e-19
48.3167,2.05865e-19
48.3333,1.88253e-19
48.35,1.70288e-19
48.3667,1.52212e-19
48.3833,1.34264e-19
48.4,1.1668e-19
48.4167,9.96871e-20
48.4333,8.35016e-20
48.45,6.83249e-20
48.4667,5.43415e-20
48.4833,4.17158e-20
48.5,3.059e-20
48.5167,2.10817e-20
48.5333,1.32822e-20
48.55,7.2556e-21
48.5667,3.03713e-21
48.5833,6.33106e-22
48.6,2.0643e-23
48.6167,1.14803e-21
48.6333,3.93552e-21
48.65,8.27662e-21
48.6667,1.40397e-20
48.6833,2.10704e-20
48.7,2.91937e-20
48.7167,3.82173e-20
48.7333,4.79346e-20
48.75,5.81286e-20
48.7667,6.85753e-20
48.7833,7.90481e-20
48.8,8.93216e-20
48.8167,9.91763e-20
48.8333,1.08403e-19
48.85,1.16805e-19
48.8667,1.24205e-19
48.8833,1.30447e-19
48.9,1.354e-19
48.9167,1.38961e-19
48.9333,1.41057e-19
48.95,1.41646e-19
48.9667,1.40721e-19
48.9833,1.38304e-19
49,1.34453e-19
49.0167,1.29256e-19
49.0333,1.22829e-19
49.05,1.15317e-19
49.0667,1.06884e-19
49.0833,9.77177e-20
49.1,8.80176e-20
49.1167,7.79941e-20
49.1333,6.78623e-20
49.15,5.78366e-20
49.1667,4.81254e-20
49.1833,3.89259e-20
49.2,3.04187e-20
49.2167,2.27632e-20
49.2333,1.60936e-20
49.25,1.05145e-20
49.2667,6.09842e-21
49.2833,2.88378e-21
49.3,8.7331e-22
49.3167,3.4032e-23
49.3333,2.98054e-22
49.35,1.56445e-21
49.3667,3.7022e-21
49.3833,6.5542e-21
49.4,9.94218e-21
49.4167,1.36726e-20
49.4333,1.75431e-20
49.45,2.13498e-20
49.4667,2.48948e-20
49.4833,2.79938e-20
49.5,3.04837e-20
49.5167,3.22301e-20
49.5333,3.31334e-20
49.55,3.31349e-20
49.5667,3.22209e-20
49.5833,3.0425e-20
49.6,2.78296e-20
49.6167,2.4564e-20
49.6333,2.08008e-20
49.65,1.67496e-20
49.6667,1.26481e-20
49.6833,8.75028e-21
49.7,5.31278e-21
49.7167,2.57832e-21
49.7333,7.58011e-22
49.75,1.24498e-23
49.7667,4.32826e-22
49.7833,2.02325e-21
49.8,4.68591e-21
49.8167,8.21095e-21
49.8333,1.22736e-20
49.85,1.64413e-20
49.8667,2.01945e-20
49.8833,2.29649e-20
49.9,2.4196e-20
49.9167,2.34318e-20
49.9333,2.04393e-20
49.95,1.53729e-20
49.9667,8.98812e-21
49.9833,2.91477e-21
