1e-05,5.7638e-16
0.0166767,1.23524e-08
0.0333433,1.1938e-07
0.05001,4.88482e-07
0.0666767,1.36246e-06
0.0833433,3.05039e-06
0.10001,5.91922e-06
0.116677,1.03861e-05
0.133343,1.69113e-05
0.15001,2.59917e-05
0.166677,3.81554e-05
0.183343,5.39554e-05
0.20001,7.39659e-05
0.216677,9.87768e-05
0.233343,0.000128991
0.25001,0.000165218
0.266677,0.000208075
0.283343,0.000258181
0.30001,0.000316152
0.316677,0.000382606
0.333343,0.000458153
0.35001,0.000543396
0.366677,0.000638932
0.383343,0.000745345
0.40001,0.000863212
0.416677,0.000993093
0.433343,0.00113554
0.45001,0.00129108
0.466677,0.00146025
0.483343,0.00164353
0.50001,0.00184143
0.516677,0.00205441
0.533343,0.00228293
0.55001,0.00252743
0.566677,0.00278832
0.583343,0.00306601
0.60001,0.00336088
0.616677,0.00367329
0.633343,0.0040036
0.65001,0.00435214
0.666677,0.00471922
0.683343,0.00510512
0.70001,0.00551014
0.716677,0.00593451
0.733343,0.00637849
0.75001,0.00684229
0.766677,0.00732612
0.783343,0.00783016
0.80001,0.00835458
0.816677,0.00889953
0.833343,0.00946514
0.85001,0.0100515
0.866676,0.0106588
0.883343,0.011287
0.90001,0.0119362
0.916676,0.0126065
0.933343,0.0132979
0.95001,0.0140103
0.966676,0.0147439
0.983343,0.0154985
1.00001,0.0162742
1.01668,0.0170708
1.03334,0.0178884
1.05001,0.0187267
1.06668,0.0195858
1.08334,0.0204655
1.10001,0.0213656
1.11668,0.0222861
1.13334,0.0232267
1.15001,0.0241873
1.16668,0.0251676
1.18334,0.0261675
1.20001,0.0271868
1.21668,0.0282251
1.23334,0.0292823
1.25001,0.0303582
1.26668,0.0314523
1.28334,0.0325645
1.30001,0.0336944
1.31668,0.0348417
1.33334,0.0360062
1.35001,0.0371874
1.36668,0.0383851
1.38334,0.0395989
1.40001,0.0408284
1.41668,0.0420732
1.43334,0.0433331
1.45001,0.0446075
1.46668,0.0458962
1.48334,0.0471986
1.50001,0.0485145
1.51668,0.0498434
1.53334,0.0511848
1.55001,0.0525384
1.56668,0.0539037
1.58334,0.0552802
1.60001,0.0566676
1.61668,0.0580655
1.63334,0.0594732
1.65001,0.0608905
1.66668,0.0623168
1.68334,0.0637518
1.70001,0.0651948
1.71668,0.0666456
1.73334,0.0681035
1.75001,0.0695683
1.76668,0.0710393
1.78334,0.0725162
1.80001,0.0739984
1.81668,0.0754856
1.83334,0.0769772
1.85001,0.0784728
1.86668,0.0799719
1.88334,0.0814741
1.90001,0.082979
1.91668,0.084486
1.93334,0.0859948
1.95001,0.0875048
1.96668,0.0890157
1.98334,0.0905269
2.00001,0.0920382
2.01668,0.0935489
2.03334,0.0950588
2.05001,0.0965673
2.06668,0.098074
2.08334,0.0995786
2.10001,0.101081
2.11668,0.10258
2.13334,0.104075
2.15001,0.105567
2.16668,0.107055
2.18334,0.108538
2.20001,0.110016
2.21668,0.111489
2.23334,0.112957
2.25001,0.114418
2.26668,0.115873
2.28334,0.117321
2.30001,0.118762
2.31668,0.120196
2.33334,0.121622
2.35001,0.12304
2.36668,0.124449
2.38334,0.12585
2.40001,0.127242
2.41668,0.128625
2.43334,0.129998
2.45001,0.131361
2.46668,0.132714
2.48334,0.134057
2.50001,0.135389
2.51668,0.136711
2.53334,0.138021
2.55001,0.139319
2.56668,0.140607
2.58334,0.141882
2.60001,0.143145
2.61668,0.144396
2.63334,0.145634
2.65001,0.14686
2.66668,0.148073
2.68334,0.149273
2.70001,0.150459
2.71668,0.151632
2.73334,0.152792
2.75001,0.153937
2.76668,0.155069
2.78334,0.156187
2.80001,0.15729
2.81668,0.158379
2.83334,0.159454
2.85001,0.160514
2.86668,0.161559
2.88334,0.162589
2.90001,0.163604
2.91668,0.164604
2.93334,0.165589
2.95001,0.166559
2.96668,0.167513
2.98334,0.168452
3.00001,0.169376
3.01668,0.170283
3.03334,0.171175
3.05001,0.172051
3.06668,0.172912
3.08334,0.173756
3.10001,0.174585
3.11668,0.175397
3.13334,0.176194
3.15001,0.176974
3.16668,0.177739
3.18334,0.178487
3.20001,0.179219
3.21668,0.179935
3.23334,0.180635
3.25001,0.181318
3.26668,0.181985
3.28334,0.182636
3.30001,0.183271
3.31668,0.18389
3.33334,0.184492
3.35001,0.185078
3.36668,0.185648
3.38334,0.186202
3.40001,0.186739
3.41668,0.187261
3.43334,0.187766
3.45001,0.188255
3.46668,0.188728
3.48334,0.189185
3.50001,0.189626
3.51668,0.190051
3.53334,0.190461
3.55001,0.190854
3.56668,0.191231
3.58334,0.191593
3.60001,0.191939
3.61668,0.19227
3.63334,0.192584
3.65001,0.192884
3.66668,0.193167
3.68334,0.193436
3.70001,0.193689
3.71668,0.193927
3.73334,0.194149
3.75001,0.194357
3.76668,0.194549
3.78334,0.194727
3.80001,0.19489
3.81668,0.195038
3.83334,0.195171
3.85001,0.19529
3.86668,0.195394
3.88334,0.195484
3.90001,0.195559
3.91668,0.195621
3.93334,0.195668
3.95001,0.195701
3.96668,0.195721
3.98334,0.195726
4.00001,0.195718
4.01668,0.195697
4.03334,0.195662
4.05001,0.195613
4.06668,0.195552
4.08334,0.195477
4.10001,0.195389
4.11668,0.195288
4.13334,0.195175
4.15001,0.195049
4.16668,0.194911
4.18334,0.19476
4.20001,0.194597
4.21668,0.194421
4.23334,0.194234
4.25001,0.194035
4.26668,0.193824
4.28334,0.193601
4.30001,0.193367
4.31668,0.193122
4.33334,0.192865
4.35001,0.192598
4.36668,0.192319
4.38334,0.19203
4.40001,0.191729
4.41668,0.191419
4.43334,0.191098
4.45001,0.190766
4.46668,0.190425
4.48334,0.190073
4.50001,0.189711
4.51668,0.18934
4.53334,0.188959
4.55001,0.188569
4.56668,0.18817
4.58334,0.187761
4.60001,0.187343
4.61668,0.186916
4.63334,0.186481
4.65001,0.186037
4.66668,0.185584
4.68334,0.185123
4.70001,0.184654
4.71668,0.184177
4.73334,0.183691
4.75001,0.183198
4.76668,0.182698
4.78334,0.182189
4.80001,0.181674
4.81668,0.181151
4.83334,0.180621
4.85001,0.180084
4.86668,0.17954
4.88334,0.178989
4.90001,0.178432
4.91668,0.177868
4.93334,0.177298
4.95001,0.176722
4.96668,0.176139
4.98334,0.175551
5.00001,0.174957
5.01668,0.174357
5.03334,0.173752
5.05001,0.173141
5.06668,0.172525
5.08334,0.171904
5.10001,0.171277
5.11668,0.170646
5.13334,0.17001
5.15001,0.169369
5.16668,0.168724
5.18334,0.168074
5.20001,0.16742
5.21668,0.166761
5.23334,0.166099
5.25001,0.165432
5.26668,0.164762
5.28334,0.164087
5.30001,0.163409
5.31668,0.162728
5.33334,0.162043
5.35001,0.161355
5.36668,0.160663
5.38334,0.159969
5.40001,0.159271
5.41668,0.158571
5.43334,0.157868
5.45001,0.157162
5.46668,0.156453
5.48334,0.155742
5.50001,0.155028
5.51668,0.154312
5.53334,0.153594
5.55001,0.152874
5.56668,0.152152
5.58334,0.151428
5.60001,0.150702
5.61668,0.149974
5.63334,0.149245
5.65001,0.148514
5.66668,0.147781
5.68334,0.147047
5.70001,0.146312
5.71668,0.145576
5.73334,0.144838
5.75001,0.1441
5.76668,0.14336
5.78334,0.14262
5.80001,0.141878
5.81668,0.141136
5.83334,0.140393
5.85001,0.13965
5.86668,0.138906
5.88334,0.138162
5.90001,0.137417
5.91668,0.136672
5.93334,0.135927
5.95001,0.135182
5.96668,0.134436
5.98334,0.133691
6.00001,0.132945
6.01668,0.1322
6.03334,0.131455
6.05001,0.13071
6.06668,0.129965
6.08334,0.129221
6.10001,0.128477
6.11668,0.127734
6.13334,0.126991
6.15001,0.126249
6.16668,0.125507
6.18334,0.124766
6.20001,0.124026
6.21668,0.123287
6.23334,0.122549
6.25001,0.121811
6.26668,0.121075
6.28334,0.12034
6.30001,0.119605
6.31668,0.118872
6.33334,0.11814
6.35001,0.11741
6.36668,0.11668
6.38334,0.115952
6.40001,0.115226
6.41668,0.1145
6.43334,0.113777
6.45001,0.113054
6.46668,0.112334
6.48334,0.111615
6.50001,0.110897
6.51668,0.110182
6.53334,0.109468
6.55001,0.108756
6.56668,0.108045
6.58334,0.107337
6.60001,0.10663
6.61668,0.105925
6.63334,0.105223
6.65001,0.104522
6.66668,0.103823
6.68334,0.103127
6.70001,0.102432
6.71668,0.10174
6.73334,0.10105
6.75001,0.100362
6.76668,0.099676
6.78334,0.0989925
6.80001,0.0983112
6.81668,0.0976324
6.83334,0.0969558
6.85001,0.0962817
6.86668,0.0956099
6.88334,0.0949406
6.90001,0.0942737
6.91668,0.0936093
6.93334,0.0929475
6.95001,0.0922881
6.96668,0.0916314
6.98334,0.0909771
7.00001,0.0903255
7.01668,0.0896766
7.03334,0.0890302
7.05001,0.0883865
7.06668,0.0877456
7.08334,0.0871073
7.10001,0.0864717
7.11668,0.0858389
7.13334,0.0852088
7.15001,0.0845815
7.16668,0.083957
7.18334,0.0833353
7.20001,0.0827165
7.21668,0.0821004
7.23334,0.0814872
7.25001,0.0808769
7.26668,0.0802695
7.28334,0.0796649
7.30001,0.0790633
7.31668,0.0784646
7.33334,0.0778688
7.35001,0.0772759
7.36668,0.076686
7.38334,0.076099
7.40001,0.075515
7.41668,0.074934
7.43334,0.0743559
7.45001,0.0737808
7.46668,0.0732088
7.48334,0.0726397
7.50001,0.0720737
7.51668,0.0715106
7.53334,0.0709506
7.55001,0.0703936
7.56668,0.0698396
7.58334,0.0692887
7.60001,0.0687408
7.61668,0.0681959
7.63334,0.0676541
7.65001,0.0671153
7.66668,0.0665796
7.68334,0.0660469
7.70001,0.0655173
7.71668,0.0649907
7.73334,0.0644672
7.75001,0.0639467
7.76668,0.0634293
7.78334,0.0629149
7.80001,0.0624035
7.81668,0.0618952
7.83334,0.06139
7.85001,0.0608878
7.86668,0.0603886
7.88334,0.0598925
7.90001,0.0593994
7.91668,0.0589093
7.93334,0.0584223
7.95001,0.0579383
7.96668,0.0574573
7.98334,0.0569793
8.00001,0.0565043
8.01668,0.0560323
8.03334,0.0555633
8.05001,0.0550974
8.06668,0.0546344
8.08334,0.0541743
8.10001,0.0537173
8.11668,0.0532632
8.13334,0.0528121
8.15001,0.052364
8.16668,0.0519188
8.18334,0.0514765
8.20001,0.0510371
8.21668,0.0506007
8.23334,0.0501672
8.25001,0.0497367
8.26668,0.049309
8.28334,0.0488842
8.30001,0.0484623
8.31668,0.0480432
8.33334,0.047627
8.35001,0.0472137
8.36667,0.0468033
8.38334,0.0463956
8.40001,0.0459908
8.41667,0.0455888
8.43334,0.0451897
8.45001,0.0447933
8.46667,0.0443997
8.48334,0.0440089
8.50001,0.0436208
8.51667,0.0432355
8.53334,0.042853
8.55001,0.0424732
8.56667,0.0420961
8.58334,0.0417218
8.60001,0.0413501
8.61667,0.0409811
8.63334,0.0406148
8.65001,0.0402512
8.66667,0.0398903
8.68334,0.039532
8.70001,0.0391763
8.71667,0.0388233
8.73334,0.0384728
8.75001,0.038125
8.76667,0.0377798
8.78334,0.0374371
8.80001,0.0370971
8.81667,0.0367595
8.83334,0.0364245
8.85001,0.0360921
8.86667,0.0357622
8.88334,0.0354348
8.90001,0.0351098
8.91667,0.0347874
8.93334,0.0344674
8.95001,0.0341499
8.96667,0.0338349
8.98334,0.0335223
9.00001,0.0332121
9.01667,0.0329043
9.03334,0.0325989
9.05001,0.0322959
9.06667,0.0319953
9.08334,0.0316971
9.10001,0.0314012
9.11667,0.0311076
9.13334,0.0308164
9.15001,0.0305274
9.16667,0.0302408
9.18334,0.0299565
9.20001,0.0296744
9.21667,0.0293947
9.23334,0.0291171
9.25001,0.0288418
9.26667,0.0285688
9.28334,0.0282979
9.30001,0.0280293
9.31667,0.0277628
9.33334,0.0274985
9.35001,0.0272364
9.36667,0.0269764
9.38334,0.0267186
9.40001,0.0264629
9.41667,0.0262093
9.43334,0.0259578
9.45001,0.0257084
9.46667,0.0254611
9.48334,0.0252159
9.50001,0.0249727
9.51667,0.0247315
9.53334,0.0244924
9.55001,0.0242553
9.56667,0.0240202
9.58334,0.0237871
9.60001,0.0235559
9.61667,0.0233267
9.63334,0.0230995
9.65001,0.0228742
9.66667,0.0226509
9.68334,0.0224294
9.70001,0.0222099
9.71667,0.0219923
9.73334,0.0217765
9.75001,0.0215626
9.76667,0.0213505
9.78334,0.0211403
9.80001,0.020932
9.81667,0.0207254
9.83334,0.0205206
9.85001,0.0203177
9.86667,0.0201165
9.88334,0.0199171
9.90001,0.0197194
9.91667,0.0195235
9.93334,0.0193293
9.95001,0.0191369
9.96667,0.0189461
9.98334,0.0187571
10,0.0185697
10.0167,0.018384
10.0333,0.0181999
10.05,0.0180175
10.0667,0.0178368
10.0833,0.0176576
10.1,0.0174801
10.1167,0.0173042
10.1333,0.0171299
10.15,0.0169571
10.1667,0.0167859
10.1833,0.0166163
10.2,0.0164482
10.2167,0.0162816
10.2333,0.0161166
10.25,0.015953
10.2667,0.015791
10.2833,0.0156304
10.3,0.0154713
10.3167,0.0153137
10.3333,0.0151575
10.35,0.0150028
10.3667,0.0148495
10.3833,0.0146976
10.4,0.0145472
10.4167,0.0143981
10.4333,0.0142504
10.45,0.0141041
10.4667,0.0139591
10.4833,0.0138155
10.5,0.0136732
10.5167,0.0135323
10.5333,0.0133927
10.55,0.0132544
10.5667,0.0131174
10.5833,0.0129817
10.6,0.0128472
10.6167,0.0127141
10.6333,0.0125822
10.65,0.0124515
10.6667,0.0123221
10.6833,0.0121939
10.7,0.0120669
10.7167,0.0119411
10.7333,0.0118166
10.75,0.0116932
10.7667,0.011571
10.7833,0.0114499
10.8,0.01133
10.8167,0.0112113
10.8333,0.0110937
10.85,0.0109772
10.8667,0.0108619
10.8833,0.0107477
10.9,0.0106345
10.9167,0.0105225
10.9333,0.0104115
10.95,0.0103016
10.9667,0.0101928
10.9833,0.0100851
11,0.00997834
11.0167,0.00987266
11.0333,0.00976801
11.05,0.00966438
11.0667,0.00956176
11.0833,0.00946014
11.1,0.00935952
11.1167,0.00925988
11.1333,0.00916122
11.15,0.00906353
11.1667,0.0089668
11.1833,0.00887102
11.2,0.00877618
11.2167,0.00868228
11.2333,0.00858931
11.25,0.00849726
11.2667,0.00840612
11.2833,0.00831588
11.3,0.00822653
11.3167,0.00813808
11.3333,0.0080505
11.35,0.0079638
11.3667,0.00787796
11.3833,0.00779298
11.4,0.00770884
11.4167,0.00762555
11.4333,0.00754309
11.45,0.00746146
11.4667,0.00738065
11.4833,0.00730065
11.5,0.00722146
11.5167,0.00714306
11.5333,0.00706546
11.55,0.00698864
11.5667,0.00691259
11.5833,0.00683731
11.6,0.0067628
11.6167,0.00668904
11.6333,0.00661603
11.65,0.00654377
11.6667,0.00647224
11.6833,0.00640144
11.7,0.00633136
11.7167,0.00626199
11.7333,0.00619334
11.75,0.00612538
11.7667,0.00605813
11.7833,0.00599156
11.8,0.00592568
11.8167,0.00586048
11.8333,0.00579594
11.85,0.00573207
11.8667,0.00566886
11.8833,0.0056063
11.9,0.00554439
11.9167,0.00548312
11.9333,0.00542249
11.95,0.00536248
11.9667,0.00530309
11.9833,0.00524433
12,0.00518617
12.0167,0.00512862
12.0333,0.00507167
12.05,0.00501531
12.0667,0.00495955
12.0833,0.00490436
12.1,0.00484975
12.1167,0.00479572
12.1333,0.00474225
12.15,0.00468934
12.1667,0.00463699
12.1833,0.00458519
12.2,0.00453394
12.2167,0.00448322
12.2333,0.00443304
12.25,0.00438339
12.2667,0.00433426
12.2833,0.00428566
12.3,0.00423757
12.3167,0.00418999
12.3333,0.00414291
12.35,0.00409633
12.3667,0.00405025
12.3833,0.00400466
12.4,0.00395955
12.4167,0.00391492
12.4333,0.00387077
12.45,0.00382709
12.4667,0.00378388
12.4833,0.00374113
12.5,0.00369884
12.5167,0.003657
12.5333,0.00361561
12.55,0.00357466
12.5667,0.00353415
12.5833,0.00349408
12.6,0.00345444
12.6167,0.00341522
12.6333,0.00337643
12.65,0.00333805
12.6667,0.00330009
12.6833,0.00326254
12.7,0.0032254
12.7167,0.00318865
12.7333,0.00315231
12.75,0.00311635
12.7667,0.00308079
12.7833,0.00304561
12.8,0.00301082
12.8167,0.0029764
12.8333,0.00294236
12.85,0.00290868
12.8667,0.00287537
12.8833,0.00284243
12.9,0.00280985
12.9167,0.00277762
12.9333,0.00274574
12.95,0.00271421
12.9667,0.00268302
12.9833,0.00265218
13,0.00262167
13.0167,0.0025915
13.0333,0.00256166
13.05,0.00253214
13.0667,0.00250295
13.0833,0.00247408
13.1,0.00244553
13.1167,0.00241729
13.1333,0.00238936
13.15,0.00236174
13.1667,0.00233442
13.1833,0.00230741
13.2,0.00228069
13.2167,0.00225427
13.2333,0.00222814
13.25,0.00220229
13.2667,0.00217674
13.2833,0.00215146
13.3,0.00212647
13.3167,0.00210175
13.3333,0.00207731
13.35,0.00205314
13.3667,0.00202924
13.3833,0.0020056
13.4,0.00198223
13.4167,0.00195911
13.4333,0.00193626
13.45,0.00191366
13.4667,0.0018913
13.4833,0.0018692
13.5,0.00184735
13.5167,0.00182574
13.5333,0.00180437
13.55,0.00178324
13.5667,0.00176235
13.5833,0.00174169
13.6,0.00172126
13.6167,0.00170106
13.6333,0.00168109
13.65,0.00166134
13.6667,0.00164182
13.6833,0.00162251
13.7,0.00160342
13.7167,0.00158455
13.7333,0.00156589
13.75,0.00154744
13.7667,0.00152919
13.7833,0.00151116
13.8,0.00149332
13.8167,0.00147569
13.8333,0.00145826
13.85,0.00144102
13.8667,0.00142398
13.8833,0.00140714
13.9,0.00139048
13.9167,0.00137401
13.9333,0.00135773
13.95,0.00134164
13.9667,0.00132573
13.9833,0.00131
14,0.00129445
14.0167,0.00127907
14.0333,0.00126387
14.05,0.00124885
14.0667,0.00123399
14.0833,0.00121931
14.1,0.00120479
14.1167,0.00119044
14.1333,0.00117626
14.15,0.00116223
14.1667,0.00114837
14.1833,0.00113467
14.2,0.00112112
14.2167,0.00110773
14.2333,0.00109449
14.25,0.00108141
14.2667,0.00106847
14.2833,0.00105569
14.3,0.00104305
14.3167,0.00103056
14.3333,0.00101821
14.35,0.001006
14.3667,0.000993939
14.3833,0.000982013
14.4,0.000970226
14.4167,0.000958575
14.4333,0.000947059
14.45,0.000935677
14.4667,0.000924426
14.4833,0.000913306
14.5,0.000902316
14.5167,0.000891452
14.5333,0.000880715
14.55,0.000870103
14.5667,0.000859615
14.5833,0.000849248
14.6,0.000839002
14.6167,0.000828876
14.6333,0.000818868
14.65,0.000808976
14.6667,0.000799201
14.6833,0.000789539
14.7,0.00077999
14.7167,0.000770553
14.7333,0.000761226
14.75,0.000752009
14.7667,0.000742899
14.7833,0.000733896
14.8,0.000724999
14.8167,0.000716206
14.8333,0.000707517
14.85,0.000698929
14.8667,0.000690442
14.8833,0.000682056
14.9,0.000673767
14.9167,0.000665577
14.9333,0.000657482
14.95,0.000649483
14.9667,0.000641579
14.9833,0.000633767
15,0.000626048
15.0167,0.00061842
15.0333,0.000610881
15.05,0.000603432
15.0667,0.000596071
15.0833,0.000588797
15.1,0.000581609
15.1167,0.000574506
15.1333,0.000567487
15.15,0.000560551
15.1667,0.000553698
15.1833,0.000546925
15.2,0.000540233
15.2167,0.000533621
15.2333,0.000527086
15.25,0.00052063
15.2667,0.00051425
15.2833,0.000507946
15.3,0.000501717
15.3167,0.000495562
15.3333,0.00048948
15.35,0.000483471
15.3667,0.000477533
15.3833,0.000471666
15.4,0.000465868
15.4167,0.00046014
15.4333,0.000454481
15.45,0.000448888
15.4667,0.000443363
15.4833,0.000437903
15.5,0.000432509
15.5167,0.000427179
15.5333,0.000421913
15.55,0.00041671
15.5667,0.000411569
15.5833,0.00040649
15.6,0.000401472
15.6167,0.000396513
15.6333,0.000391614
15.65,0.000386774
15.6667,0.000381992
15.6833,0.000377267
15.7,0.000372599
15.7167,0.000367987
15.7333,0.000363431
15.75,0.000358929
15.7667,0.000354481
15.7833,0.000350087
15.8,0.000345746
15.8167,0.000341457
15.8333,0.000337219
15.85,0.000333033
15.8667,0.000328897
15.8833,0.000324811
15.9,0.000320774
15.9167,0.000316786
15.9333,0.000312847
15.95,0.000308954
15.9667,0.000305109
15.9833,0.00030131
16,0.000297558
16.0167,0.00029385
16.0333,0.000290188
16.05,0.00028657
16.0667,0.000282995
16.0833,0.000279464
16.1,0.000275976
16.1167,0.00027253
16.1333,0.000269126
16.15,0.000265763
16.1667,0.000262442
16.1833,0.00025916
16.2,0.000255919
16.2167,0.000252716
16.2333,0.000249553
16.25,0.000246429
16.2667,0.000243342
16.2833,0.000240293
16.3,0.000237281
16.3167,0.000234306
16.3333,0.000231367
16.35,0.000228464
16.3667,0.000225597
16.3833,0.000222764
16.4,0.000219967
16.4167,0.000217203
16.4333,0.000214473
16.45,0.000211777
16.4667,0.000209113
16.4833,0.000206483
16.5,0.000203884
16.5167,0.000201318
16.5333,0.000198783
16.55,0.000196279
16.5667,0.000193805
16.5833,0.000191363
16.6,0.00018895
16.6167,0.000186567
16.6333,0.000184213
16.65,0.000181888
16.6667,0.000179592
16.6833,0.000177324
16.7,0.000175084
16.7167,0.000172871
16.7333,0.000170686
16.75,0.000168528
16.7667,0.000166397
16.7833,0.000164291
16.8,0.000162212
16.8167,0.000160159
16.8333,0.000158131
16.85,0.000156128
16.8667,0.00015415
16.8833,0.000152196
16.9,0.000150266
16.9167,0.000148361
16.9333,0.000146479
16.95,0.00014462
16.9667,0.000142785
16.9833,0.000140972
17,0.000139181
17.0167,0.000137413
17.0333,0.000135667
17.05,0.000133943
17.0667,0.00013224
17.0833,0.000130558
17.1,0.000128897
17.1167,0.000127257
17.1333,0.000125637
17.15,0.000124038
17.1667,0.000122458
17.1833,0.000120898
17.2,0.000119358
17.2167,0.000117836
17.2333,0.000116334
17.25,0.00011485
17.2667,0.000113385
17.2833,0.000111939
17.3,0.00011051
17.3167,0.000109099
17.3333,0.000107706
17.35,0.00010633
17.3667,0.000104972
17.3833,0.00010363
17.4,0.000102305
17.4167,0.000100997
17.4333,9.97052e-05
17.45,9.84296e-05
17.4667,9.71699e-05
17.4833,9.59261e-05
17.5,9.46978e-05
17.5167,9.34849e-05
17.5333,9.22873e-05
17.55,9.11047e-05
17.5667,8.99369e-05
17.5833,8.87838e-05
17.6,8.76451e-05
17.6167,8.65208e-05
17.6333,8.54106e-05
17.65,8.43143e-05
17.6667,8.32319e-05
17.6833,8.2163e-05
17.7,8.11076e-05
17.7167,8.00655e-05
17.7333,7.90364e-05
17.75,7.80204e-05
17.7667,7.70171e-05
17.7833,7.60264e-05
17.8,7.50483e-05
17.8167,7.40824e-05
17.8333,7.31288e-05
17.85,7.21871e-05
17.8667,7.12574e-05
17.8833,7.03393e-05
17.9,6.94329e-05
17.9167,6.85378e-05
17.9333,6.76541e-05
17.95,6.67816e-05
17.9667,6.592e-05
17.9833,6.50694e-05
18,6.42295e-05
18.0167,6.34002e-05
18.0333,6.25814e-05
18.05,6.17729e-05
18.0667,6.09747e-05
18.0833,6.01866e-05
18.1,5.94085e-05
18.1167,5.86402e-05
18.1333,5.78816e-05
18.15,5.71327e-05
18.1667,5.63932e-05
18.1833,5.56631e-05
18.2,5.49423e-05
18.2167,5.42306e-05
18.2333,5.35279e-05
18.25,5.28342e-05
18.2667,5.21493e-05
18.2833,5.1473e-05
18.3,5.08054e-05
18.3167,5.01462e-05
18.3333,4.94954e-05
18.35,4.88529e-05
18.3667,4.82186e-05
18.3833,4.75923e-05
18.4,4.6974e-05
18.4167,4.63636e-05
18.4333,4.57609e-05
18.45,4.51659e-05
18.4667,4.45785e-05
18.4833,4.39986e-05
18.5,4.34261e-05
18.5167,4.28609e-05
18.5333,4.23029e-05
18.55,4.1752e-05
18.5667,4.12081e-05
18.5833,4.06712e-05
18.6,4.01412e-05
18.6167,3.96179e-05
18.6333,3.91013e-05
18.65,3.85913e-05
18.6667,3.80879e-05
18.6833,3.75909e-05
18.7,3.71002e-05
18.7167,3.66158e-05
18.7333,3.61377e-05
18.75,3.56656e-05
18.7667,3.51996e-05
18.7833,3.47396e-05
18.8,3.42855e-05
18.8167,3.38372e-05
18.8333,3.33947e-05
18.85,3.29579e-05
18.8667,3.25266e-05
18.8833,3.21009e-05
18.9,3.16807e-05
18.9167,3.12659e-05
18.9333,3.08564e-05
18.95,3.04522e-05
18.9667,3.00532e-05
18.9833,2.96593e-05
19,2.92705e-05
19.0167,2.88867e-05
19.0333,2.85078e-05
19.05,2.81339e-05
19.0667,2.77647e-05
19.0833,2.74003e-05
19.1,2.70406e-05
19.1167,2.66856e-05
19.1333,2.63352e-05
19.15,2.59892e-05
19.1667,2.56478e-05
19.1833,2.53107e-05
19.2,2.4978e-05
19.2167,2.46496e-05
19.2333,2.43255e-05
19.25,2.40056e-05
19.2667,2.36898e-05
19.2833,2.33781e-05
19.3,2.30704e-05
19.3167,2.27667e-05
19.3333,2.24669e-05
19.35,2.21711e-05
19.3667,2.1879e-05
19.3833,2.15908e-05
19.4,2.13063e-05
19.4167,2.10255e-05
19.4333,2.07483e-05
19.45,2.04747e-05
19.4667,2.02047e-05
19.4833,1.99382e-05
19.5,1.96751e-05
19.5167,1.94155e-05
19.5333,1.91592e-05
19.55,1.89063e-05
19.5667,1.86567e-05
19.5833,1.84103e-05
19.6,1.81671e-05
19.6167,1.79271e-05
19.6333,1.76902e-05
19.65,1.74564e-05
19.6667,1.72256e-05
19.6833,1.69979e-05
19.7,1.67731e-05
19.7167,1.65512e-05
19.7333,1.63322e-05
19.75,1.61161e-05
19.7667,1.59028e-05
19.7833,1.56923e-05
19.8,1.54845e-05
19.8167,1.52795e-05
19.8333,1.50771e-05
19.85,1.48773e-05
19.8667,1.46802e-05
19.8833,1.44856e-05
19.9,1.42936e-05
19.9167,1.41041e-05
19.9333,1.39171e-05
19.95,1.37325e-05
19.9667,1.35503e-05
19.9833,1.33705e-05
20,1.3193e-05
20.0167,1.30179e-05
20.0333,1.2845e-05
20.05,1.26745e-05
20.0667,1.25061e-05
20.0833,1.234e-05
20.1,1.2176e-05
20.1167,1.20142e-05
20.1333,1.18545e-05
20.15,1.16968e-05
20.1667,1.15413e-05
20.1833,1.13878e-05
20.2,1.12363e-05
20.2167,1.10867e-05
20.2333,1.09392e-05
20.25,1.07935e-05
20.2667,1.06498e-05
20.2833,1.0508e-05
20.3,1.0368e-05
20.3167,1.02299e-05
20.3333,1.00936e-05
20.35,9.95902e-06
20.3667,9.82624e-06
20.3833,9.69521e-06
20.4,9.56591e-06
20.4167,9.43829e-06
20.4333,9.31236e-06
20.45,9.18808e-06
20.4667,9.06543e-06
20.4833,8.94439e-06
20.5,8.82495e-06
20.5167,8.70707e-06
20.5333,8.59075e-06
20.55,8.47595e-06
20.5667,8.36266e-06
20.5833,8.25087e-06
20.6,8.14055e-06
20.6167,8.03167e-06
20.6333,7.92424e-06
20.65,7.81821e-06
20.6667,7.71359e-06
20.6833,7.61034e-06
20.7,7.50845e-06
20.7167,7.40791e-06
20.7333,7.30869e-06
20.75,7.21078e-06
20.7667,7.11416e-06
20.7833,7.01882e-06
20.8,6.92473e-06
20.8167,6.83189e-06
20.8333,6.74027e-06
20.85,6.64987e-06
20.8667,6.56065e-06
20.8833,6.47262e-06
20.9,6.38575e-06
20.9167,6.30003e-06
20.9333,6.21544e-06
20.95,6.13197e-06
20.9667,6.0496e-06
20.9833,5.96833e-06
21,5.88813e-06
21.0167,5.80899e-06
21.0333,5.73091e-06
21.05,5.65385e-06
21.0667,5.57782e-06
21.0833,5.5028e-06
21.1,5.42877e-06
21.1167,5.35572e-06
21.1333,5.28364e-06
21.15,5.21252e-06
21.1667,5.14234e-06
21.1833,5.0731e-06
21.2,5.00477e-06
21.2167,4.93735e-06
21.2333,4.87083e-06
21.25,4.80519e-06
21.2667,4.74043e-06
21.2833,4.67652e-06
21.3,4.61347e-06
21.3167,4.55125e-06
21.3333,4.48987e-06
21.35,4.4293e-06
21.3667,4.36954e-06
21.3833,4.31057e-06
21.4,4.25239e-06
21.4167,4.19498e-06
21.4333,4.13834e-06
21.45,4.08246e-06
21.4667,4.02732e-06
21.4833,3.97292e-06
21.5,3.91924e-06
21.5167,3.86628e-06
21.5333,3.81402e-06
21.55,3.76247e-06
21.5667,3.7116e-06
21.5833,3.66141e-06
21.6,3.6119e-06
21.6167,3.56304e-06
21.6333,3.51484e-06
21.65,3.46728e-06
21.6667,3.42036e-06
21.6833,3.37407e-06
21.7,3.32839e-06
21.7167,3.28333e-06
21.7333,3.23887e-06
21.75,3.19501e-06
21.7667,3.15173e-06
21.7833,3.10904e-06
21.8,3.06691e-06
21.8167,3.02535e-06
21.8333,2.98435e-06
21.85,2.94389e-06
21.8667,2.90398e-06
21.8833,2.86461e-06
21.9,2.82576e-06
21.9167,2.78743e-06
21.9333,2.74962e-06
21.95,2.71231e-06
21.9667,2.67551e-06
21.9833,2.6392e-06
22,2.60338e-06
22.0167,2.56803e-06
22.0333,2.53317e-06
22.05,2.49877e-06
22.0667,2.46483e-06
22.0833,2.43135e-06
22.1,2.39832e-06
22.1167,2.36573e-06
22.1333,2.33358e-06
22.15,2.30186e-06
22.1667,2.27057e-06
22.1833,2.2397e-06
22.2,2.20925e-06
22.2167,2.1792e-06
22.2333,2.14956e-06
22.25,2.12032e-06
22.2667,2.09147e-06
22.2833,2.06301e-06
22.3,2.03493e-06
22.3167,2.00723e-06
22.3333,1.9799e-06
22.35,1.95294e-06
22.3667,1.92635e-06
22.3833,1.90011e-06
22.4,1.87423e-06
22.4167,1.84869e-06
22.4333,1.8235e-06
22.45,1.79864e-06
22.4667,1.77412e-06
22.4833,1.74994e-06
22.5,1.72608e-06
22.5167,1.70253e-06
22.5333,1.67931e-06
22.55,1.6564e-06
22.5667,1.6338e-06
22.5833,1.6115e-06
22.6,1.58951e-06
22.6167,1.56781e-06
22.6333,1.5464e-06
22.65,1.52528e-06
22.6667,1.50445e-06
22.6833,1.4839e-06
22.7,1.46363e-06
22.7167,1.44363e-06
22.7333,1.42389e-06
22.75,1.40443e-06
22.7667,1.38523e-06
22.7833,1.36629e-06
22.8,1.3476e-06
22.8167,1.32917e-06
22.8333,1.31098e-06
22.85,1.29304e-06
22.8667,1.27535e-06
22.8833,1.25789e-06
22.9,1.24067e-06
22.9167,1.22368e-06
22.9333,1.20692e-06
22.95,1.19039e-06
22.9667,1.17408e-06
22.9833,1.15799e-06
23,1.14212e-06
23.0167,1.12647e-06
23.0333,1.11102e-06
23.05,1.09579e-06
23.0667,1.08076e-06
23.0833,1.06594e-06
23.1,1.05131e-06
23.1167,1.03689e-06
23.1333,1.02266e-06
23.15,1.00862e-06
23.1667,9.94776e-07
23.1833,9.81117e-07
23.2,9.67644e-07
23.2167,9.54353e-07
23.2333,9.41243e-07
23.25,9.28311e-07
23.2667,9.15554e-07
23.2833,9.02971e-07
23.3,8.90558e-07
23.3167,8.78314e-07
23.3333,8.66237e-07
23.35,8.54324e-07
23.3667,8.42572e-07
23.3833,8.30981e-07
23.4,8.19547e-07
23.4167,8.08269e-07
23.4333,7.97144e-07
23.45,7.86171e-07
23.4667,7.75347e-07
23.4833,7.6467e-07
23.5,7.54139e-07
23.5167,7.43751e-07
23.5333,7.33505e-07
23.55,7.23399e-07
23.5667,7.1343e-07
23.5833,7.03598e-07
23.6,6.93899e-07
23.6167,6.84333e-07
23.6333,6.74897e-07
23.65,6.6559e-07
23.6667,6.5641e-07
23.6833,6.47356e-07
23.7,6.38425e-07
23.7167,6.29616e-07
23.7333,6.20928e-07
23.75,6.12358e-07
23.7667,6.03906e-07
23.7833,5.95569e-07
23.8,5.87346e-07
23.8167,5.79235e-07
23.8333,5.71236e-07
23.85,5.63346e-07
23.8667,5.55564e-07
23.8833,5.47888e-07
23.9,5.40318e-07
23.9167,5.32851e-07
23.9333,5.25487e-07
23.95,5.18223e-07
23.9667,5.11059e-07
23.9833,5.03993e-07
24,4.97024e-07
24.0167,4.90151e-07
24.0333,4.83372e-07
24.05,4.76685e-07
24.0667,4.70091e-07
24.0833,4.63587e-07
24.1,4.57172e-07
24.1167,4.50845e-07
24.1333,4.44606e-07
24.15,4.38451e-07
24.1667,4.32382e-07
24.1833,4.26395e-07
24.2,4.20491e-07
24.2167,4.14668e-07
24.2333,4.08925e-07
24.25,4.03261e-07
24.2667,3.97674e-07
24.2833,3.92165e-07
24.3,3.86731e-07
24.3167,3.81372e-07
24.3333,3.76086e-07
24.35,3.70873e-07
24.3667,3.65732e-07
24.3833,3.60662e-07
24.4,3.55661e-07
24.4167,3.50729e-07
24.4333,3.45865e-07
24.45,3.41068e-07
24.4667,3.36337e-07
24.4833,3.3167e-07
24.5,3.27068e-07
24.5167,3.2253e-07
24.5333,3.18054e-07
24.55,3.13639e-07
24.5667,3.09285e-07
24.5833,3.04991e-07
24.6,3.00757e-07
24.6167,2.9658e-07
24.6333,2.92461e-07
24.65,2.88399e-07
24.6667,2.84393e-07
24.6833,2.80442e-07
24.7,2.76545e-07
24.7167,2.72702e-07
24.7333,2.68912e-07
24.75,2.65174e-07
24.7667,2.61487e-07
24.7833,2.57852e-07
24.8,2.54266e-07
24.8167,2.5073e-07
24.8333,2.47242e-07
24.85,2.43803e-07
24.8667,2.40411e-07
24.8833,2.37066e-07
24.9,2.33767e-07
24.9167,2.30513e-07
24.9333,2.27304e-07
24.95,2.2414e-07
24.9667,2.21019e-07
24.9833,2.17941e-07
25,2.14905e-07
25.0167,2.11912e-07
25.0333,2.08959e-07
25.05,2.06048e-07
25.0667,2.03176e-07
25.0833,2.00345e-07
25.1,1.97552e-07
25.1167,1.94798e-07
25.1333,1.92082e-07
25.15,1.89403e-07
25.1667,1.86761e-07
25.1833,1.84156e-07
25.2,1.81587e-07
25.2167,1.79053e-07
25.2333,1.76554e-07
25.25,1.7409e-07
25.2667,1.7166e-07
25.2833,1.69263e-07
25.3,1.66899e-07
25.3167,1.64569e-07
25.3333,1.6227e-07
25.35,1.60003e-07
25.3667,1.57767e-07
25.3833,1.55563e-07
25.4,1.53389e-07
25.4167,1.51245e-07
25.4333,1.4913e-07
25.45,1.47045e-07
25.4667,1.44989e-07
25.4833,1.42961e-07
25.5,1.40961e-07
25.5167,1.38989e-07
25.5333,1.37045e-07
25.55,1.35127e-07
25.5667,1.33236e-07
25.5833,1.31371e-07
25.6,1.29532e-07
25.6167,1.27718e-07
25.6333,1.25929e-07
25.65,1.24166e-07
25.6667,1.22426e-07
25.6833,1.20711e-07
25.7,1.1902e-07
25.7167,1.17352e-07
25.7333,1.15708e-07
25.75,1.14086e-07
25.7667,1.12486e-07
25.7833,1.10909e-07
25.8,1.09354e-07
25.8167,1.07821e-07
25.8333,1.06308e-07
25.85,1.04817e-07
25.8667,1.03347e-07
25.8833,1.01897e-07
25.9,1.00467e-07
25.9167,9.9057e-08
25.9333,9.76666e-08
25.95,9.62957e-08
25.9667,9.49438e-08
25.9833,9.36107e-08
26,9.22962e-08
26.0167,9.10001e-08
26.0333,8.9722e-08
26.05,8.84617e-08
26.0667,8.7219e-08
26.0833,8.59936e-08
26.1,8.47853e-08
26.1167,8.35938e-08
26.1333,8.2419e-08
26.15,8.12605e-08
26.1667,8.01183e-08
26.1833,7.89919e-08
26.2,7.78813e-08
26.2167,7.67862e-08
26.2333,7.57064e-08
26.25,7.46417e-08
26.2667,7.35919e-08
26.2833,7.25567e-08
26.3,7.1536e-08
26.3167,7.05296e-08
26.3333,6.95372e-08
26.35,6.85587e-08
26.3667,6.75939e-08
26.3833,6.66426e-08
26.4,6.57046e-08
26.4167,6.47797e-08
26.4333,6.38677e-08
26.45,6.29685e-08
26.4667,6.20819e-08
26.4833,6.12077e-08
26.5,6.03457e-08
26.5167,5.94958e-08
26.5333,5.86578e-08
26.55,5.78316e-08
26.5667,5.70169e-08
26.5833,5.62136e-08
26.6,5.54215e-08
26.6167,5.46406e-08
26.6333,5.38706e-08
26.65,5.31113e-08
26.6667,5.23628e-08
26.6833,5.16247e-08
26.7,5.08969e-08
26.7167,5.01793e-08
26.7333,4.94718e-08
26.75,4.87742e-08
26.7667,4.80864e-08
26.7833,4.74083e-08
26.8,4.67396e-08
26.8167,4.60803e-08
26.8333,4.54302e-08
26.85,4.47893e-08
26.8667,4.41573e-08
26.8833,4.35342e-08
26.9,4.29199e-08
26.9167,4.23141e-08
26.9333,4.17169e-08
26.95,4.1128e-08
26.9667,4.05473e-08
26.9833,3.99749e-08
27,3.94104e-08
27.0167,3.88539e-08
27.0333,3.83051e-08
27.05,3.77641e-08
27.0667,3.72306e-08
27.0833,3.67046e-08
27.1,3.6186e-08
27.1167,3.56747e-08
27.1333,3.51706e-08
27.15,3.46735e-08
27.1667,3.41834e-08
27.1833,3.37001e-08
27.2,3.32237e-08
27.2167,3.27539e-08
27.2333,3.22907e-08
27.25,3.1834e-08
27.2667,3.13838e-08
27.2833,3.09398e-08
27.3,3.05021e-08
27.3167,3.00705e-08
27.3333,2.9645e-08
27.35,2.92254e-08
27.3667,2.88117e-08
27.3833,2.84039e-08
27.4,2.80017e-08
27.4167,2.76052e-08
27.4333,2.72143e-08
27.45,2.68289e-08
27.4667,2.64488e-08
27.4833,2.60742e-08
27.5,2.57047e-08
27.5167,2.53405e-08
27.5333,2.49814e-08
27.55,2.46273e-08
27.5667,2.42782e-08
27.5833,2.3934e-08
27.6,2.35946e-08
27.6167,2.326e-08
27.6333,2.29301e-08
27.65,2.26049e-08
27.6667,2.22842e-08
27.6833,2.1968e-08
27.7,2.16563e-08
27.7167,2.1349e-08
27.7333,2.10459e-08
27.75,2.07472e-08
27.7667,2.04526e-08
27.7833,2.01622e-08
27.8,1.98759e-08
27.8167,1.95936e-08
27.8333,1.93153e-08
27.85,1.90409e-08
27.8667,1.87704e-08
27.8833,1.85037e-08
27.9,1.82407e-08
27.9167,1.79815e-08
27.9333,1.77259e-08
27.95,1.74739e-08
27.9667,1.72254e-08
27.9833,1.69805e-08
28,1.6739e-08
28.0167,1.65009e-08
28.0333,1.62662e-08
28.05,1.60348e-08
28.0667,1.58066e-08
28.0833,1.55817e-08
28.1,1.536e-08
28.1167,1.51413e-08
28.1333,1.49258e-08
28.15,1.47133e-08
28.1667,1.45039e-08
28.1833,1.42973e-08
28.2,1.40937e-08
28.2167,1.3893e-08
28.2333,1.36951e-08
28.25,1.35001e-08
28.2667,1.33077e-08
28.2833,1.31181e-08
28.3,1.29312e-08
28.3167,1.2747e-08
28.3333,1.25653e-08
28.35,1.23862e-08
28.3667,1.22097e-08
28.3833,1.20356e-08
28.4,1.1864e-08
28.4167,1.16949e-08
28.4333,1.15281e-08
28.45,1.13637e-08
28.4667,1.12017e-08
28.4833,1.10419e-08
28.5,1.08844e-08
28.5167,1.07292e-08
28.5333,1.05761e-08
28.55,1.04252e-08
28.5667,1.02765e-08
28.5833,1.01299e-08
28.6,9.9853e-09
28.6167,9.8428e-09
28.6333,9.70233e-09
28.65,9.56385e-09
28.6667,9.42734e-09
28.6833,9.29277e-09
28.7,9.16011e-09
28.7167,9.02933e-09
28.7333,8.90042e-09
28.75,8.77333e-09
28.7667,8.64806e-09
28.7833,8.52456e-09
28.8,8.40282e-09
28.8167,8.28281e-09
28.8333,8.16451e-09
28.85,8.04789e-09
28.8667,7.93292e-09
28.8833,7.8196e-09
28.9,7.70788e-09
28.9167,7.59776e-09
28.9333,7.4892e-09
28.95,7.38218e-09
28.9667,7.27669e-09
28.9833,7.1727e-09
29,7.07019e-09
29.0167,6.96913e-09
29.0333,6.86952e-09
29.05,6.77132e-09
29.0667,6.67452e-09
29.0833,6.5791e-09
29.1,6.48503e-09
29.1167,6.39231e-09
29.1333,6.3009e-09
29.15,6.2108e-09
29.1667,6.12197e-09
29.1833,6.03441e-09
29.2,5.9481e-09
29.2167,5.86302e-09
29.2333,5.77914e-09
29.25,5.69646e-09
29.2667,5.61496e-09
29.2833,5.53462e-09
29.3,5.45542e-09
29.3167,5.37735e-09
29.3333,5.30038e-09
29.35,5.22452e-09
29.3667,5.14973e-09
29.3833,5.07601e-09
29.4,5.00334e-09
29.4167,4.9317e-09
29.4333,4.86108e-09
29.45,4.79147e-09
29.4667,4.72284e-09
29.4833,4.6552e-09
29.5,4.58851e-09
29.5167,4.52278e-09
29.5333,4.45798e-09
29.55,4.3941e-09
29.5667,4.33113e-09
29.5833,4.26906e-09
29.6,4.20788e-09
29.6167,4.14756e-09
29.6333,4.0881e-09
29.65,4.02949e-09
29.6667,3.97171e-09
29.6833,3.91476e-09
29.7,3.85861e-09
29.7167,3.80327e-09
29.7333,3.74871e-09
29.75,3.69493e-09
29.7667,3.64191e-09
29.7833,3.58965e-09
29.8,3.53814e-09
29.8167,3.48736e-09
29.8333,3.4373e-09
29.85,3.38795e-09
29.8667,3.33931e-09
29.8833,3.29136e-09
29.9,3.24409e-09
29.9167,3.1975e-09
29.9333,3.15157e-09
29.95,3.10629e-09
29.9667,3.06166e-09
29.9833,3.01767e-09
30,2.9743e-09
30.0167,2.93155e-09
30.0333,2.88941e-09
30.05,2.84788e-09
30.0667,2.80693e-09
30.0833,2.76657e-09
30.1,2.72678e-09
30.1167,2.68757e-09
30.1333,2.64891e-09
30.15,2.6108e-09
30.1667,2.57324e-09
30.1833,2.53621e-09
30.2,2.49971e-09
30.2167,2.46374e-09
30.2333,2.42827e-09
30.25,2.39332e-09
30.2667,2.35886e-09
30.2833,2.3249e-09
30.3,2.29142e-09
30.3167,2.25842e-09
30.3333,2.22589e-09
30.35,2.19382e-09
30.3667,2.16222e-09
30.3833,2.13107e-09
30.4,2.10036e-09
30.4167,2.07009e-09
30.4333,2.04026e-09
30.45,2.01085e-09
30.4667,1.98187e-09
30.4833,1.9533e-09
30.5,1.92514e-09
30.5167,1.89738e-09
30.5333,1.87002e-09
30.55,1.84305e-09
30.5667,1.81647e-09
30.5833,1.79027e-09
30.6,1.76445e-09
30.6167,1.73899e-09
30.6333,1.7139e-09
30.65,1.68918e-09
30.6667,1.6648e-09
30.6833,1.64078e-09
30.7,1.6171e-09
30.7167,1.59376e-09
30.7333,1.57076e-09
30.75,1.54809e-09
30.7667,1.52574e-09
30.7833,1.50371e-09
30.8,1.482e-09
30.8167,1.46061e-09
30.8333,1.43952e-09
30.85,1.41873e-09
30.8667,1.39824e-09
30.8833,1.37805e-09
30.9,1.35815e-09
30.9167,1.33853e-09
30.9333,1.3192e-09
30.95,1.30015e-09
30.9667,1.28136e-09
30.9833,1.26285e-09
31,1.24461e-09
31.0167,1.22663e-09
31.0333,1.20891e-09
31.05,1.19144e-09
31.0667,1.17422e-09
31.0833,1.15726e-09
31.1,1.14053e-09
31.1167,1.12405e-09
31.1333,1.10781e-09
31.15,1.0918e-09
31.1667,1.07602e-09
31.1833,1.06046e-09
31.2,1.04513e-09
31.2167,1.03003e-09
31.2333,1.01514e-09
31.25,1.00046e-09
31.2667,9.85999e-10
31.2833,9.71744e-10
31.3,9.57694e-10
31.3167,9.43847e-10
31.3333,9.302e-10
31.35,9.16749e-10
31.3667,9.03492e-10
31.3833,8.90426e-10
31.4,8.77549e-10
31.4167,8.64857e-10
31.4333,8.52348e-10
31.45,8.4002e-10
31.4667,8.27869e-10
31.4833,8.15893e-10
31.5,8.0409e-10
31.5167,7.92457e-10
31.5333,7.80992e-10
31.55,7.69692e-10
31.5667,7.58555e-10
31.5833,7.47578e-10
31.6,7.3676e-10
31.6167,7.26097e-10
31.6333,7.15588e-10
31.65,7.05231e-10
31.6667,6.95023e-10
31.6833,6.84962e-10
31.7,6.75045e-10
31.7167,6.65272e-10
31.7333,6.5564e-10
31.75,6.46146e-10
31.7667,6.36789e-10
31.7833,6.27567e-10
31.8,6.18478e-10
31.8167,6.09519e-10
31.8333,6.0069e-10
31.85,5.91988e-10
31.8667,5.83411e-10
31.8833,5.74958e-10
31.9,5.66627e-10
31.9167,5.58415e-10
31.9333,5.50322e-10
31.95,5.42345e-10
31.9667,5.34484e-10
31.9833,5.26735e-10
32,5.19098e-10
32.0167,5.11572e-10
32.0333,5.04153e-10
32.05,4.96842e-10
32.0667,4.89635e-10
32.0833,4.82533e-10
32.1,4.75533e-10
32.1167,4.68633e-10
32.1333,4.61833e-10
32.15,4.55131e-10
32.1667,4.48526e-10
32.1833,4.42016e-10
32.2,4.35599e-10
32.2167,4.29276e-10
32.2333,4.23043e-10
32.25,4.169e-10
32.2667,4.10845e-10
32.2833,4.04878e-10
32.3,3.98997e-10
32.3167,3.93201e-10
32.3333,3.87488e-10
32.35,3.81857e-10
32.3667,3.76308e-10
32.3833,3.70839e-10
32.4,3.65449e-10
32.4167,3.60136e-10
32.4333,3.549e-10
32.45,3.4974e-10
32.4667,3.44654e-10
32.4833,3.39642e-10
32.5,3.34702e-10
32.5167,3.29833e-10
32.5333,3.25035e-10
32.55,3.20306e-10
32.5667,3.15645e-10
32.5833,3.11052e-10
32.6,3.06525e-10
32.6167,3.02063e-10
32.6333,2.97666e-10
32.65,2.93333e-10
32.6667,2.89062e-10
32.6833,2.84853e-10
32.7,2.80705e-10
32.7167,2.76617e-10
32.7333,2.72588e-10
32.75,2.68617e-10
32.7667,2.64704e-10
32.7833,2.60848e-10
32.8,2.57047e-10
32.8167,2.53302e-10
32.8333,2.4961e-10
32.85,2.45973e-10
32.8667,2.42388e-10
32.8833,2.38855e-10
32.9,2.35373e-10
32.9167,2.31942e-10
32.9333,2.2856e-10
32.95,2.25228e-10
32.9667,2.21944e-10
32.9833,2.18708e-10
33,2.15518e-10
33.0167,2.12375e-10
33.0333,2.09278e-10
33.05,2.06226e-10
33.0667,2.03218e-10
33.0833,2.00253e-10
33.1,1.97332e-10
33.1167,1.94453e-10
33.1333,1.91617e-10
33.15,1.88821e-10
33.1667,1.86066e-10
33.1833,1.83351e-10
33.2,1.80676e-10
33.2167,1.78039e-10
33.2333,1.75441e-10
33.25,1.72881e-10
33.2667,1.70358e-10
33.2833,1.67872e-10
33.3,1.65422e-10
33.3167,1.63008e-10
33.3333,1.60628e-10
33.35,1.58284e-10
33.3667,1.55973e-10
33.3833,1.53697e-10
33.4,1.51453e-10
33.4167,1.49242e-10
33.4333,1.47064e-10
33.45,1.44917e-10
33.4667,1.42801e-10
33.4833,1.40716e-10
33.5,1.38662e-10
33.5167,1.36637e-10
33.5333,1.34642e-10
33.55,1.32677e-10
33.5667,1.30739e-10
33.5833,1.2883e-10
33.6,1.26949e-10
33.6167,1.25096e-10
33.6333,1.23269e-10
33.65,1.21469e-10
33.6667,1.19695e-10
33.6833,1.17947e-10
33.7,1.16224e-10
33.7167,1.14527e-10
33.7333,1.12854e-10
33.75,1.11206e-10
33.7667,1.09582e-10
33.7833,1.07981e-10
33.8,1.06404e-10
33.8167,1.0485e-10
33.8333,1.03318e-10
33.85,1.01809e-10
33.8667,1.00321e-10
33.8833,9.88558e-11
33.9,9.74115e-11
33.9167,9.59882e-11
33.9333,9.45856e-11
33.95,9.32035e-11
33.9667,9.18415e-11
33.9833,9.04994e-11
34,8.91768e-11
34.0167,8.78734e-11
34.0333,8.6589e-11
34.05,8.53233e-11
34.0667,8.40761e-11
34.0833,8.2847e-11
34.1,8.16358e-11
34.1167,8.04422e-11
34.1333,7.9266e-11
34.15,7.81069e-11
34.1667,7.69647e-11
34.1833,7.58391e-11
34.2,7.47298e-11
34.2167,7.36367e-11
34.2333,7.25595e-11
34.25,7.1498e-11
34.2667,7.0452e-11
34.2833,6.94211e-11
34.3,6.84052e-11
34.3167,6.74042e-11
34.3333,6.64176e-11
34.35,6.54455e-11
34.3667,6.44874e-11
34.3833,6.35433e-11
34.4,6.2613e-11
34.4167,6.16962e-11
34.4333,6.07927e-11
34.45,5.99023e-11
34.4667,5.90249e-11
34.4833,5.81603e-11
34.5,5.73082e-11
34.5167,5.64686e-11
34.5333,5.56411e-11
34.55,5.48257e-11
34.5667,5.40222e-11
34.5833,5.32303e-11
34.6,5.245e-11
34.6167,5.1681e-11
34.6333,5.09232e-11
34.65,5.01765e-11
34.6667,4.94406e-11
34.6833,4.87154e-11
34.7,4.80008e-11
34.7167,4.72966e-11
34.7333,4.66027e-11
34.75,4.59189e-11
34.7667,4.5245e-11
34.7833,4.45809e-11
34.8,4.39266e-11
34.8167,4.32817e-11
34.8333,4.26463e-11
34.85,4.20201e-11
34.8667,4.14031e-11
34.8833,4.0795e-11
34.9,4.01958e-11
34.9167,3.96054e-11
34.9333,3.90236e-11
34.95,3.84503e-11
34.9667,3.78853e-11
34.9833,3.73286e-11
35,3.678e-11
35.0167,3.62395e-11
35.0333,3.57068e-11
35.05,3.51819e-11
35.0667,3.46647e-11
35.0833,3.41551e-11
35.1,3.36529e-11
35.1167,3.3158e-11
35.1333,3.26704e-11
35.15,3.21899e-11
35.1667,3.17165e-11
35.1833,3.125e-11
35.2,3.07903e-11
35.2167,3.03373e-11
35.2333,2.9891e-11
35.25,2.94512e-11
35.2667,2.90179e-11
35.2833,2.85909e-11
35.3,2.81702e-11
35.3167,2.77557e-11
35.3333,2.73472e-11
35.35,2.69447e-11
35.3667,2.65481e-11
35.3833,2.61574e-11
35.4,2.57723e-11
35.4167,2.5393e-11
35.4333,2.50192e-11
35.45,2.46509e-11
35.4667,2.4288e-11
35.4833,2.39304e-11
35.5,2.35781e-11
35.5167,2.3231e-11
35.5333,2.28889e-11
35.55,2.25519e-11
35.5667,2.22199e-11
35.5833,2.18927e-11
35.6,2.15703e-11
35.6167,2.12527e-11
35.6333,2.09398e-11
35.65,2.06314e-11
35.6667,2.03276e-11
35.6833,2.00283e-11
35.7,1.97334e-11
35.7167,1.94428e-11
35.7333,1.91564e-11
35.75,1.88743e-11
35.7667,1.85964e-11
35.7833,1.83225e-11
35.8,1.80527e-11
35.8167,1.77868e-11
35.8333,1.75249e-11
35.85,1.72668e-11
35.8667,1.70125e-11
35.8833,1.6762e-11
35.9,1.65151e-11
35.9167,1.62719e-11
35.9333,1.60323e-11
35.95,1.57961e-11
35.9667,1.55635e-11
35.9833,1.53343e-11
36,1.51084e-11
36.0167,1.48859e-11
36.0333,1.46667e-11
36.05,1.44507e-11
36.0667,1.42378e-11
36.0833,1.40281e-11
36.1,1.38215e-11
36.1167,1.36179e-11
36.1333,1.34173e-11
36.15,1.32197e-11
36.1667,1.3025e-11
36.1833,1.28331e-11
36.2,1.26441e-11
36.2167,1.24578e-11
36.2333,1.22743e-11
36.25,1.20934e-11
36.2667,1.19153e-11
36.2833,1.17397e-11
36.3,1.15667e-11
36.3167,1.13963e-11
36.3333,1.12284e-11
36.35,1.10629e-11
36.3667,1.08999e-11
36.3833,1.07392e-11
36.4,1.0581e-11
36.4167,1.0425e-11
36.4333,1.02714e-11
36.45,1.01199e-11
36.4667,9.97076e-12
36.4833,9.82377e-12
36.5,9.67893e-12
36.5167,9.53622e-12
36.5333,9.3956e-12
36.55,9.25704e-12
36.5667,9.12052e-12
36.5833,8.986e-12
36.6,8.85346e-12
36.6167,8.72286e-12
36.6333,8.59417e-12
36.65,8.46738e-12
36.6667,8.34244e-12
36.6833,8.21933e-12
36.7,8.09803e-12
36.7167,7.97851e-12
36.7333,7.86074e-12
36.75,7.7447e-12
36.7667,7.63036e-12
36.7833,7.5177e-12
36.8,7.40669e-12
36.8167,7.29731e-12
36.8333,7.18953e-12
36.85,7.08333e-12
36.8667,6.97869e-12
36.8833,6.87559e-12
36.9,6.77399e-12
36.9167,6.67389e-12
36.9333,6.57526e-12
36.95,6.47807e-12
36.9667,6.38231e-12
36.9833,6.28795e-12
37,6.19498e-12
37.0167,6.10337e-12
37.0333,6.01311e-12
37.05,5.92417e-12
37.0667,5.83654e-12
37.0833,5.75019e-12
37.1,5.66512e-12
37.1167,5.58129e-12
37.1333,5.49869e-12
37.15,5.41731e-12
37.1667,5.33713e-12
37.1833,5.25812e-12
37.2,5.18027e-12
37.2167,5.10357e-12
37.2333,5.028e-12
37.25,4.95354e-12
37.2667,4.88017e-12
37.2833,4.80788e-12
37.3,4.73666e-12
37.3167,4.66649e-12
37.3333,4.59735e-12
37.35,4.52922e-12
37.3667,4.46211e-12
37.3833,4.39598e-12
37.4,4.33082e-12
37.4167,4.26663e-12
37.4333,4.20338e-12
37.45,4.14107e-12
37.4667,4.07967e-12
37.4833,4.01918e-12
37.5,3.95959e-12
37.5167,3.90087e-12
37.5333,3.84302e-12
37.55,3.78603e-12
37.5667,3.72987e-12
37.5833,3.67455e-12
37.6,3.62005e-12
37.6167,3.56635e-12
37.6333,3.51344e-12
37.65,3.46132e-12
37.6667,3.40997e-12
37.6833,3.35938e-12
37.7,3.30954e-12
37.7167,3.26043e-12
37.7333,3.21206e-12
37.75,3.16439e-12
37.7667,3.11744e-12
37.7833,3.07118e-12
37.8,3.02561e-12
37.8167,2.98071e-12
37.8333,2.93648e-12
37.85,2.8929e-12
37.8667,2.84997e-12
37.8833,2.80768e-12
37.9,2.76601e-12
37.9167,2.72496e-12
37.9333,2.68452e-12
37.95,2.64469e-12
37.9667,2.60544e-12
37.9833,2.56677e-12
38,2.52868e-12
38.0167,2.49116e-12
38.0333,2.45419e-12
38.05,2.41777e-12
38.0667,2.38189e-12
38.0833,2.34654e-12
38.1,2.31172e-12
38.1167,2.27742e-12
38.1333,2.24362e-12
38.15,2.21033e-12
38.1667,2.17753e-12
38.1833,2.14522e-12
38.2,2.11339e-12
38.2167,2.08203e-12
38.2333,2.05114e-12
38.25,2.0207e-12
38.2667,1.99072e-12
38.2833,1.96118e-12
38.3,1.93208e-12
38.3167,1.90342e-12
38.3333,1.87517e-12
38.35,1.84735e-12
38.3667,1.81994e-12
38.3833,1.79294e-12
38.4,1.76634e-12
38.4167,1.74013e-12
38.4333,1.71431e-12
38.45,1.68888e-12
38.4667,1.66382e-12
38.4833,1.63913e-12
38.5,1.61481e-12
38.5167,1.59085e-12
38.5333,1.56725e-12
38.55,1.54399e-12
38.5667,1.52108e-12
38.5833,1.49851e-12
38.6,1.47628e-12
38.6167,1.45437e-12
38.6333,1.43279e-12
38.65,1.41152e-12
38.6667,1.39058e-12
38.6833,1.36994e-12
38.7,1.3496e-12
38.7167,1.32957e-12
38.7333,1.30984e-12
38.75,1.29039e-12
38.7667,1.27124e-12
38.7833,1.25237e-12
38.8,1.23377e-12
38.8167,1.21545e-12
38.8333,1.19741e-12
38.85,1.17963e-12
38.8667,1.16211e-12
38.8833,1.14485e-12
38.9,1.12784e-12
38.9167,1.11109e-12
38.9333,1.09459e-12
38.95,1.07833e-12
38.9667,1.0623e-12
38.9833,1.04652e-12
39,1.03097e-12
39.0167,1.01565e-12
39.0333,1.00055e-12
39.05,9.85678e-13
39.0667,9.71025e-13
39.0833,9.56588e-13
39.1,9.42364e-13
39.1167,9.28351e-13
39.1333,9.14544e-13
39.15,9.00941e-13
39.1667,8.87539e-13
39.1833,8.74335e-13
39.2,8.61326e-13
39.2167,8.48509e-13
39.2333,8.35881e-13
39.25,8.2344e-13
39.2667,8.11182e-13
39.2833,7.99105e-13
39.3,7.87207e-13
39.3167,7.75485e-13
39.3333,7.63936e-13
39.35,7.52557e-13
39.3667,7.41346e-13
39.3833,7.30302e-13
39.4,7.1942e-13
39.4167,7.087e-13
39.4333,6.98137e-13
39.45,6.87731e-13
39.4667,6.77479e-13
39.4833,6.67379e-13
39.5,6.57428e-13
39.5167,6.47625e-13
39.5333,6.37966e-13
39.55,6.28451e-13
39.5667,6.19076e-13
39.5833,6.0984e-13
39.6,6.00742e-13
39.6167,5.91778e-13
39.6333,5.82947e-13
39.65,5.74246e-13
39.6667,5.65675e-13
39.6833,5.57231e-13
39.7,5.48913e-13
39.7167,5.40717e-13
39.7333,5.32644e-13
39.75,5.2469e-13
39.7667,5.16855e-13
39.7833,5.09136e-13
39.8,5.01532e-13
39.8167,4.94041e-13
39.8333,4.86661e-13
39.85,4.79391e-13
39.8667,4.72229e-13
39.8833,4.65174e-13
39.9,4.58224e-13
39.9167,4.51377e-13
39.9333,4.44632e-13
39.95,4.37988e-13
39.9667,4.31443e-13
39.9833,4.24996e-13
40,4.18644e-13
40.0167,4.12387e-13
40.0333,4.06224e-13
40.05,4.00153e-13
40.0667,3.94172e-13
40.0833,3.88281e-13
40.1,3.82477e-13
40.1167,3.7676e-13
40.1333,3.71129e-13
40.15,3.65582e-13
40.1667,3.60117e-13
40.1833,3.54735e-13
40.2,3.49433e-13
40.2167,3.4421e-13
40.2333,3.39065e-13
40.25,3.33997e-13
40.2667,3.29005e-13
40.2833,3.24088e-13
40.3,3.19244e-13
40.3167,3.14472e-13
40.3333,3.09772e-13
40.35,3.05143e-13
40.3667,3.00583e-13
40.3833,2.96091e-13
40.4,2.91666e-13
40.4167,2.87307e-13
40.4333,2.83014e-13
40.45,2.78785e-13
40.4667,2.74619e-13
40.4833,2.70516e-13
40.5,2.66474e-13
40.5167,2.62493e-13
40.5333,2.58571e-13
40.55,2.54708e-13
40.5667,2.50902e-13
40.5833,2.47154e-13
40.6,2.43462e-13
40.6167,2.39825e-13
40.6333,2.36242e-13
40.65,2.32713e-13
40.6667,2.29237e-13
40.6833,2.25813e-13
40.7,2.2244e-13
40.7167,2.19117e-13
40.7333,2.15844e-13
40.75,2.1262e-13
40.7667,2.09445e-13
40.7833,2.06316e-13
40.8,2.03235e-13
40.8167,2.00199e-13
40.8333,1.97209e-13
40.85,1.94264e-13
40.8667,1.91362e-13
40.8833,1.88504e-13
40.9,1.85688e-13
40.9167,1.82915e-13
40.9333,1.80182e-13
40.95,1.77491e-13
40.9667,1.7484e-13
40.9833,1.72228e-13
41,1.69655e-13
41.0167,1.6712e-13
41.0333,1.64623e-13
41.05,1.62164e-13
41.0667,1.59741e-13
41.0833,1.57354e-13
41.1,1.55003e-13
41.1167,1.52686e-13
41.1333,1.50405e-13
41.15,1.48157e-13
41.1667,1.45942e-13
41.1833,1.43761e-13
41.2,1.41611e-13
41.2167,1.39494e-13
41.2333,1.37409e-13
41.25,1.35354e-13
41.2667,1.3333e-13
41.2833,1.31336e-13
41.3,1.29371e-13
41.3167,1.27436e-13
41.3333,1.2553e-13
41.35,1.23651e-13
41.3667,1.21801e-13
41.3833,1.19978e-13
41.4,1.18183e-13
41.4167,1.16414e-13
41.4333,1.14671e-13
41.45,1.12954e-13
41.4667,1.11262e-13
41.4833,1.09596e-13
41.5,1.07954e-13
41.5167,1.06337e-13
41.5333,1.04744e-13
41.55,1.03174e-13
41.5667,1.01628e-13
41.5833,1.00105e-13
41.6,9.86042e-14
41.6167,9.71259e-14
41.6333,9.56694e-14
41.65,9.42347e-14
41.6667,9.28212e-14
41.6833,9.14287e-14
41.7,9.00569e-14
41.7167,8.87056e-14
41.7333,8.73743e-14
41.75,8.60627e-14
41.7667,8.47707e-14
41.7833,8.3498e-14
41.8,8.22441e-14
41.8167,8.10089e-14
41.8333,7.97921e-14
41.85,7.85934e-14
41.8667,7.74125e-14
41.8833,7.62493e-14
41.9,7.51033e-14
41.9167,7.39745e-14
41.9333,7.28624e-14
41.95,7.1767e-14
41.9667,7.06879e-14
41.9833,6.96249e-14
42,6.85777e-14
42.0167,6.75462e-14
42.0333,6.65301e-14
42.05,6.55291e-14
42.0667,6.45432e-14
42.0833,6.35719e-14
42.1,6.26152e-14
42.1167,6.16728e-14
42.1333,6.07445e-14
42.15,5.98301e-14
42.1667,5.89293e-14
42.1833,5.80421e-14
42.2,5.71681e-14
42.2167,5.63073e-14
42.2333,5.54593e-14
42.25,5.46241e-14
42.2667,5.38014e-14
42.2833,5.2991e-14
42.3,5.21928e-14
42.3167,5.14066e-14
42.3333,5.06322e-14
42.35,4.98694e-14
42.3667,4.91181e-14
42.3833,4.83781e-14
42.4,4.76492e-14
42.4167,4.69313e-14
42.4333,4.62241e-14
42.45,4.55276e-14
42.4667,4.48416e-14
42.4833,4.41659e-14
42.5,4.35004e-14
42.5167,4.28449e-14
42.5333,4.21993e-14
42.55,4.15634e-14
42.5667,4.09371e-14
42.5833,4.03202e-14
42.6,3.97126e-14
42.6167,3.91142e-14
42.6333,3.85248e-14
42.65,3.79442e-14
42.6667,3.73725e-14
42.6833,3.68093e-14
42.7,3.62547e-14
42.7167,3.57084e-14
42.7333,3.51704e-14
42.75,3.46404e-14
42.7667,3.41185e-14
42.7833,3.36044e-14
42.8,3.30981e-14
42.8167,3.25994e-14
42.8333,3.21083e-14
42.85,3.16245e-14
42.8667,3.11481e-14
42.8833,3.06788e-14
42.9,3.02166e-14
42.9167,2.97614e-14
42.9333,2.93131e-14
42.95,2.88715e-14
42.9667,2.84365e-14
42.9833,2.80081e-14
43,2.75862e-14
43.0167,2.71706e-14
43.0333,2.67613e-14
43.05,2.63581e-14
43.0667,2.5961e-14
43.0833,2.55699e-14
43.1,2.51847e-14
43.1167,2.48053e-14
43.1333,2.44315e-14
43.15,2.40634e-14
43.1667,2.37009e-14
43.1833,2.33438e-14
43.2,2.2992e-14
43.2167,2.26456e-14
43.2333,2.23043e-14
43.25,2.19682e-14
43.2667,2.16371e-14
43.2833,2.13109e-14
43.3,2.09897e-14
43.3167,2.06733e-14
43.3333,2.03616e-14
43.35,2.00547e-14
43.3667,1.97523e-14
43.3833,1.94544e-14
43.4,1.9161e-14
43.4167,1.8872e-14
43.4333,1.85873e-14
43.45,1.83069e-14
43.4667,1.80307e-14
43.4833,1.77586e-14
43.5,1.74906e-14
43.5167,1.72266e-14
43.5333,1.69665e-14
43.55,1.67104e-14
43.5667,1.6458e-14
43.5833,1.62094e-14
43.6,1.59646e-14
43.6167,1.57234e-14
43.6333,1.54858e-14
43.65,1.52517e-14
43.6667,1.50212e-14
43.6833,1.4794e-14
43.7,1.45703e-14
43.7167,1.43499e-14
43.7333,1.41328e-14
43.75,1.3919e-14
43.7667,1.37083e-14
43.7833,1.35008e-14
43.8,1.32963e-14
43.8167,1.30949e-14
43.8333,1.28966e-14
43.85,1.27011e-14
43.8667,1.25086e-14
43.8833,1.2319e-14
43.9,1.21322e-14
43.9167,1.19482e-14
43.9333,1.17669e-14
43.95,1.15883e-14
43.9667,1.14124e-14
43.9833,1.12391e-14
44,1.10684e-14
44.0167,1.09003e-14
44.0333,1.07347e-14
44.05,1.05715e-14
44.0667,1.04108e-14
44.0833,1.02524e-14
44.1,1.00965e-14
44.1167,9.94283e-15
44.1333,9.79149e-15
44.15,9.64242e-15
44.1667,9.49557e-15
44.1833,9.35092e-15
44.2,9.20843e-15
44.2167,9.06808e-15
44.2333,8.92982e-15
44.25,8.79364e-15
44.2667,8.65949e-15
44.2833,8.52736e-15
44.3,8.3972e-15
44.3167,8.269e-15
44.3333,8.14272e-15
44.35,8.01833e-15
44.3667,7.89581e-15
44.3833,7.77513e-15
44.4,7.65626e-15
44.4167,7.53918e-15
44.4333,7.42386e-15
44.45,7.31027e-15
44.4667,7.19839e-15
44.4833,7.08819e-15
44.5,6.97966e-15
44.5167,6.87275e-15
44.5333,6.76746e-15
44.55,6.66375e-15
44.5667,6.56161e-15
44.5833,6.46101e-15
44.6,6.36192e-15
44.6167,6.26433e-15
44.6333,6.16821e-15
44.65,6.07355e-15
44.6667,5.98031e-15
44.6833,5.88849e-15
44.7,5.79805e-15
44.7167,5.70898e-15
44.7333,5.62126e-15
44.75,5.53486e-15
44.7667,5.44978e-15
44.7833,5.36598e-15
44.8,5.28345e-15
44.8167,5.20217e-15
44.8333,5.12212e-15
44.85,5.04329e-15
44.8667,4.96565e-15
44.8833,4.88919e-15
44.9,4.81389e-15
44.9167,4.73973e-15
44.9333,4.6667e-15
44.95,4.59477e-15
44.9667,4.52394e-15
44.9833,4.45418e-15
45,4.38549e-15
45.0167,4.31783e-15
45.0333,4.25121e-15
45.05,4.18559e-15
45.0667,4.12098e-15
45.0833,4.05734e-15
45.1,3.99467e-15
45.1167,3.93296e-15
45.1333,3.87218e-15
45.15,3.81233e-15
45.1667,3.75338e-15
45.1833,3.69533e-15
45.2,3.63817e-15
45.2167,3.58187e-15
45.2333,3.52643e-15
45.25,3.47183e-15
45.2667,3.41806e-15
45.2833,3.36511e-15
45.3,3.31296e-15
45.3167,3.2616e-15
45.3333,3.21103e-15
45.35,3.16122e-15
45.3667,3.11217e-15
45.3833,3.06386e-15
45.4,3.01629e-15
45.4167,2.96944e-15
45.4333,2.9233e-15
45.45,2.87785e-15
45.4667,2.8331e-15
45.4833,2.78903e-15
45.5,2.74562e-15
45.5167,2.70287e-15
45.5333,2.66077e-15
45.55,2.61931e-15
45.5667,2.57848e-15
45.5833,2.53826e-15
45.6,2.49865e-15
45.6167,2.45964e-15
45.6333,2.42122e-15
45.65,2.38338e-15
45.6667,2.34612e-15
45.6833,2.30941e-15
45.7,2.27326e-15
45.7167,2.23766e-15
45.7333,2.2026e-15
45.75,2.16806e-15
45.7667,2.13404e-15
45.7833,2.10054e-15
45.8,2.06754e-15
45.8167,2.03504e-15
45.8333,2.00303e-15
45.85,1.9715e-15
45.8667,1.94045e-15
45.8833,1.90986e-15
45.9,1.87973e-15
45.9167,1.85006e-15
45.9333,1.82083e-15
45.95,1.79205e-15
45.9667,1.76369e-15
45.9833,1.73576e-15
46,1.70825e-15
46.0167,1.68116e-15
46.0333,1.65447e-15
46.05,1.62818e-15
46.0667,1.60229e-15
46.0833,1.57678e-15
46.1,1.55166e-15
46.1167,1.52691e-15
46.1333,1.50254e-15
46.15,1.47853e-15
46.1667,1.45488e-15
46.1833,1.43158e-15
46.2,1.40864e-15
46.2167,1.38603e-15
46.2333,1.36377e-15
46.25,1.34184e-15
46.2667,1.32024e-15
46.2833,1.29896e-15
46.3,1.278e-15
46.3167,1.25736e-15
46.3333,1.23702e-15
46.35,1.21699e-15
46.3667,1.19726e-15
46.3833,1.17783e-15
46.4,1.15869e-15
46.4167,1.13983e-15
46.4333,1.12126e-15
46.45,1.10296e-15
46.4667,1.08494e-15
46.4833,1.06719e-15
46.5,1.0497e-15
46.5167,1.03248e-15
46.5333,1.01552e-15
46.55,9.98811e-16
46.5667,9.82353e-16
46.5833,9.66143e-16
46.6,9.50176e-16
46.6167,9.34449e-16
46.6333,9.18959e-16
46.65,9.03702e-16
46.6667,8.88675e-16
46.6833,8.73874e-16
46.7,8.59297e-16
46.7167,8.44939e-16
46.7333,8.30797e-16
46.75,8.16869e-16
46.7667,8.03152e-16
46.7833,7.89642e-16
46.8,7.76336e-16
46.8167,7.63231e-16
46.8333,7.50325e-16
46.85,7.37614e-16
46.8667,7.25097e-16
46.8833,7.12769e-16
46.9,7.00628e-16
46.9167,6.88672e-16
46.9333,6.76898e-16
46.95,6.65303e-16
46.9667,6.53884e-16
46.9833,6.4264e-16
47,6.31568e-16
47.0167,6.20664e-16
47.0333,6.09927e-16
47.05,5.99355e-16
47.0667,5.88944e-16
47.0833,5.78693e-16
47.1,5.686e-16
47.1167,5.58661e-16
47.1333,5.48876e-16
47.15,5.39241e-16
47.1667,5.29754e-16
47.1833,5.20414e-16
47.2,5.11218e-16
47.2167,5.02164e-16
47.2333,4.9325e-16
47.25,4.84474e-16
47.2667,4.75835e-16
47.2833,4.67329e-16
47.3,4.58956e-16
47.3167,4.50713e-16
47.3333,4.42598e-16
47.35,4.3461e-16
47.3667,4.26746e-16
47.3833,4.19006e-16
47.4,4.11386e-16
47.4167,4.03886e-16
47.4333,3.96503e-16
47.45,3.89236e-16
47.4667,3.82083e-16
47.4833,3.75043e-16
47.5,3.68113e-16
47.5167,3.61293e-16
47.5333,3.5458e-16
47.55,3.47973e-16
47.5667,3.4147e-16
47.5833,3.35071e-16
47.6,3.28772e-16
47.6167,3.22574e-16
47.6333,3.16474e-16
47.65,3.1047e-16
47.6667,3.04562e-16
47.6833,2.98748e-16
47.7,2.93026e-16
47.7167,2.87396e-16
47.7333,2.81855e-16
47.75,2.76402e-16
47.7667,2.71037e-16
47.7833,2.65757e-16
47.8,2.60561e-16
47.8167,2.55449e-16
47.8333,2.50418e-16
47.85,2.45467e-16
47.8667,2.40596e-16
47.8833,2.35803e-16
47.9,2.31086e-16
47.9167,2.26445e-16
47.9333,2.21878e-16
47.95,2.17385e-16
47.9667,2.12963e-16
47.9833,2.08612e-16
48,2.04331e-16
48.0167,2.00119e-16
48.0333,1.95974e-16
48.05,1.91896e-16
48.0667,1.87882e-16
48.0833,1.83934e-16
48.1,1.80048e-16
48.1167,1.76225e-16
48.1333,1.72463e-16
48.15,1.68761e-16
48.1667,1.65118e-16
48.1833,1.61534e-16
48.2,1.58008e-16
48.2167,1.54537e-16
48.2333,1.51123e-16
48.25,1.47763e-16
48.2667,1.44457e-16
48.2833,1.41204e-16
48.3,1.38004e-16
48.3167,1.34854e-16
48.3333,1.31756e-16
48.35,1.28707e-16
48.3667,1.25707e-16
48.3833,1.22755e-16
48.4,1.19852e-16
48.4167,1.16995e-16
48.4333,1.14184e-16
48.45,1.11418e-16
48.4667,1.08698e-16
48.4833,1.06022e-16
48.5,1.03389e-16
48.5167,1.008e-16
48.5333,9.82523e-17
48.55,9.5747e-17
48.5667,9.32831e-17
48.5833,9.08599e-17
48.6,8.84769e-17
48.6167,8.61338e-17
48.6333,8.38299e-17
48.65,8.15649e-17
48.6667,7.93382e-17
48.6833,7.71495e-17
48.7,7.49984e-17
48.7167,7.28843e-17
48.7333,7.08071e-17
48.75,6.87662e-17
48.7667,6.67614e-17
48.7833,6.47923e-17
48.8,6.28585e-17
48.8167,6.09599e-17
48.8333,5.9096e-17
48.85,5.72666e-17
48.8667,5.54714e-17
48.8833,5.37102e-17
48.9,5.19828e-17
48.9167,5.02888e-17
48.9333,4.86282e-17
48.95,4.70005e-17
48.9667,4.54058e-17
48.9833,4.38436e-17
49,4.2314e-17
49.0167,4.08166e-17
49.0333,3.93513e-17
49.05,3.79179e-17
49.0667,3.65162e-17
49.0833,3.5146e-17
49.1,3.38072e-17
49.1167,3.24995e-17
49.1333,3.12228e-17
49.15,2.99768e-17
49.1667,2.87613e-17
49.1833,2.75762e-17
49.2,2.64211e-17
49.2167,2.52958e-17
49.2333,2.42002e-17
49.25,2.31338e-17
49.2667,2.20965e-17
49.2833,2.1088e-17
49.3,2.01078e-17
49.3167,1.91558e-17
49.3333,1.82316e-17
49.35,1.73347e-17
49.3667,1.6465e-17
49.3833,1.56219e-17
49.4,1.48051e-17
49.4167,1.40142e-17
49.4333,1.32488e-17
49.45,1.25084e-17
49.4667,1.17926e-17
49.4833,1.11009e-17
49.5,1.0433e-17
49.5167,9.78833e-18
49.5333,9.16645e-18
49.55,8.56691e-18
49.5667,7.98926e-18
49.5833,7.43306e-18
49.6,6.89787e-18
49.6167,6.38327e-18
49.6333,5.88886e-18
49.65,5.41425e-18
49.6667,4.95911e-18
49.6833,4.52312e-18
49.7,4.10599e-18
49.7167,3.7075e-18
49.7333,3.32748e-18
49.75,2.96581e-18
49.7667,2.62245e-18
49.7833,2.29744e-18
49.8,1.99093e-18
49.8167,1.70315e-18
49.8333,1.43447e-18
49.85,1.18538e-18
49.8667,9.5654e-19
49.8833,7.48764e-19
49.9,5.63066e-19
49.9167,4.00678e-19
49.9333,2.63068e-19
49.95,1.5198e-19
49.9667,6.94548e-20
49.9833,1.78755e-20
