1e-05,1.40431e-10
0.0166767,0.000521432
0.0333433,0.00193296
0.05001,0.00403147
0.0666767,0.00664328
0.0833433,0.00962073
0.10001,0.0128391
0.116677,0.0161939
0.133343,0.0195982
0.15001,0.0229805
0.166677,0.0262827
0.183343,0.0294585
0.20001,0.0324715
0.216677,0.035294
0.233343,0.0379057
0.25001,0.0402924
0.266677,0.0424455
0.283343,0.0443606
0.30001,0.046037
0.316677,0.0474773
0.333343,0.0486862
0.35001,0.0496705
0.366677,0.0504387
0.383343,0.0510002
0.40001,0.0513654
0.416677,0.0515453
0.433343,0.0515511
0.45001,0.0513944
0.466677,0.0510867
0.483343,0.0506394
0.50001,0.0500636
0.516677,0.0493703
0.533343,0.04857
0.55001,0.0476728
0.566677,0.0466886
0.583343,0.0456264
0.60001,0.0444952
0.616677,0.0433033
0.633343,0.0420584
0.65001,0.0407681
0.666677,0.0394393
0.683343,0.0380785
0.70001,0.0366918
0.716677,0.035285
0.733343,0.0338635
0.75001,0.0324322
0.766677,0.0309958
0.783343,0.0295588
0.80001,0.0281252
0.816677,0.026699
0.833343,0.0252837
0.85001,0.0238828
0.866676,0.0224995
0.883343,0.0211368
0.90001,0.0197976
0.916676,0.0184846
0.933343,0.0172003
0.95001,0.0159473
0.966676,0.0147279
0.983343,0.0135444
1.00001,0.0123987
1.01668,0.0112931
1.03334,0.0102294
1.05001,0.00920956
1.06668,0.00823532
1.08334,0.00730841
1.10001,0.00643047
1.11668,0.00560305
1.13334,0.00482764
1.15001,0.00410563
1.16668,0.00343836
1.18334,0.00282707
1.20001,0.00227293
1.21668,0.001777
1.23334,0.0013403
1.25001,0.00096373
1.26668,0.000648117
1.28334,0.000394201
1.30001,0.000202636
1.31668,7.39886e-05
1.33334,8.7401e-06
1.35001,7.28434e-06
1.36668,6.99296e-05
1.38334,0.000196899
1.40001,0.00038833
1.41668,0.000644278
1.43334,0.000964716
1.45001,0.00134953
1.46668,0.00179854
1.48334,0.00231147
1.50001,0.00288797
1.51668,0.00352763
1.53334,0.00422996
1.55001,0.00499438
1.56668,0.00582026
1.58334,0.00670691
1.60001,0.00765355
1.61668,0.00865935
1.63334,0.00972343
1.65001,0.0108448
1.66668,0.0120226
1.68334,0.0132556
1.70001,0.0145427
1.71668,0.0158829
1.73334,0.0172749
1.75001,0.0187175
1.76668,0.0202094
1.78334,0.0217493
1.80001,0.0233358
1.81668,0.0249676
1.83334,0.0266433
1.85001,0.0283614
1.86668,0.0301205
1.88334,0.0319191
1.90001,0.0337558
1.91668,0.035629
1.93334,0.0375371
1.95001,0.0394788
1.96668,0.0414525
1.98334,0.0434566
2.00001,0.0454896
2.01668,0.0475499
2.03334,0.0496361
2.05001,0.0517467
2.06668,0.05388
2.08334,0.0560347
2.10001,0.0582091
2.11668,0.0604019
2.13334,0.0626115
2.15001,0.0648366
2.16668,0.0670756
2.18334,0.0693272
2.20001,0.07159
2.21668,0.0738627
2.23334,0.0761438
2.25001,0.078432
2.26668,0.0807262
2.28334,0.0830249
2.30001,0.085327
2.31668,0.0876313
2.33334,0.0899366
2.35001,0.0922417
2.36668,0.0945455
2.38334,0.0968469
2.40001,0.0991449
2.41668,0.101438
2.43334,0.103726
2.45001,0.106008
2.46668,0.108282
2.48334,0.110548
2.50001,0.112805
2.51668,0.115052
2.53334,0.117287
2.55001,0.119512
2.56668,0.121723
2.58334,0.123922
2.60001,0.126107
2.61668,0.128277
2.63334,0.130432
2.65001,0.132571
2.66668,0.134693
2.68334,0.136799
2.70001,0.138887
2.71668,0.140957
2.73334,0.143008
2.75001,0.14504
2.76668,0.147053
2.78334,0.149046
2.80001,0.151018
2.81668,0.152969
2.83334,0.154899
2.85001,0.156808
2.86668,0.158694
2.88334,0.160558
2.90001,0.1624
2.91668,0.164219
2.93334,0.166014
2.95001,0.167787
2.96668,0.169535
2.98334,0.17126
3.00001,0.17296
3.01668,0.174637
3.03334,0.176288
3.05001,0.177915
3.06668,0.179517
3.08334,0.181094
3.10001,0.182646
3.11668,0.184172
3.13334,0.185673
3.15001,0.187148
3.16668,0.188598
3.18334,0.190022
3.20001,0.191419
3.21668,0.192791
3.23334,0.194136
3.25001,0.195455
3.26668,0.196748
3.28334,0.198015
3.30001,0.199255
3.31668,0.200468
3.33334,0.201655
3.35001,0.202815
3.36668,0.203948
3.38334,0.205055
3.40001,0.206135
3.41668,0.207188
3.43334,0.208215
3.45001,0.209214
3.46668,0.210187
3.48334,0.211132
3.50001,0.212051
3.51668,0.212943
3.53334,0.213807
3.55001,0.214645
3.56668,0.215456
3.58334,0.21624
3.60001,0.216998
3.61668,0.217728
3.63334,0.218431
3.65001,0.219108
3.66668,0.219758
3.68334,0.220381
3.70001,0.220977
3.71668,0.221547
3.73334,0.22209
3.75001,0.222607
3.76668,0.223097
3.78334,0.223561
3.80001,0.223999
3.81668,0.22441
3.83334,0.224796
3.85001,0.225155
3.86668,0.225489
3.88334,0.225797
3.90001,0.226079
3.91668,0.226335
3.93334,0.226567
3.95001,0.226773
3.96668,0.226954
3.98334,0.22711
4.00001,0.227241
4.01668,0.227348
4.03334,0.22743
4.05001,0.227488
4.06668,0.227522
4.08334,0.227532
4.10001,0.227518
4.11668,0.227481
4.13334,0.227421
4.15001,0.227337
4.16668,0.227231
4.18334,0.227102
4.20001,0.226951
4.21668,0.226778
4.23334,0.226582
4.25001,0.226365
4.26668,0.226127
4.28334,0.225868
4.30001,0.225588
4.31668,0.225287
4.33334,0.224966
4.35001,0.224625
4.36668,0.224264
4.38334,0.223884
4.40001,0.223484
4.41668,0.223066
4.43334,0.222629
4.45001,0.222173
4.46668,0.2217
4.48334,0.221209
4.50001,0.220701
4.51668,0.220176
4.53334,0.219634
4.55001,0.219076
4.56668,0.218501
4.58334,0.217911
4.60001,0.217306
4.61668,0.216685
4.63334,0.216049
4.65001,0.215399
4.66668,0.214735
4.68334,0.214057
4.70001,0.213366
4.71668,0.212661
4.73334,0.211944
4.75001,0.211214
4.76668,0.210472
4.78334,0.209718
4.80001,0.208952
4.81668,0.208176
4.83334,0.207388
4.85001,0.20659
4.86668,0.205781
4.88334,0.204963
4.90001,0.204134
4.91668,0.203297
4.93334,0.20245
4.95001,0.201595
4.96668,0.200731
4.98334,0.199859
5.00001,0.198979
5.01668,0.198092
5.03334,0.197197
5.05001,0.196295
5.06668,0.195386
5.08334,0.194471
5.10001,0.19355
5.11668,0.192622
5.13334,0.191689
5.15001,0.190751
5.16668,0.189807
5.18334,0.188858
5.20001,0.187905
5.21668,0.186946
5.23334,0.185984
5.25001,0.185018
5.26668,0.184047
5.28334,0.183074
5.30001,0.182096
5.31668,0.181116
5.33334,0.180132
5.35001,0.179146
5.36668,0.178157
5.38334,0.177166
5.40001,0.176172
5.41668,0.175177
5.43334,0.174179
5.45001,0.17318
5.46668,0.172179
5.48334,0.171177
5.50001,0.170173
5.51668,0.169169
5.53334,0.168163
5.55001,0.167157
5.56668,0.16615
5.58334,0.165142
5.60001,0.164135
5.61668,0.163127
5.63334,0.162118
5.65001,0.16111
5.66668,0.160102
5.68334,0.159094
5.70001,0.158086
5.71668,0.157079
5.73334,0.156073
5.75001,0.155067
5.76668,0.154061
5.78334,0.153057
5.80001,0.152053
5.81668,0.151051
5.83334,0.150049
5.85001,0.149049
5.86668,0.14805
5.88334,0.147053
5.90001,0.146056
5.91668,0.145062
5.93334,0.144068
5.95001,0.143077
5.96668,0.142087
5.98334,0.141099
6.00001,0.140113
6.01668,0.139129
6.03334,0.138146
6.05001,0.137166
6.06668,0.136188
6.08334,0.135212
6.10001,0.134238
6.11668,0.133266
6.13334,0.132297
6.15001,0.13133
6.16668,0.130366
6.18334,0.129404
6.20001,0.128445
6.21668,0.127488
6.23334,0.126534
6.25001,0.125582
6.26668,0.124634
6.28334,0.123688
6.30001,0.122745
6.31668,0.121805
6.33334,0.120868
6.35001,0.119933
6.36668,0.119002
6.38334,0.118074
6.40001,0.117149
6.41668,0.116228
6.43334,0.115309
6.45001,0.114394
6.46668,0.113482
6.48334,0.112573
6.50001,0.111668
6.51668,0.110767
6.53334,0.109868
6.55001,0.108974
6.56668,0.108083
6.58334,0.107195
6.60001,0.106312
6.61668,0.105432
6.63334,0.104555
6.65001,0.103683
6.66668,0.102814
6.68334,0.101949
6.70001,0.101089
6.71668,0.100232
6.73334,0.0993788
6.75001,0.09853
6.76668,0.0976852
6.78334,0.0968445
6.80001,0.096008
6.81668,0.0951757
6.83334,0.0943476
6.85001,0.0935237
6.86668,0.0927041
6.88334,0.0918889
6.90001,0.091078
6.91668,0.0902715
6.93334,0.0894695
6.95001,0.0886719
6.96668,0.0878788
6.98334,0.0870902
7.00001,0.0863062
7.01668,0.0855267
7.03334,0.0847518
7.05001,0.0839816
7.06668,0.083216
7.08334,0.0824551
7.10001,0.0816989
7.11668,0.0809474
7.13334,0.0802007
7.15001,0.0794587
7.16668,0.0787215
7.18334,0.0779892
7.20001,0.0772616
7.21668,0.0765389
7.23334,0.075821
7.25001,0.075108
7.26668,0.0743998
7.28334,0.0736965
7.30001,0.0729982
7.31668,0.0723047
7.33334,0.0716161
7.35001,0.0709325
7.36668,0.0702538
7.38334,0.06958
7.40001,0.0689111
7.41668,0.0682472
7.43334,0.0675882
7.45001,0.0669341
7.46668,0.0662849
7.48334,0.0656407
7.50001,0.0650014
7.51668,0.0643671
7.53334,0.0637376
7.55001,0.063113
7.56668,0.0624934
7.58334,0.0618786
7.60001,0.0612687
7.61668,0.0606636
7.63334,0.0600635
7.65001,0.0594681
7.66668,0.0588776
7.68334,0.0582919
7.70001,0.057711
7.71668,0.0571349
7.73334,0.0565635
7.75001,0.0559969
7.76668,0.055435
7.78334,0.0548779
7.80001,0.0543254
7.81668,0.0537776
7.83334,0.0532344
7.85001,0.0526958
7.86668,0.0521619
7.88334,0.0516325
7.90001,0.0511077
7.91668,0.0505874
7.93334,0.0500715
7.95001,0.0495602
7.96668,0.0490533
7.98334,0.0485509
8.00001,0.0480528
8.01668,0.0475591
8.03334,0.0470698
8.05001,0.0465847
8.06668,0.0461039
8.08334,0.0456274
8.10001,0.0451551
8.11668,0.044687
8.13334,0.0442231
8.15001,0.0437633
8.16668,0.0433076
8.18334,0.042856
8.20001,0.0424084
8.21668,0.0419649
8.23334,0.0415253
8.25001,0.0410897
8.26668,0.040658
8.28334,0.0402302
8.30001,0.0398063
8.31668,0.0393862
8.33334,0.0389699
8.35001,0.0385574
8.36667,0.0381487
8.38334,0.0377436
8.40001,0.0373423
8.41667,0.0369445
8.43334,0.0365505
8.45001,0.03616
8.46667,0.0357731
8.48334,0.0353897
8.50001,0.0350099
8.51667,0.0346335
8.53334,0.0342606
8.55001,0.0338911
8.56667,0.0335251
8.58334,0.0331624
8.60001,0.032803
8.61667,0.032447
8.63334,0.0320943
8.65001,0.0317448
8.66667,0.0313986
8.68334,0.0310556
8.70001,0.0307158
8.71667,0.0303792
8.73334,0.0300457
8.75001,0.0297154
8.76667,0.0293881
8.78334,0.0290639
8.80001,0.0287428
8.81667,0.0284247
8.83334,0.0281096
8.85001,0.0277975
8.86667,0.0274883
8.88334,0.0271821
8.90001,0.0268788
8.91667,0.0265783
8.93334,0.0262808
8.95001,0.0259861
8.96667,0.0256942
8.98334,0.0254052
9.00001,0.0251189
9.01667,0.0248354
9.03334,0.0245546
9.05001,0.0242766
9.06667,0.0240013
9.08334,0.0237287
9.10001,0.0234587
9.11667,0.0231914
9.13334,0.0229268
9.15001,0.0226647
9.16667,0.0224053
9.18334,0.0221484
9.20001,0.0218941
9.21667,0.0216423
9.23334,0.021393
9.25001,0.0211463
9.26667,0.020902
9.28334,0.0206602
9.30001,0.0204209
9.31667,0.020184
9.33334,0.0199495
9.35001,0.0197175
9.36667,0.0194878
9.38334,0.0192604
9.40001,0.0190355
9.41667,0.0188128
9.43334,0.0185925
9.45001,0.0183745
9.46667,0.0181587
9.48334,0.0179453
9.50001,0.017734
9.51667,0.0175251
9.53334,0.0173183
9.55001,0.0171137
9.56667,0.0169113
9.58334,0.0167111
9.60001,0.016513
9.61667,0.016317
9.63334,0.0161232
9.65001,0.0159315
9.66667,0.0157418
9.68334,0.0155542
9.70001,0.0153687
9.71667,0.0151852
9.73334,0.0150037
9.75001,0.0148242
9.76667,0.0146467
9.78334,0.0144711
9.80001,0.0142975
9.81667,0.0141258
9.83334,0.0139561
9.85001,0.0137882
9.86667,0.0136222
9.88334,0.0134581
9.90001,0.0132958
9.91667,0.0131354
9.93334,0.0129767
9.95001,0.0128199
9.96667,0.0126648
9.98334,0.0125115
10,0.01236
10.0167,0.0122102
10.0333,0.0120621
10.05,0.0119157
10.0667,0.0117709
10.0833,0.0116278
10.1,0.0114864
10.1167,0.0113466
10.1333,0.0112084
10.15,0.0110718
10.1667,0.0109368
10.1833,0.0108034
10.2,0.0106715
10.2167,0.0105411
10.2333,0.0104122
10.25,0.0102849
10.2667,0.010159
10.2833,0.0100346
10.3,0.00991164
10.3167,0.00979012
10.3333,0.00967001
10.35,0.00955131
10.3667,0.00943399
10.3833,0.00931805
10.4,0.00920346
10.4167,0.00909021
10.4333,0.00897829
10.45,0.00886768
10.4667,0.00875837
10.4833,0.00865033
10.5,0.00854357
10.5167,0.00843805
10.5333,0.00833378
10.55,0.00823072
10.5667,0.00812888
10.5833,0.00802823
10.6,0.00792875
10.6167,0.00783045
10.6333,0.0077333
10.65,0.00763729
10.6667,0.00754241
10.6833,0.00744864
10.7,0.00735597
10.7167,0.00726439
10.7333,0.00717388
10.75,0.00708443
10.7667,0.00699603
10.7833,0.00690867
10.8,0.00682234
10.8167,0.00673701
10.8333,0.00665269
10.85,0.00656936
10.8667,0.006487
10.8833,0.00640562
10.9,0.00632518
10.9167,0.00624569
10.9333,0.00616714
10.95,0.0060895
10.9667,0.00601278
10.9833,0.00593695
11,0.00586202
11.0167,0.00578797
11.0333,0.00571479
11.05,0.00564247
11.0667,0.00557099
11.0833,0.00550036
11.1,0.00543056
11.1167,0.00536159
11.1333,0.00529342
11.15,0.00522606
11.1667,0.00515949
11.1833,0.00509371
11.2,0.0050287
11.2167,0.00496447
11.2333,0.00490099
11.25,0.00483826
11.2667,0.00477628
11.2833,0.00471503
11.3,0.00465451
11.3167,0.00459471
11.3333,0.00453562
11.35,0.00447723
11.3667,0.00441954
11.3833,0.00436253
11.4,0.00430621
11.4167,0.00425056
11.4333,0.00419558
11.45,0.00414125
11.4667,0.00408758
11.4833,0.00403456
11.5,0.00398217
11.5167,0.00393042
11.5333,0.00387929
11.55,0.00382877
11.5667,0.00377888
11.5833,0.00372958
11.6,0.00368089
11.6167,0.00363279
11.6333,0.00358527
11.65,0.00353834
11.6667,0.00349198
11.6833,0.00344619
11.7,0.00340097
11.7167,0.0033563
11.7333,0.00331218
11.75,0.0032686
11.7667,0.00322557
11.7833,0.00318307
11.8,0.0031411
11.8167,0.00309965
11.8333,0.00305872
11.85,0.0030183
11.8667,0.00297838
11.8833,0.00293897
11.9,0.00290005
11.9167,0.00286162
11.9333,0.00282368
11.95,0.00278621
11.9667,0.00274923
11.9833,0.0027127
12,0.00267665
12.0167,0.00264105
12.0333,0.00260591
12.05,0.00257121
12.0667,0.00253696
12.0833,0.00250315
12.1,0.00246977
12.1167,0.00243683
12.1333,0.0024043
12.15,0.0023722
12.1667,0.00234051
12.1833,0.00230923
12.2,0.00227835
12.2167,0.00224788
12.2333,0.0022178
12.25,0.00218811
12.2667,0.00215881
12.2833,0.00212989
12.3,0.00210135
12.3167,0.00207318
12.3333,0.00204539
12.35,0.00201795
12.3667,0.00199087
12.3833,0.00196415
12.4,0.00193779
12.4167,0.00191176
12.4333,0.00188608
12.45,0.00186074
12.4667,0.00183573
12.4833,0.00181106
12.5,0.0017867
12.5167,0.00176267
12.5333,0.00173896
12.55,0.00171556
12.5667,0.00169247
12.5833,0.00166969
12.6,0.0016472
12.6167,0.00162502
12.6333,0.00160312
12.65,0.00158152
12.6667,0.00156021
12.6833,0.00153917
12.7,0.00151842
12.7167,0.00149794
12.7333,0.00147773
12.75,0.00145779
12.7667,0.00143811
12.7833,0.0014187
12.8,0.00139954
12.8167,0.00138063
12.8333,0.00136198
12.85,0.00134357
12.8667,0.00132541
12.8833,0.00130748
12.9,0.00128979
12.9167,0.00127234
12.9333,0.00125512
12.95,0.00123812
12.9667,0.00122135
12.9833,0.0012048
13,0.00118847
13.0167,0.00117236
13.0333,0.00115645
13.05,0.00114076
13.0667,0.00112527
13.0833,0.00110999
13.1,0.00109491
13.1167,0.00108002
13.1333,0.00106533
13.15,0.00105084
13.1667,0.00103653
13.1833,0.00102242
13.2,0.00100849
13.2167,0.000994737
13.2333,0.000981168
13.25,0.000967778
13.2667,0.000954563
13.2833,0.000941522
13.3,0.000928651
13.3167,0.000915949
13.3333,0.000903413
13.35,0.000891042
13.3667,0.000878832
13.3833,0.000866783
13.4,0.000854891
13.4167,0.000843155
13.4333,0.000831572
13.45,0.000820142
13.4667,0.00080886
13.4833,0.000797727
13.5,0.000786739
13.5167,0.000775896
13.5333,0.000765194
13.55,0.000754633
13.5667,0.00074421
13.5833,0.000733924
13.6,0.000723773
13.6167,0.000713755
13.6333,0.000703869
13.65,0.000694113
13.6667,0.000684485
13.6833,0.000674984
13.7,0.000665607
13.7167,0.000656355
13.7333,0.000647224
13.75,0.000638214
13.7667,0.000629323
13.7833,0.00062055
13.8,0.000611893
13.8167,0.00060335
13.8333,0.000594921
13.85,0.000586604
13.8667,0.000578397
13.8833,0.0005703
13.9,0.00056231
13.9167,0.000554427
13.9333,0.000546649
13.95,0.000538976
13.9667,0.000531405
13.9833,0.000523936
14,0.000516567
14.0167,0.000509297
14.0333,0.000502125
14.05,0.00049505
14.0667,0.00048807
14.0833,0.000481185
14.1,0.000474393
14.1167,0.000467693
14.1333,0.000461085
14.15,0.000454566
14.1667,0.000448136
14.1833,0.000441794
14.2,0.000435539
14.2167,0.000429369
14.2333,0.000423284
14.25,0.000417282
14.2667,0.000411363
14.2833,0.000405526
14.3,0.000399769
14.3167,0.000394092
14.3333,0.000388493
14.35,0.000382971
14.3667,0.000377527
14.3833,0.000372158
14.4,0.000366863
14.4167,0.000361643
14.4333,0.000356495
14.45,0.000351419
14.4667,0.000346414
14.4833,0.00034148
14.5,0.000336614
14.5167,0.000331817
14.5333,0.000327087
14.55,0.000322423
14.5667,0.000317826
14.5833,0.000313293
14.6,0.000308824
14.6167,0.000304418
14.6333,0.000300075
14.65,0.000295793
14.6667,0.000291571
14.6833,0.00028741
14.7,0.000283307
14.7167,0.000279263
14.7333,0.000275276
14.75,0.000271346
14.7667,0.000267471
14.7833,0.000263652
14.8,0.000259887
14.8167,0.000256176
14.8333,0.000252517
14.85,0.000248911
14.8667,0.000245356
14.8833,0.000241852
14.9,0.000238397
14.9167,0.000234992
14.9333,0.000231636
14.95,0.000228327
14.9667,0.000225066
14.9833,0.000221851
15,0.000218682
15.0167,0.000215558
15.0333,0.000212478
15.05,0.000209443
15.0667,0.000206451
15.0833,0.000203501
15.1,0.000200593
15.1167,0.000197727
15.1333,0.000194901
15.15,0.000192116
15.1667,0.00018937
15.1833,0.000186664
15.2,0.000183995
15.2167,0.000181365
15.2333,0.000178772
15.25,0.000176215
15.2667,0.000173695
15.2833,0.00017121
15.3,0.000168761
15.3167,0.000166346
15.3333,0.000163965
15.35,0.000161618
15.3667,0.000159304
15.3833,0.000157023
15.4,0.000154773
15.4167,0.000152556
15.4333,0.000150369
15.45,0.000148214
15.4667,0.000146088
15.4833,0.000143993
15.5,0.000141927
15.5167,0.000139889
15.5333,0.000137881
15.55,0.0001359
15.5667,0.000133947
15.5833,0.000132022
15.6,0.000130123
15.6167,0.000128251
15.6333,0.000126405
15.65,0.000124585
15.6667,0.00012279
15.6833,0.00012102
15.7,0.000119275
15.7167,0.000117555
15.7333,0.000115858
15.75,0.000114185
15.7667,0.000112535
15.7833,0.000110908
15.8,0.000109303
15.8167,0.000107721
15.8333,0.000106162
15.85,0.000104623
15.8667,0.000103106
15.8833,0.000101611
15.9,0.000100136
15.9167,9.86815e-05
15.9333,9.72474e-05
15.95,9.58333e-05
15.9667,9.44388e-05
15.9833,9.30638e-05
16,9.1708e-05
16.0167,9.03711e-05
16.0333,8.90529e-05
16.05,8.7753e-05
16.0667,8.64714e-05
16.0833,8.52076e-05
16.1,8.39616e-05
16.1167,8.2733e-05
16.1333,8.15216e-05
16.15,8.03272e-05
16.1667,7.91496e-05
16.1833,7.79886e-05
16.2,7.68439e-05
16.2167,7.57153e-05
16.2333,7.46026e-05
16.25,7.35057e-05
16.2667,7.24242e-05
16.2833,7.1358e-05
16.3,7.0307e-05
16.3167,6.92708e-05
16.3333,6.82494e-05
16.35,6.72425e-05
16.3667,6.625e-05
16.3833,6.52716e-05
16.4,6.43071e-05
16.4167,6.33565e-05
16.4333,6.24195e-05
16.45,6.14959e-05
16.4667,6.05856e-05
16.4833,5.96884e-05
16.5,5.8804e-05
16.5167,5.79325e-05
16.5333,5.70735e-05
16.55,5.6227e-05
16.5667,5.53928e-05
16.5833,5.45706e-05
16.6,5.37604e-05
16.6167,5.29619e-05
16.6333,5.21751e-05
16.65,5.13998e-05
16.6667,5.06358e-05
16.6833,4.9883e-05
16.7,4.91412e-05
16.7167,4.84103e-05
16.7333,4.76902e-05
16.75,4.69806e-05
16.7667,4.62815e-05
16.7833,4.55926e-05
16.8,4.4914e-05
16.8167,4.42454e-05
16.8333,4.35866e-05
16.85,4.29376e-05
16.8667,4.22983e-05
16.8833,4.16684e-05
16.9,4.10479e-05
16.9167,4.04366e-05
16.9333,3.98344e-05
16.95,3.92412e-05
16.9667,3.86568e-05
16.9833,3.80812e-05
17,3.75141e-05
17.0167,3.69555e-05
17.0333,3.64053e-05
17.05,3.58633e-05
17.0667,3.53294e-05
17.0833,3.48035e-05
17.1,3.42855e-05
17.1167,3.37752e-05
17.1333,3.32726e-05
17.15,3.27775e-05
17.1667,3.22898e-05
17.1833,3.18095e-05
17.2,3.13363e-05
17.2167,3.08703e-05
17.2333,3.04113e-05
17.25,2.99591e-05
17.2667,2.95137e-05
17.2833,2.9075e-05
17.3,2.86429e-05
17.3167,2.82172e-05
17.3333,2.7798e-05
17.35,2.7385e-05
17.3667,2.69782e-05
17.3833,2.65775e-05
17.4,2.61827e-05
17.4167,2.57939e-05
17.4333,2.54109e-05
17.45,2.50336e-05
17.4667,2.4662e-05
17.4833,2.42958e-05
17.5,2.39352e-05
17.5167,2.35799e-05
17.5333,2.32299e-05
17.55,2.28851e-05
17.5667,2.25454e-05
17.5833,2.22108e-05
17.6,2.18811e-05
17.6167,2.15563e-05
17.6333,2.12363e-05
17.65,2.09211e-05
17.6667,2.06105e-05
17.6833,2.03045e-05
17.7,2.0003e-05
17.7167,1.97059e-05
17.7333,1.94132e-05
17.75,1.91248e-05
17.7667,1.88407e-05
17.7833,1.85607e-05
17.8,1.82848e-05
17.8167,1.8013e-05
17.8333,1.77451e-05
17.85,1.74812e-05
17.8667,1.72211e-05
17.8833,1.69648e-05
17.9,1.67122e-05
17.9167,1.64634e-05
17.9333,1.62181e-05
17.95,1.59764e-05
17.9667,1.57383e-05
17.9833,1.55036e-05
18,1.52722e-05
18.0167,1.50443e-05
18.0333,1.48197e-05
18.05,1.45983e-05
18.0667,1.43801e-05
18.0833,1.41651e-05
18.1,1.39531e-05
18.1167,1.37443e-05
18.1333,1.35385e-05
18.15,1.33356e-05
18.1667,1.31357e-05
18.1833,1.29387e-05
18.2,1.27445e-05
18.2167,1.25531e-05
18.2333,1.23645e-05
18.25,1.21786e-05
18.2667,1.19954e-05
18.2833,1.18148e-05
18.3,1.16369e-05
18.3167,1.14615e-05
18.3333,1.12887e-05
18.35,1.11184e-05
18.3667,1.09505e-05
18.3833,1.07851e-05
18.4,1.0622e-05
18.4167,1.04614e-05
18.4333,1.0303e-05
18.45,1.0147e-05
18.4667,9.99322e-06
18.4833,9.84169e-06
18.5,9.69236e-06
18.5167,9.54522e-06
18.5333,9.40022e-06
18.55,9.25733e-06
18.5667,9.11654e-06
18.5833,8.97781e-06
18.6,8.84112e-06
18.6167,8.70643e-06
18.6333,8.57372e-06
18.65,8.44296e-06
18.6667,8.31413e-06
18.6833,8.18721e-06
18.7,8.06215e-06
18.7167,7.93895e-06
18.7333,7.81758e-06
18.75,7.69801e-06
18.7667,7.58021e-06
18.7833,7.46417e-06
18.8,7.34986e-06
18.8167,7.23726e-06
18.8333,7.12634e-06
18.85,7.01709e-06
18.8667,6.90947e-06
18.8833,6.80347e-06
18.9,6.69907e-06
18.9167,6.59624e-06
18.9333,6.49496e-06
18.95,6.39521e-06
18.9667,6.29698e-06
18.9833,6.20023e-06
19,6.10495e-06
19.0167,6.01113e-06
19.0333,5.91873e-06
19.05,5.82774e-06
19.0667,5.73814e-06
19.0833,5.64991e-06
19.1,5.56304e-06
19.1167,5.47749e-06
19.1333,5.39326e-06
19.15,5.31032e-06
19.1667,5.22866e-06
19.1833,5.14826e-06
19.2,5.0691e-06
19.2167,4.99116e-06
19.2333,4.91442e-06
19.25,4.83887e-06
19.2667,4.7645e-06
19.2833,4.69127e-06
19.3,4.61918e-06
19.3167,4.54821e-06
19.3333,4.47834e-06
19.35,4.40956e-06
19.3667,4.34185e-06
19.3833,4.27519e-06
19.4,4.20957e-06
19.4167,4.14497e-06
19.4333,4.08138e-06
19.45,4.01878e-06
19.4667,3.95715e-06
19.4833,3.89649e-06
19.5,3.83677e-06
19.5167,3.77798e-06
19.5333,3.72011e-06
19.55,3.66314e-06
19.5667,3.60706e-06
19.5833,3.55185e-06
19.6,3.49751e-06
19.6167,3.44401e-06
19.6333,3.39134e-06
19.65,3.33949e-06
19.6667,3.28845e-06
19.6833,3.23821e-06
19.7,3.18874e-06
19.7167,3.14004e-06
19.7333,3.0921e-06
19.75,3.0449e-06
19.7667,2.99843e-06
19.7833,2.95269e-06
19.8,2.90764e-06
19.8167,2.8633e-06
19.8333,2.81964e-06
19.85,2.77665e-06
19.8667,2.73432e-06
19.8833,2.69265e-06
19.9,2.65161e-06
19.9167,2.61121e-06
19.9333,2.57142e-06
19.95,2.53225e-06
19.9667,2.49367e-06
19.9833,2.45568e-06
20,2.41827e-06
20.0167,2.38143e-06
20.0333,2.34515e-06
20.05,2.30942e-06
20.0667,2.27424e-06
20.0833,2.23959e-06
20.1,2.20546e-06
20.1167,2.17184e-06
20.1333,2.13874e-06
20.15,2.10613e-06
20.1667,2.07402e-06
20.1833,2.04239e-06
20.2,2.01123e-06
20.2167,1.98054e-06
20.2333,1.95031e-06
20.25,1.92053e-06
20.2667,1.8912e-06
20.2833,1.86231e-06
20.3,1.83385e-06
20.3167,1.80581e-06
20.3333,1.77819e-06
20.35,1.75098e-06
20.3667,1.72417e-06
20.3833,1.69777e-06
20.4,1.67175e-06
20.4167,1.64612e-06
20.4333,1.62087e-06
20.45,1.596e-06
20.4667,1.57149e-06
20.4833,1.54735e-06
20.5,1.52357e-06
20.5167,1.50013e-06
20.5333,1.47704e-06
20.55,1.4543e-06
20.5667,1.43189e-06
20.5833,1.40981e-06
20.6,1.38806e-06
20.6167,1.36663e-06
20.6333,1.34552e-06
20.65,1.32472e-06
20.6667,1.30423e-06
20.6833,1.28404e-06
20.7,1.26415e-06
20.7167,1.24455e-06
20.7333,1.22525e-06
20.75,1.20623e-06
20.7667,1.1875e-06
20.7833,1.16904e-06
20.8,1.15086e-06
20.8167,1.13295e-06
20.8333,1.11531e-06
20.85,1.09793e-06
20.8667,1.08081e-06
20.8833,1.06394e-06
20.9,1.04733e-06
20.9167,1.03097e-06
20.9333,1.01485e-06
20.95,9.98977e-07
20.9667,9.83343e-07
20.9833,9.67944e-07
21,9.52778e-07
21.0167,9.37842e-07
21.0333,9.23133e-07
21.05,9.08647e-07
21.0667,8.94381e-07
21.0833,8.80333e-07
21.1,8.66499e-07
21.1167,8.52877e-07
21.1333,8.39464e-07
21.15,8.26257e-07
21.1667,8.13253e-07
21.1833,8.00449e-07
21.2,7.87843e-07
21.2167,7.75431e-07
21.2333,7.63212e-07
21.25,7.51183e-07
21.2667,7.39341e-07
21.2833,7.27683e-07
21.3,7.16206e-07
21.3167,7.0491e-07
21.3333,6.9379e-07
21.35,6.82844e-07
21.3667,6.7207e-07
21.3833,6.61466e-07
21.4,6.51029e-07
21.4167,6.40756e-07
21.4333,6.30646e-07
21.45,6.20695e-07
21.4667,6.10903e-07
21.4833,6.01266e-07
21.5,5.91782e-07
21.5167,5.82448e-07
21.5333,5.73264e-07
21.55,5.64226e-07
21.5667,5.55332e-07
21.5833,5.46581e-07
21.6,5.37969e-07
21.6167,5.29496e-07
21.6333,5.21158e-07
21.65,5.12954e-07
21.6667,5.04881e-07
21.6833,4.96938e-07
21.7,4.89123e-07
21.7167,4.81434e-07
21.7333,4.73868e-07
21.75,4.66425e-07
21.7667,4.591e-07
21.7833,4.51894e-07
21.8,4.44804e-07
21.8167,4.37829e-07
21.8333,4.30965e-07
21.85,4.24212e-07
21.8667,4.17568e-07
21.8833,4.11031e-07
21.9,4.04599e-07
21.9167,3.98271e-07
21.9333,3.92044e-07
21.95,3.85918e-07
21.9667,3.7989e-07
21.9833,3.73958e-07
22,3.68122e-07
22.0167,3.6238e-07
22.0333,3.56729e-07
22.05,3.51169e-07
22.0667,3.45698e-07
22.0833,3.40314e-07
22.1,3.35016e-07
22.1167,3.29802e-07
22.1333,3.24671e-07
22.15,3.19622e-07
22.1667,3.14653e-07
22.1833,3.09763e-07
22.2,3.0495e-07
22.2167,3.00213e-07
22.2333,2.9555e-07
22.25,2.90961e-07
22.2667,2.86445e-07
22.2833,2.81999e-07
22.3,2.77623e-07
22.3167,2.73315e-07
22.3333,2.69075e-07
22.35,2.649e-07
22.3667,2.60791e-07
22.3833,2.56745e-07
22.4,2.52763e-07
22.4167,2.48841e-07
22.4333,2.44981e-07
22.45,2.4118e-07
22.4667,2.37438e-07
22.4833,2.33753e-07
22.5,2.30125e-07
22.5167,2.26552e-07
22.5333,2.23034e-07
22.55,2.1957e-07
22.5667,2.16158e-07
22.5833,2.12799e-07
22.6,2.09491e-07
22.6167,2.06233e-07
22.6333,2.03024e-07
22.65,1.99864e-07
22.6667,1.96752e-07
22.6833,1.93687e-07
22.7,1.90668e-07
22.7167,1.87694e-07
22.7333,1.84766e-07
22.75,1.81881e-07
22.7667,1.7904e-07
22.7833,1.76242e-07
22.8,1.73485e-07
22.8167,1.7077e-07
22.8333,1.68096e-07
22.85,1.65462e-07
22.8667,1.62867e-07
22.8833,1.60311e-07
22.9,1.57794e-07
22.9167,1.55314e-07
22.9333,1.52871e-07
22.95,1.50465e-07
22.9667,1.48095e-07
22.9833,1.4576e-07
23,1.43461e-07
23.0167,1.41196e-07
23.0333,1.38965e-07
23.05,1.36767e-07
23.0667,1.34603e-07
23.0833,1.32471e-07
23.1,1.30371e-07
23.1167,1.28303e-07
23.1333,1.26266e-07
23.15,1.2426e-07
23.1667,1.22284e-07
23.1833,1.20338e-07
23.2,1.18422e-07
23.2167,1.16535e-07
23.2333,1.14676e-07
23.25,1.12846e-07
23.2667,1.11044e-07
23.2833,1.09269e-07
23.3,1.07522e-07
23.3167,1.05801e-07
23.3333,1.04107e-07
23.35,1.02439e-07
23.3667,1.00797e-07
23.3833,9.91796e-08
23.4,9.75879e-08
23.4167,9.60208e-08
23.4333,9.44782e-08
23.45,9.29596e-08
23.4667,9.14648e-08
23.4833,8.99935e-08
23.5,8.85452e-08
23.5167,8.71198e-08
23.5333,8.57169e-08
23.55,8.43361e-08
23.5667,8.29772e-08
23.5833,8.16399e-08
23.6,8.0324e-08
23.6167,7.9029e-08
23.6333,7.77547e-08
23.65,7.65008e-08
23.6667,7.5267e-08
23.6833,7.40531e-08
23.7,7.28588e-08
23.7167,7.16837e-08
23.7333,7.05276e-08
23.75,6.93903e-08
23.7667,6.82715e-08
23.7833,6.71708e-08
23.8,6.60881e-08
23.8167,6.50231e-08
23.8333,6.39754e-08
23.85,6.29449e-08
23.8667,6.19314e-08
23.8833,6.09344e-08
23.9,5.99538e-08
23.9167,5.89894e-08
23.9333,5.80409e-08
23.95,5.7108e-08
23.9667,5.61905e-08
23.9833,5.52882e-08
24,5.44008e-08
24.0167,5.35281e-08
24.0333,5.26699e-08
24.05,5.18259e-08
24.0667,5.09959e-08
24.0833,5.01796e-08
24.1,4.93769e-08
24.1167,4.85875e-08
24.1333,4.78113e-08
24.15,4.70479e-08
24.1667,4.62972e-08
24.1833,4.55589e-08
24.2,4.48329e-08
24.2167,4.41189e-08
24.2333,4.34168e-08
24.25,4.27263e-08
24.2667,4.20472e-08
24.2833,4.13794e-08
24.3,4.07226e-08
24.3167,4.00766e-08
24.3333,3.94413e-08
24.35,3.88165e-08
24.3667,3.8202e-08
24.3833,3.75975e-08
24.4,3.7003e-08
24.4167,3.64182e-08
24.4333,3.5843e-08
24.45,3.52772e-08
24.4667,3.47206e-08
24.4833,3.41731e-08
24.5,3.36344e-08
24.5167,3.31045e-08
24.5333,3.25832e-08
24.55,3.20703e-08
24.5667,3.15656e-08
24.5833,3.10691e-08
24.6,3.05805e-08
24.6167,3.00998e-08
24.6333,2.96267e-08
24.65,2.91612e-08
24.6667,2.87031e-08
24.6833,2.82523e-08
24.7,2.78085e-08
24.7167,2.73718e-08
24.7333,2.6942e-08
24.75,2.6519e-08
24.7667,2.61025e-08
24.7833,2.56926e-08
24.8,2.52891e-08
24.8167,2.48919e-08
24.8333,2.45008e-08
24.85,2.41158e-08
24.8667,2.37368e-08
24.8833,2.33636e-08
24.9,2.29962e-08
24.9167,2.26344e-08
24.9333,2.22782e-08
24.95,2.19274e-08
24.9667,2.1582e-08
24.9833,2.12419e-08
25,2.09069e-08
25.0167,2.05771e-08
25.0333,2.02522e-08
25.05,1.99323e-08
25.0667,1.96173e-08
25.0833,1.9307e-08
25.1,1.90014e-08
25.1167,1.87004e-08
25.1333,1.84039e-08
25.15,1.81119e-08
25.1667,1.78244e-08
25.1833,1.75411e-08
25.2,1.72621e-08
25.2167,1.69873e-08
25.2333,1.67166e-08
25.25,1.645e-08
25.2667,1.61874e-08
25.2833,1.59288e-08
25.3,1.56741e-08
25.3167,1.54231e-08
25.3333,1.5176e-08
25.35,1.49326e-08
25.3667,1.46928e-08
25.3833,1.44567e-08
25.4,1.42241e-08
25.4167,1.39951e-08
25.4333,1.37695e-08
25.45,1.35473e-08
25.4667,1.33285e-08
25.4833,1.3113e-08
25.5,1.29009e-08
25.5167,1.26919e-08
25.5333,1.24861e-08
25.55,1.22835e-08
25.5667,1.2084e-08
25.5833,1.18876e-08
25.6,1.16942e-08
25.6167,1.15038e-08
25.6333,1.13163e-08
25.65,1.11318e-08
25.6667,1.09501e-08
25.6833,1.07712e-08
25.7,1.05952e-08
25.7167,1.04219e-08
25.7333,1.02513e-08
25.75,1.00834e-08
25.7667,9.91823e-09
25.7833,9.75562e-09
25.8,9.5956e-09
25.8167,9.43814e-09
25.8333,9.28319e-09
25.85,9.13072e-09
25.8667,8.98071e-09
25.8833,8.83311e-09
25.9,8.6879e-09
25.9167,8.54505e-09
25.9333,8.40451e-09
25.95,8.26627e-09
25.9667,8.13028e-09
25.9833,7.99653e-09
26,7.86497e-09
26.0167,7.73557e-09
26.0333,7.60832e-09
26.05,7.48317e-09
26.0667,7.36009e-09
26.0833,7.23906e-09
26.1,7.12005e-09
26.1167,7.00303e-09
26.1333,6.88796e-09
26.15,6.77482e-09
26.1667,6.66359e-09
26.1833,6.55423e-09
26.2,6.44671e-09
26.2167,6.34101e-09
26.2333,6.23709e-09
26.25,6.13494e-09
26.2667,6.03452e-09
26.2833,5.93581e-09
26.3,5.83878e-09
26.3167,5.7434e-09
26.3333,5.64964e-09
26.35,5.55749e-09
26.3667,5.4669e-09
26.3833,5.37787e-09
26.4,5.29036e-09
26.4167,5.20435e-09
26.4333,5.1198e-09
26.45,5.03671e-09
26.4667,4.95503e-09
26.4833,4.87476e-09
26.5,4.79586e-09
26.5167,4.7183e-09
26.5333,4.64207e-09
26.55,4.56715e-09
26.5667,4.4935e-09
26.5833,4.42111e-09
26.6,4.34996e-09
26.6167,4.28001e-09
26.6333,4.21126e-09
26.65,4.14367e-09
26.6667,4.07723e-09
26.6833,4.01191e-09
26.7,3.9477e-09
26.7167,3.88457e-09
26.7333,3.8225e-09
26.75,3.76147e-09
26.7667,3.70147e-09
26.7833,3.64247e-09
26.8,3.58446e-09
26.8167,3.52741e-09
26.8333,3.47131e-09
26.85,3.41614e-09
26.8667,3.36188e-09
26.8833,3.30851e-09
26.9,3.25602e-09
26.9167,3.20439e-09
26.9333,3.1536e-09
26.95,3.10363e-09
26.9667,3.05448e-09
26.9833,3.00613e-09
27,2.95855e-09
27.0167,2.91174e-09
27.0333,2.86568e-09
27.05,2.82035e-09
27.0667,2.77575e-09
27.0833,2.73185e-09
27.1,2.68865e-09
27.1167,2.64613e-09
27.1333,2.60428e-09
27.15,2.56309e-09
27.1667,2.52254e-09
27.1833,2.48262e-09
27.2,2.44332e-09
27.2167,2.40463e-09
27.2333,2.36654e-09
27.25,2.32904e-09
27.2667,2.29211e-09
27.2833,2.25575e-09
27.3,2.21994e-09
27.3167,2.18468e-09
27.3333,2.14996e-09
27.35,2.11576e-09
27.3667,2.08208e-09
27.3833,2.04891e-09
27.4,2.01625e-09
27.4167,1.98407e-09
27.4333,1.95238e-09
27.45,1.92116e-09
27.4667,1.89042e-09
27.4833,1.86013e-09
27.5,1.8303e-09
27.5167,1.80091e-09
27.5333,1.77196e-09
27.55,1.74345e-09
27.5667,1.71536e-09
27.5833,1.68769e-09
27.6,1.66044e-09
27.6167,1.63359e-09
27.6333,1.60715e-09
27.65,1.5811e-09
27.6667,1.55544e-09
27.6833,1.53016e-09
27.7,1.50526e-09
27.7167,1.48074e-09
27.7333,1.45658e-09
27.75,1.43279e-09
27.7667,1.40936e-09
27.7833,1.38628e-09
27.8,1.36355e-09
27.8167,1.34117e-09
27.8333,1.31913e-09
27.85,1.29742e-09
27.8667,1.27604e-09
27.8833,1.255e-09
27.9,1.23427e-09
27.9167,1.21387e-09
27.9333,1.19378e-09
27.95,1.174e-09
27.9667,1.15453e-09
27.9833,1.13536e-09
28,1.11649e-09
28.0167,1.09792e-09
28.0333,1.07965e-09
28.05,1.06166e-09
28.0667,1.04395e-09
28.0833,1.02653e-09
28.1,1.00939e-09
28.1167,9.92525e-10
28.1333,9.7593e-10
28.15,9.59603e-10
28.1667,9.43541e-10
28.1833,9.27741e-10
28.2,9.12199e-10
28.2167,8.96911e-10
28.2333,8.81876e-10
28.25,8.67089e-10
28.2667,8.52547e-10
28.2833,8.38247e-10
28.3,8.24186e-10
28.3167,8.1036e-10
28.3333,7.96767e-10
28.35,7.83402e-10
28.3667,7.70264e-10
28.3833,7.57349e-10
28.4,7.44654e-10
28.4167,7.32176e-10
28.4333,7.19911e-10
28.45,7.07856e-10
28.4667,6.9601e-10
28.4833,6.84367e-10
28.5,6.72926e-10
28.5167,6.61684e-10
28.5333,6.50637e-10
28.55,6.39782e-10
28.5667,6.29117e-10
28.5833,6.18639e-10
28.6,6.08344e-10
28.6167,5.98229e-10
28.6333,5.88293e-10
28.65,5.78531e-10
28.6667,5.68942e-10
28.6833,5.59521e-10
28.7,5.50267e-10
28.7167,5.41176e-10
28.7333,5.32246e-10
28.75,5.23474e-10
28.7667,5.14858e-10
28.7833,5.06393e-10
28.8,4.98079e-10
28.8167,4.89911e-10
28.8333,4.81889e-10
28.85,4.74007e-10
28.8667,4.66266e-10
28.8833,4.5866e-10
28.9,4.51189e-10
28.9167,4.4385e-10
28.9333,4.36639e-10
28.95,4.29556e-10
28.9667,4.22596e-10
28.9833,4.15758e-10
29,4.0904e-10
29.0167,4.02438e-10
29.0333,3.95952e-10
29.05,3.89577e-10
29.0667,3.83313e-10
29.0833,3.77157e-10
29.1,3.71107e-10
29.1167,3.65161e-10
29.1333,3.59316e-10
29.15,3.5357e-10
29.1667,3.47922e-10
29.1833,3.4237e-10
29.2,3.36911e-10
29.2167,3.31544e-10
29.2333,3.26266e-10
29.25,3.21076e-10
29.2667,3.15972e-10
29.2833,3.10953e-10
29.3,3.06016e-10
29.3167,3.01159e-10
29.3333,2.96382e-10
29.35,2.91683e-10
29.3667,2.87059e-10
29.3833,2.8251e-10
29.4,2.78034e-10
29.4167,2.73629e-10
29.4333,2.69294e-10
29.45,2.65027e-10
29.4667,2.60828e-10
29.4833,2.56694e-10
29.5,2.52625e-10
29.5167,2.4862e-10
29.5333,2.44676e-10
29.55,2.40793e-10
29.5667,2.3697e-10
29.5833,2.33205e-10
29.6,2.29497e-10
29.6167,2.25846e-10
29.6333,2.2225e-10
29.65,2.18709e-10
29.6667,2.15221e-10
29.6833,2.11784e-10
29.7,2.084e-10
29.7167,2.05066e-10
29.7333,2.01781e-10
29.75,1.98545e-10
29.7667,1.95357e-10
29.7833,1.92216e-10
29.8,1.89122e-10
29.8167,1.86073e-10
29.8333,1.83069e-10
29.85,1.80109e-10
29.8667,1.77193e-10
29.8833,1.74319e-10
29.9,1.71488e-10
29.9167,1.68698e-10
29.9333,1.65949e-10
29.95,1.6324e-10
29.9667,1.60571e-10
29.9833,1.57942e-10
30,1.55351e-10
30.0167,1.52798e-10
30.0333,1.50283e-10
30.05,1.47805e-10
30.0667,1.45364e-10
30.0833,1.42959e-10
30.1,1.4059e-10
30.1167,1.38256e-10
30.1333,1.35957e-10
30.15,1.33692e-10
30.1667,1.31462e-10
30.1833,1.29266e-10
30.2,1.27102e-10
30.2167,1.24972e-10
30.2333,1.22874e-10
30.25,1.20808e-10
30.2667,1.18774e-10
30.2833,1.16772e-10
30.3,1.14801e-10
30.3167,1.1286e-10
30.3333,1.1095e-10
30.35,1.0907e-10
30.3667,1.0722e-10
30.3833,1.05399e-10
30.4,1.03607e-10
30.4167,1.01844e-10
30.4333,1.0011e-10
30.45,9.84031e-11
30.4667,9.67244e-11
30.4833,9.50732e-11
30.5,9.34492e-11
30.5167,9.1852e-11
30.5333,9.02814e-11
30.55,8.8737e-11
30.5667,8.72185e-11
30.5833,8.57255e-11
30.6,8.42578e-11
30.6167,8.28151e-11
30.6333,8.13971e-11
30.65,8.00033e-11
30.6667,7.86336e-11
30.6833,7.72876e-11
30.7,7.5965e-11
30.7167,7.46654e-11
30.7333,7.33886e-11
30.75,7.21343e-11
30.7667,7.09021e-11
30.7833,6.96918e-11
30.8,6.8503e-11
30.8167,6.73353e-11
30.8333,6.61886e-11
30.85,6.50625e-11
30.8667,6.39566e-11
30.8833,6.28707e-11
30.9,6.18045e-11
30.9167,6.07576e-11
30.9333,5.97297e-11
30.95,5.87206e-11
30.9667,5.77299e-11
30.9833,5.67573e-11
31,5.58025e-11
31.0167,5.48653e-11
31.0333,5.39452e-11
31.05,5.30421e-11
31.0667,5.21556e-11
31.0833,5.12854e-11
31.1,5.04312e-11
31.1167,4.95927e-11
31.1333,4.87697e-11
31.15,4.79619e-11
31.1667,4.71689e-11
31.1833,4.63904e-11
31.2,4.56263e-11
31.2167,4.48762e-11
31.2333,4.41398e-11
31.25,4.34169e-11
31.2667,4.27072e-11
31.2833,4.20104e-11
31.3,4.13262e-11
31.3167,4.06545e-11
31.3333,3.99949e-11
31.35,3.93471e-11
31.3667,3.8711e-11
31.3833,3.80863e-11
31.4,3.74727e-11
31.4167,3.687e-11
31.4333,3.6278e-11
31.45,3.56964e-11
31.4667,3.5125e-11
31.4833,3.45636e-11
31.5,3.40119e-11
31.5167,3.34697e-11
31.5333,3.29368e-11
31.55,3.24131e-11
31.5667,3.18983e-11
31.5833,3.13921e-11
31.6,3.08945e-11
31.6167,3.04052e-11
31.6333,2.9924e-11
31.65,2.94508e-11
31.6667,2.89854e-11
31.6833,2.85275e-11
31.7,2.80771e-11
31.7167,2.76339e-11
31.7333,2.71978e-11
31.75,2.67687e-11
31.7667,2.63464e-11
31.7833,2.59307e-11
31.8,2.55215e-11
31.8167,2.51186e-11
31.8333,2.4722e-11
31.85,2.43315e-11
31.8667,2.39469e-11
31.8833,2.35682e-11
31.9,2.31952e-11
31.9167,2.28278e-11
31.9333,2.24659e-11
31.95,2.21093e-11
31.9667,2.17581e-11
31.9833,2.1412e-11
32,2.10709e-11
32.0167,2.07349e-11
32.0333,2.04037e-11
32.05,2.00773e-11
32.0667,1.97557e-11
32.0833,1.94386e-11
32.1,1.91261e-11
32.1167,1.88181e-11
32.1333,1.85145e-11
32.15,1.82152e-11
32.1667,1.79201e-11
32.1833,1.76293e-11
32.2,1.73425e-11
32.2167,1.70598e-11
32.2333,1.67812e-11
32.25,1.65065e-11
32.2667,1.62356e-11
32.2833,1.59687e-11
32.3,1.57055e-11
32.3167,1.5446e-11
32.3333,1.51903e-11
32.35,1.49382e-11
32.3667,1.46897e-11
32.3833,1.44447e-11
32.4,1.42033e-11
32.4167,1.39654e-11
32.4333,1.37309e-11
32.45,1.34999e-11
32.4667,1.32722e-11
32.4833,1.30478e-11
32.5,1.28268e-11
32.5167,1.2609e-11
32.5333,1.23945e-11
32.55,1.21832e-11
32.5667,1.19751e-11
32.5833,1.17701e-11
32.6,1.15683e-11
32.6167,1.13695e-11
32.6333,1.11738e-11
32.65,1.09811e-11
32.6667,1.07915e-11
32.6833,1.06048e-11
32.7,1.04211e-11
32.7167,1.02403e-11
32.7333,1.00624e-11
32.75,9.8874e-12
32.7667,9.71522e-12
32.7833,9.54585e-12
32.8,9.37927e-12
32.8167,9.21546e-12
32.8333,9.05437e-12
32.85,8.89599e-12
32.8667,8.74028e-12
32.8833,8.58722e-12
32.9,8.43678e-12
32.9167,8.28894e-12
32.9333,8.14365e-12
32.95,8.0009e-12
32.9667,7.86065e-12
32.9833,7.72288e-12
33,7.58755e-12
33.0167,7.45464e-12
33.0333,7.32411e-12
33.05,7.19594e-12
33.0667,7.07009e-12
33.0833,6.94653e-12
33.1,6.82524e-12
33.1167,6.70618e-12
33.1333,6.58932e-12
33.15,6.47464e-12
33.1667,6.36209e-12
33.1833,6.25165e-12
33.2,6.14328e-12
33.2167,6.03696e-12
33.2333,5.93264e-12
33.25,5.83031e-12
33.2667,5.72993e-12
33.2833,5.63147e-12
33.3,5.53488e-12
33.3167,5.44016e-12
33.3333,5.34725e-12
33.35,5.25613e-12
33.3667,5.16677e-12
33.3833,5.07913e-12
33.4,4.99318e-12
33.4167,4.9089e-12
33.4333,4.82625e-12
33.45,4.7452e-12
33.4667,4.66571e-12
33.4833,4.58776e-12
33.5,4.51132e-12
33.5167,4.43635e-12
33.5333,4.36282e-12
33.55,4.29071e-12
33.5667,4.21999e-12
33.5833,4.15062e-12
33.6,4.08257e-12
33.6167,4.01583e-12
33.6333,3.95034e-12
33.65,3.8861e-12
33.6667,3.82307e-12
33.6833,3.76122e-12
33.7,3.70053e-12
33.7167,3.64096e-12
33.7333,3.5825e-12
33.75,3.52511e-12
33.7667,3.46877e-12
33.7833,3.41346e-12
33.8,3.35915e-12
33.8167,3.30581e-12
33.8333,3.25342e-12
33.85,3.20196e-12
33.8667,3.1514e-12
33.8833,3.10173e-12
33.9,3.05292e-12
33.9167,3.00494e-12
33.9333,2.95779e-12
33.95,2.91143e-12
33.9667,2.86585e-12
33.9833,2.82102e-12
34,2.77694e-12
34.0167,2.73357e-12
34.0333,2.69091e-12
34.05,2.64893e-12
34.0667,2.60762e-12
34.0833,2.56696e-12
34.1,2.52694e-12
34.1167,2.48753e-12
34.1333,2.44873e-12
34.15,2.41052e-12
34.1667,2.37289e-12
34.1833,2.33582e-12
34.2,2.29931e-12
34.2167,2.26332e-12
34.2333,2.22787e-12
34.25,2.19292e-12
34.2667,2.15848e-12
34.2833,2.12453e-12
34.3,2.09106e-12
34.3167,2.05806e-12
34.3333,2.02553e-12
34.35,1.99344e-12
34.3667,1.9618e-12
34.3833,1.93059e-12
34.4,1.89981e-12
34.4167,1.86945e-12
34.4333,1.8395e-12
34.45,1.80995e-12
34.4667,1.7808e-12
34.4833,1.75204e-12
34.5,1.72367e-12
34.5167,1.69568e-12
34.5333,1.66806e-12
34.55,1.64081e-12
34.5667,1.61392e-12
34.5833,1.58739e-12
34.6,1.56122e-12
34.6167,1.53539e-12
34.6333,1.50992e-12
34.65,1.48478e-12
34.6667,1.45999e-12
34.6833,1.43553e-12
34.7,1.4114e-12
34.7167,1.3876e-12
34.7333,1.36413e-12
34.75,1.34098e-12
34.7667,1.31815e-12
34.7833,1.29564e-12
34.8,1.27345e-12
34.8167,1.25157e-12
34.8333,1.23e-12
34.85,1.20874e-12
34.8667,1.18778e-12
34.8833,1.16713e-12
34.9,1.14679e-12
34.9167,1.12674e-12
34.9333,1.107e-12
34.95,1.08755e-12
34.9667,1.0684e-12
34.9833,1.04954e-12
35,1.03097e-12
35.0167,1.0127e-12
35.0333,9.94706e-13
35.05,9.77003e-13
35.0667,9.59583e-13
35.0833,9.42445e-13
35.1,9.25587e-13
35.1167,9.09008e-13
35.1333,8.92704e-13
35.15,8.76673e-13
35.1667,8.60915e-13
35.1833,8.45425e-13
35.2,8.30203e-13
35.2167,8.15246e-13
35.2333,8.0055e-13
35.25,7.86115e-13
35.2667,7.71938e-13
35.2833,7.58015e-13
35.3,7.44344e-13
35.3167,7.30923e-13
35.3333,7.1775e-13
35.35,7.0482e-13
35.3667,6.92132e-13
35.3833,6.79683e-13
35.4,6.6747e-13
35.4167,6.55489e-13
35.4333,6.43738e-13
35.45,6.32215e-13
35.4667,6.20915e-13
35.4833,6.09835e-13
35.5,5.98974e-13
35.5167,5.88327e-13
35.5333,5.77891e-13
35.55,5.67663e-13
35.5667,5.5764e-13
35.5833,5.47818e-13
35.6,5.38195e-13
35.6167,5.28767e-13
35.6333,5.1953e-13
35.65,5.10481e-13
35.6667,5.01618e-13
35.6833,4.92936e-13
35.7,4.84432e-13
35.7167,4.76102e-13
35.7333,4.67945e-13
35.75,4.59955e-13
35.7667,4.52129e-13
35.7833,4.44465e-13
35.8,4.36959e-13
35.8167,4.29608e-13
35.8333,4.22408e-13
35.85,4.15355e-13
35.8667,4.08447e-13
35.8833,4.01681e-13
35.9,3.95052e-13
35.9167,3.88559e-13
35.9333,3.82197e-13
35.95,3.75963e-13
35.9667,3.69855e-13
35.9833,3.63869e-13
36,3.58002e-13
36.0167,3.52251e-13
36.0333,3.46614e-13
36.05,3.41086e-13
36.0667,3.35666e-13
36.0833,3.3035e-13
36.1,3.25135e-13
36.1167,3.2002e-13
36.1333,3.15e-13
36.15,3.10074e-13
36.1667,3.05239e-13
36.1833,3.00492e-13
36.2,2.9583e-13
36.2167,2.91253e-13
36.2333,2.86756e-13
36.25,2.82337e-13
36.2667,2.77995e-13
36.2833,2.73728e-13
36.3,2.69532e-13
36.3167,2.65406e-13
36.3333,2.61348e-13
36.35,2.57356e-13
36.3667,2.53428e-13
36.3833,2.49563e-13
36.4,2.45757e-13
36.4167,2.42011e-13
36.4333,2.38321e-13
36.45,2.34687e-13
36.4667,2.31107e-13
36.4833,2.27579e-13
36.5,2.24103e-13
36.5167,2.20675e-13
36.5333,2.17296e-13
36.55,2.13964e-13
36.5667,2.10678e-13
36.5833,2.07436e-13
36.6,2.04238e-13
36.6167,2.01082e-13
36.6333,1.97967e-13
36.65,1.94893e-13
36.6667,1.91858e-13
36.6833,1.88863e-13
36.7,1.85905e-13
36.7167,1.82984e-13
36.7333,1.80099e-13
36.75,1.7725e-13
36.7667,1.74436e-13
36.7833,1.71656e-13
36.8,1.68911e-13
36.8167,1.66198e-13
36.8333,1.63519e-13
36.85,1.60872e-13
36.8667,1.58256e-13
36.8833,1.55673e-13
36.9,1.5312e-13
36.9167,1.50598e-13
36.9333,1.48107e-13
36.95,1.45646e-13
36.9667,1.43215e-13
36.9833,1.40814e-13
37,1.38443e-13
37.0167,1.36101e-13
37.0333,1.33788e-13
37.05,1.31504e-13
37.0667,1.29249e-13
37.0833,1.27023e-13
37.1,1.24825e-13
37.1167,1.22657e-13
37.1333,1.20517e-13
37.15,1.18405e-13
37.1667,1.16322e-13
37.1833,1.14267e-13
37.2,1.1224e-13
37.2167,1.10241e-13
37.2333,1.08271e-13
37.25,1.06329e-13
37.2667,1.04415e-13
37.2833,1.02529e-13
37.3,1.00671e-13
37.3167,9.88404e-14
37.3333,9.70381e-14
37.35,9.52635e-14
37.3667,9.35167e-14
37.3833,9.17975e-14
37.4,9.01059e-14
37.4167,8.84417e-14
37.4333,8.68049e-14
37.45,8.51954e-14
37.4667,8.3613e-14
37.4833,8.20575e-14
37.5,8.0529e-14
37.5167,7.90272e-14
37.5333,7.75519e-14
37.55,7.61031e-14
37.5667,7.46805e-14
37.5833,7.32839e-14
37.6,7.19132e-14
37.6167,7.05681e-14
37.6333,6.92485e-14
37.65,6.7954e-14
37.6667,6.66846e-14
37.6833,6.54398e-14
37.7,6.42196e-14
37.7167,6.30236e-14
37.7333,6.18515e-14
37.75,6.07031e-14
37.7667,5.95781e-14
37.7833,5.84762e-14
37.8,5.73971e-14
37.8167,5.63405e-14
37.8333,5.53061e-14
37.85,5.42936e-14
37.8667,5.33026e-14
37.8833,5.23328e-14
37.9,5.13839e-14
37.9167,5.04556e-14
37.9333,4.95474e-14
37.95,4.86591e-14
37.9667,4.77903e-14
37.9833,4.69406e-14
38,4.61098e-14
38.0167,4.52973e-14
38.0333,4.45029e-14
38.05,4.37263e-14
38.0667,4.29669e-14
38.0833,4.22246e-14
38.1,4.14988e-14
38.1167,4.07893e-14
38.1333,4.00957e-14
38.15,3.94175e-14
38.1667,3.87546e-14
38.1833,3.81064e-14
38.2,3.74726e-14
38.2167,3.68529e-14
38.2333,3.62469e-14
38.25,3.56542e-14
38.2667,3.50745e-14
38.2833,3.45075e-14
38.3,3.39528e-14
38.3167,3.341e-14
38.3333,3.28788e-14
38.35,3.23589e-14
38.3667,3.185e-14
38.3833,3.13517e-14
38.4,3.08637e-14
38.4167,3.03857e-14
38.4333,2.99173e-14
38.45,2.94584e-14
38.4667,2.90085e-14
38.4833,2.85674e-14
38.5,2.81348e-14
38.5167,2.77104e-14
38.5333,2.7294e-14
38.55,2.68852e-14
38.5667,2.64839e-14
38.5833,2.60897e-14
38.6,2.57024e-14
38.6167,2.53219e-14
38.6333,2.49477e-14
38.65,2.45798e-14
38.6667,2.4218e-14
38.6833,2.38619e-14
38.7,2.35114e-14
38.7167,2.31663e-14
38.7333,2.28264e-14
38.75,2.24915e-14
38.7667,2.21615e-14
38.7833,2.18362e-14
38.8,2.15153e-14
38.8167,2.11989e-14
38.8333,2.08867e-14
38.85,2.05785e-14
38.8667,2.02743e-14
38.8833,1.99739e-14
38.9,1.96772e-14
38.9167,1.9384e-14
38.9333,1.90944e-14
38.95,1.88081e-14
38.9667,1.8525e-14
38.9833,1.82452e-14
39,1.79684e-14
39.0167,1.76947e-14
39.0333,1.74239e-14
39.05,1.7156e-14
39.0667,1.68909e-14
39.0833,1.66285e-14
39.1,1.63689e-14
39.1167,1.61119e-14
39.1333,1.58575e-14
39.15,1.56058e-14
39.1667,1.53565e-14
39.1833,1.51098e-14
39.2,1.48655e-14
39.2167,1.46237e-14
39.2333,1.43844e-14
39.25,1.41475e-14
39.2667,1.39131e-14
39.2833,1.3681e-14
39.3,1.34514e-14
39.3167,1.32241e-14
39.3333,1.29993e-14
39.35,1.27769e-14
39.3667,1.25569e-14
39.3833,1.23393e-14
39.4,1.21242e-14
39.4167,1.19115e-14
39.4333,1.17012e-14
39.45,1.14934e-14
39.4667,1.12881e-14
39.4833,1.10853e-14
39.5,1.08849e-14
39.5167,1.06871e-14
39.5333,1.04918e-14
39.55,1.02991e-14
39.5667,1.01089e-14
39.5833,9.92134e-15
39.6,9.73634e-15
39.6167,9.55394e-15
39.6333,9.37416e-15
39.65,9.197e-15
39.6667,9.02249e-15
39.6833,8.85062e-15
39.7,8.68141e-15
39.7167,8.51486e-15
39.7333,8.35098e-15
39.75,8.18977e-15
39.7667,8.03124e-15
39.7833,7.87538e-15
39.8,7.72221e-15
39.8167,7.5717e-15
39.8333,7.42387e-15
39.85,7.27871e-15
39.8667,7.13621e-15
39.8833,6.99636e-15
39.9,6.85915e-15
39.9167,6.72457e-15
39.9333,6.59261e-15
39.95,6.46325e-15
39.9667,6.33648e-15
39.9833,6.21227e-15
40,6.09062e-15
40.0167,5.97149e-15
40.0333,5.85488e-15
40.05,5.74074e-15
40.0667,5.62906e-15
40.0833,5.51982e-15
40.1,5.41298e-15
40.1167,5.30851e-15
40.1333,5.20639e-15
40.15,5.10659e-15
40.1667,5.00907e-15
40.1833,4.91381e-15
40.2,4.82076e-15
40.2167,4.72989e-15
40.2333,4.64118e-15
40.25,4.55457e-15
40.2667,4.47004e-15
40.2833,4.38755e-15
40.3,4.30706e-15
40.3167,4.22853e-15
40.3333,4.15192e-15
40.35,4.0772e-15
40.3667,4.00432e-15
40.3833,3.93325e-15
40.4,3.86394e-15
40.4167,3.79635e-15
40.4333,3.73045e-15
40.45,3.66619e-15
40.4667,3.60353e-15
40.4833,3.54243e-15
40.5,3.48286e-15
40.5167,3.42477e-15
40.5333,3.36811e-15
40.55,3.31286e-15
40.5667,3.25896e-15
40.5833,3.20639e-15
40.6,3.1551e-15
40.6167,3.10505e-15
40.6333,3.0562e-15
40.65,3.00852e-15
40.6667,2.96196e-15
40.6833,2.9165e-15
40.7,2.87208e-15
40.7167,2.82868e-15
40.7333,2.78626e-15
40.75,2.74479e-15
40.7667,2.70423e-15
40.7833,2.66454e-15
40.8,2.6257e-15
40.8167,2.58766e-15
40.8333,2.55041e-15
40.85,2.5139e-15
40.8667,2.47811e-15
40.8833,2.44301e-15
40.9,2.40857e-15
40.9167,2.37476e-15
40.9333,2.34155e-15
40.95,2.30892e-15
40.9667,2.27685e-15
40.9833,2.2453e-15
41,2.21426e-15
41.0167,2.18369e-15
41.0333,2.15359e-15
41.05,2.12392e-15
41.0667,2.09467e-15
41.0833,2.06582e-15
41.1,2.03735e-15
41.1167,2.00924e-15
41.1333,1.98147e-15
41.15,1.95403e-15
41.1667,1.9269e-15
41.1833,1.90007e-15
41.2,1.87353e-15
41.2167,1.84726e-15
41.2333,1.82124e-15
41.25,1.79547e-15
41.2667,1.76994e-15
41.2833,1.74464e-15
41.3,1.71955e-15
41.3167,1.69468e-15
41.3333,1.67001e-15
41.35,1.64553e-15
41.3667,1.62124e-15
41.3833,1.59713e-15
41.4,1.57321e-15
41.4167,1.54946e-15
41.4333,1.52588e-15
41.45,1.50246e-15
41.4667,1.47922e-15
41.4833,1.45613e-15
41.5,1.43321e-15
41.5167,1.41045e-15
41.5333,1.38786e-15
41.55,1.36542e-15
41.5667,1.34315e-15
41.5833,1.32104e-15
41.6,1.29909e-15
41.6167,1.27732e-15
41.6333,1.25571e-15
41.65,1.23427e-15
41.6667,1.21301e-15
41.6833,1.19192e-15
41.7,1.17101e-15
41.7167,1.15029e-15
41.7333,1.12976e-15
41.75,1.10942e-15
41.7667,1.08927e-15
41.7833,1.06933e-15
41.8,1.04958e-15
41.8167,1.03005e-15
41.8333,1.01073e-15
41.85,9.91625e-16
41.8667,9.72742e-16
41.8833,9.54083e-16
41.9,9.35654e-16
41.9167,9.17458e-16
41.9333,8.99499e-16
41.95,8.8178e-16
41.9667,8.64306e-16
41.9833,8.4708e-16
42,8.30105e-16
42.0167,8.13384e-16
42.0333,7.96919e-16
42.05,7.80714e-16
42.0667,7.64771e-16
42.0833,7.49092e-16
42.1,7.33678e-16
42.1167,7.18532e-16
42.1333,7.03655e-16
42.15,6.89048e-16
42.1667,6.74711e-16
42.1833,6.60646e-16
42.2,6.46853e-16
42.2167,6.33332e-16
42.2333,6.20082e-16
42.25,6.07104e-16
42.2667,5.94396e-16
42.2833,5.81958e-16
42.3,5.69789e-16
42.3167,5.57887e-16
42.3333,5.46251e-16
42.35,5.34879e-16
42.3667,5.2377e-16
42.3833,5.12919e-16
42.4,5.02327e-16
42.4167,4.91989e-16
42.4333,4.81903e-16
42.45,4.72066e-16
42.4667,4.62475e-16
42.4833,4.53127e-16
42.5,4.44018e-16
42.5167,4.35145e-16
42.5333,4.26504e-16
42.55,4.18092e-16
42.5667,4.09904e-16
42.5833,4.01936e-16
42.6,3.94185e-16
42.6167,3.86646e-16
42.6333,3.79314e-16
42.65,3.72187e-16
42.6667,3.65258e-16
42.6833,3.58525e-16
42.7,3.51981e-16
42.7167,3.45624e-16
42.7333,3.39447e-16
42.75,3.33447e-16
42.7667,3.2762e-16
42.7833,3.21959e-16
42.8,3.16461e-16
42.8167,3.11122e-16
42.8333,3.05936e-16
42.85,3.00899e-16
42.8667,2.96006e-16
42.8833,2.91252e-16
42.9,2.86634e-16
42.9167,2.82147e-16
42.9333,2.77785e-16
42.95,2.73545e-16
42.9667,2.69423e-16
42.9833,2.65413e-16
43,2.61512e-16
43.0167,2.57715e-16
43.0333,2.54018e-16
43.05,2.50417e-16
43.0667,2.46908e-16
43.0833,2.43487e-16
43.1,2.4015e-16
43.1167,2.36893e-16
43.1333,2.33712e-16
43.15,2.30604e-16
43.1667,2.27565e-16
43.1833,2.24592e-16
43.2,2.2168e-16
43.2167,2.18828e-16
43.2333,2.16031e-16
43.25,2.13286e-16
43.2667,2.10591e-16
43.2833,2.07942e-16
43.3,2.05337e-16
43.3167,2.02773e-16
43.3333,2.00247e-16
43.35,1.97756e-16
43.3667,1.95299e-16
43.3833,1.92873e-16
43.4,1.90475e-16
43.4167,1.88104e-16
43.4333,1.85757e-16
43.45,1.83433e-16
43.4667,1.81129e-16
43.4833,1.78845e-16
43.5,1.76578e-16
43.5167,1.74326e-16
43.5333,1.72089e-16
43.55,1.69865e-16
43.5667,1.67653e-16
43.5833,1.65452e-16
43.6,1.63261e-16
43.6167,1.61078e-16
43.6333,1.58903e-16
43.65,1.56736e-16
43.6667,1.54575e-16
43.6833,1.52421e-16
43.7,1.50272e-16
43.7167,1.48128e-16
43.7333,1.4599e-16
43.75,1.43856e-16
43.7667,1.41727e-16
43.7833,1.39602e-16
43.8,1.37483e-16
43.8167,1.35368e-16
43.8333,1.33258e-16
43.85,1.31154e-16
43.8667,1.29055e-16
43.8833,1.26962e-16
43.9,1.24875e-16
43.9167,1.22795e-16
43.9333,1.20723e-16
43.95,1.18659e-16
43.9667,1.16603e-16
43.9833,1.14556e-16
44,1.1252e-16
44.0167,1.10494e-16
44.0333,1.0848e-16
44.05,1.06477e-16
44.0667,1.04488e-16
44.0833,1.02513e-16
44.1,1.00552e-16
44.1167,9.86071e-17
44.1333,9.66782e-17
44.15,9.47663e-17
44.1667,9.28724e-17
44.1833,9.09973e-17
44.2,8.91417e-17
44.2167,8.73065e-17
44.2333,8.54923e-17
44.25,8.37001e-17
44.2667,8.19303e-17
44.2833,8.01839e-17
44.3,7.84613e-17
44.3167,7.67633e-17
44.3333,7.50905e-17
44.35,7.34434e-17
44.3667,7.18225e-17
44.3833,7.02283e-17
44.4,6.86614e-17
44.4167,6.71219e-17
44.4333,6.56105e-17
44.45,6.41273e-17
44.4667,6.26727e-17
44.4833,6.12468e-17
44.5,5.985e-17
44.5167,5.84824e-17
44.5333,5.7144e-17
44.55,5.58351e-17
44.5667,5.45555e-17
44.5833,5.33054e-17
44.6,5.20847e-17
44.6167,5.08933e-17
44.6333,4.97312e-17
44.65,4.85981e-17
44.6667,4.7494e-17
44.6833,4.64186e-17
44.7,4.53718e-17
44.7167,4.43531e-17
44.7333,4.33625e-17
44.75,4.23994e-17
44.7667,4.14637e-17
44.7833,4.0555e-17
44.8,3.96728e-17
44.8167,3.88167e-17
44.8333,3.79865e-17
44.85,3.71815e-17
44.8667,3.64014e-17
44.8833,3.56457e-17
44.9,3.49138e-17
44.9167,3.42054e-17
44.9333,3.35199e-17
44.95,3.28568e-17
44.9667,3.22156e-17
44.9833,3.15957e-17
45,3.09965e-17
45.0167,3.04177e-17
45.0333,2.98585e-17
45.05,2.93185e-17
45.0667,2.87971e-17
45.0833,2.82938e-17
45.1,2.78079e-17
45.1167,2.7339e-17
45.1333,2.68864e-17
45.15,2.64497e-17
45.1667,2.60282e-17
45.1833,2.56214e-17
45.2,2.52288e-17
45.2167,2.48498e-17
45.2333,2.44839e-17
45.25,2.41305e-17
45.2667,2.37891e-17
45.2833,2.34592e-17
45.3,2.31402e-17
45.3167,2.28317e-17
45.3333,2.25331e-17
45.35,2.22439e-17
45.3667,2.19636e-17
45.3833,2.16918e-17
45.4,2.14279e-17
45.4167,2.11716e-17
45.4333,2.09222e-17
45.45,2.06795e-17
45.4667,2.04428e-17
45.4833,2.02119e-17
45.5,1.99863e-17
45.5167,1.97656e-17
45.5333,1.95493e-17
45.55,1.93372e-17
45.5667,1.91288e-17
45.5833,1.89237e-17
45.6,1.87217e-17
45.6167,1.85223e-17
45.6333,1.83254e-17
45.65,1.81304e-17
45.6667,1.79372e-17
45.6833,1.77455e-17
45.7,1.7555e-17
45.7167,1.73655e-17
45.7333,1.71766e-17
45.75,1.69882e-17
45.7667,1.68001e-17
45.7833,1.6612e-17
45.8,1.64238e-17
45.8167,1.62354e-17
45.8333,1.60464e-17
45.85,1.58569e-17
45.8667,1.56667e-17
45.8833,1.54756e-17
45.9,1.52836e-17
45.9167,1.50906e-17
45.9333,1.48965e-17
45.95,1.47012e-17
45.9667,1.45048e-17
45.9833,1.43072e-17
46,1.41083e-17
46.0167,1.39083e-17
46.0333,1.3707e-17
46.05,1.35045e-17
46.0667,1.33009e-17
46.0833,1.30962e-17
46.1,1.28904e-17
46.1167,1.26837e-17
46.1333,1.2476e-17
46.15,1.22676e-17
46.1667,1.20584e-17
46.1833,1.18487e-17
46.2,1.16384e-17
46.2167,1.14278e-17
46.2333,1.1217e-17
46.25,1.10061e-17
46.2667,1.07952e-17
46.2833,1.05845e-17
46.3,1.03741e-17
46.3167,1.01642e-17
46.3333,9.95502e-18
46.35,9.7466e-18
46.3667,9.53914e-18
46.3833,9.3328e-18
46.4,9.12774e-18
46.4167,8.92412e-18
46.4333,8.7221e-18
46.45,8.52183e-18
46.4667,8.32346e-18
46.4833,8.12714e-18
46.5,7.93301e-18
46.5167,7.74122e-18
46.5333,7.5519e-18
46.55,7.36517e-18
46.5667,7.18117e-18
46.5833,7e-18
46.6,6.82178e-18
46.6167,6.64662e-18
46.6333,6.47459e-18
46.65,6.30581e-18
46.6667,6.14033e-18
46.6833,5.97825e-18
46.7,5.81961e-18
46.7167,5.66448e-18
46.7333,5.51291e-18
46.75,5.36494e-18
46.7667,5.2206e-18
46.7833,5.07992e-18
46.8,4.94292e-18
46.8167,4.8096e-18
46.8333,4.67998e-18
46.85,4.55405e-18
46.8667,4.4318e-18
46.8833,4.31322e-18
46.9,4.19828e-18
46.9167,4.08697e-18
46.9333,3.97924e-18
46.95,3.87506e-18
46.9667,3.77439e-18
46.9833,3.67718e-18
47,3.58338e-18
47.0167,3.49294e-18
47.0333,3.4058e-18
47.05,3.32189e-18
47.0667,3.24116e-18
47.0833,3.16354e-18
47.1,3.08895e-18
47.1167,3.01732e-18
47.1333,2.94859e-18
47.15,2.88267e-18
47.1667,2.8195e-18
47.1833,2.75898e-18
47.2,2.70105e-18
47.2167,2.64562e-18
47.2333,2.59262e-18
47.25,2.54196e-18
47.2667,2.49355e-18
47.2833,2.44733e-18
47.3,2.4032e-18
47.3167,2.36109e-18
47.3333,2.32091e-18
47.35,2.28258e-18
47.3667,2.24602e-18
47.3833,2.21114e-18
47.4,2.17788e-18
47.4167,2.14614e-18
47.4333,2.11584e-18
47.45,2.08691e-18
47.4667,2.05927e-18
47.4833,2.03283e-18
47.5,2.00752e-18
47.5167,1.98327e-18
47.5333,1.95999e-18
47.55,1.93761e-18
47.5667,1.91605e-18
47.5833,1.89524e-18
47.6,1.87511e-18
47.6167,1.85558e-18
47.6333,1.83659e-18
47.65,1.81805e-18
47.6667,1.79992e-18
47.6833,1.78211e-18
47.7,1.76456e-18
47.7167,1.74721e-18
47.7333,1.73e-18
47.75,1.71287e-18
47.7667,1.69576e-18
47.7833,1.67862e-18
47.8,1.6614e-18
47.8167,1.64404e-18
47.8333,1.6265e-18
47.85,1.60874e-18
47.8667,1.59072e-18
47.8833,1.5724e-18
47.9,1.55374e-18
47.9167,1.53472e-18
47.9333,1.51531e-18
47.95,1.49549e-18
47.9667,1.47523e-18
47.9833,1.45453e-18
48,1.43336e-18
48.0167,1.41172e-18
48.0333,1.38961e-18
48.05,1.36702e-18
48.0667,1.34395e-18
48.0833,1.32042e-18
48.1,1.29643e-18
48.1167,1.272e-18
48.1333,1.24713e-18
48.15,1.22186e-18
48.1667,1.1962e-18
48.1833,1.17018e-18
48.2,1.14384e-18
48.2167,1.11719e-18
48.2333,1.09027e-18
48.25,1.06312e-18
48.2667,1.03578e-18
48.2833,1.00829e-18
48.3,9.80683e-19
48.3167,9.53007e-19
48.3333,9.25305e-19
48.35,8.9762e-19
48.3667,8.69997e-19
48.3833,8.42481e-19
48.4,8.15117e-19
48.4167,7.87948e-19
48.4333,7.6102e-19
48.45,7.34374e-19
48.4667,7.08053e-19
48.4833,6.82097e-19
48.5,6.56546e-19
48.5167,6.31437e-19
48.5333,6.06806e-19
48.55,5.82686e-19
48.5667,5.59108e-19
48.5833,5.36101e-19
48.6,5.13691e-19
48.6167,4.91903e-19
48.6333,4.70756e-19
48.65,4.5027e-19
48.6667,4.30459e-19
48.6833,4.11336e-19
48.7,3.92911e-19
48.7167,3.75191e-19
48.7333,3.5818e-19
48.75,3.4188e-19
48.7667,3.2629e-19
48.7833,3.11406e-19
48.8,2.97221e-19
48.8167,2.83729e-19
48.8333,2.70918e-19
48.85,2.58776e-19
48.8667,2.47288e-19
48.8833,2.36439e-19
48.9,2.2621e-19
48.9167,2.16582e-19
48.9333,2.07535e-19
48.95,1.99048e-19
48.9667,1.91096e-19
48.9833,1.83658e-19
49,1.76709e-19
49.0167,1.70225e-19
49.0333,1.6418e-19
49.05,1.5855e-19
49.0667,1.53308e-19
49.0833,1.4843e-19
49.1,1.43889e-19
49.1167,1.3966e-19
49.1333,1.35717e-19
49.15,1.32035e-19
49.1667,1.28587e-19
49.1833,1.25349e-19
49.2,1.22295e-19
49.2167,1.194e-19
49.2333,1.16639e-19
49.25,1.13988e-19
49.2667,1.11422e-19
49.2833,1.08918e-19
49.3,1.06452e-19
49.3167,1.04002e-19
49.3333,1.01547e-19
49.35,9.90645e-20
49.3667,9.65364e-20
49.3833,9.39443e-20
49.4,9.12717e-20
49.4167,8.85041e-20
49.4333,8.56292e-20
49.45,8.26371e-20
49.4667,7.95204e-20
49.4833,7.62748e-20
49.5,7.28993e-20
49.5167,6.9396e-20
49.5333,6.57707e-20
49.55,6.20329e-20
49.5667,5.81958e-20
49.5833,5.42764e-20
49.6,5.02953e-20
49.6167,4.62764e-20
49.6333,4.22473e-20
49.65,3.82378e-20
49.6667,3.42804e-20
49.6833,3.04093e-20
49.7,2.66592e-20
49.7167,2.30655e-20
49.7333,1.96622e-20
49.75,1.64815e-20
49.7667,1.35526e-20
49.7833,1.09003e-20
49.8,8.54399e-21
49.8167,6.49656e-21
49.8333,4.76321e-21
49.85,3.3407e-21
49.8667,2.2168e-21
49.8833,1.37009e-21
49.9,7.70303e-22
49.9167,3.79317e-22
49.9333,1.52997e-22
49.95,4.40708e-23
49.9667,6.27636e-24
49.9833,4.29384e-26
