1e-05,4.09606e-09
0.0166767,0.0150702
0.0333433,0.0553515
0.05001,0.114372
0.0666767,0.186707
0.0833433,0.267845
0.10001,0.35407
0.116677,0.442354
0.133343,0.530262
0.15001,0.61587
0.166677,0.697687
0.183343,0.774595
0.20001,0.845785
0.216677,0.910712
0.233343,0.969046
0.25001,1.02064
0.266677,1.06548
0.283343,1.10368
0.30001,1.13545
0.316677,1.16105
0.333343,1.18081
0.35001,1.19508
0.366677,1.20426
0.383343,1.20874
0.40001,1.20891
0.416677,1.20519
0.433343,1.19795
0.45001,1.18758
0.466677,1.17444
0.483343,1.15887
0.50001,1.1412
0.516677,1.12172
0.533343,1.10072
0.55001,1.07845
0.566677,1.05514
0.583343,1.03102
0.60001,1.00628
0.616677,0.981083
0.633343,0.955593
0.65001,0.929945
0.666677,0.90426
0.683343,0.878645
0.70001,0.853191
0.716677,0.827977
0.733343,0.803069
0.75001,0.778524
0.766677,0.754388
0.783343,0.730699
0.80001,0.707488
0.816677,0.684778
0.833343,0.662586
0.85001,0.640924
0.866676,0.6198
0.883343,0.599218
0.90001,0.579178
0.916676,0.559678
0.933343,0.540713
0.95001,0.522276
0.966676,0.50436
0.983343,0.486956
1.00001,0.470052
1.01668,0.453639
1.03334,0.437706
1.05001,0.422241
1.06668,0.407232
1.08334,0.392669
1.10001,0.37854
1.11668,0.364835
1.13334,0.351541
1.15001,0.33865
1.16668,0.326151
1.18334,0.314034
1.20001,0.302289
1.21668,0.290908
1.23334,0.279881
1.25001,0.2692
1.26668,0.258856
1.28334,0.248841
1.30001,0.239147
1.31668,0.229766
1.33334,0.22069
1.35001,0.211912
1.36668,0.203424
1.38334,0.195219
1.40001,0.187291
1.41668,0.179631
1.43334,0.172234
1.45001,0.165092
1.46668,0.1582
1.48334,0.15155
1.50001,0.145136
1.51668,0.138952
1.53334,0.132993
1.55001,0.127251
1.56668,0.12172
1.58334,0.116396
1.60001,0.111273
1.61668,0.106343
1.63334,0.101603
1.65001,0.0970465
1.66668,0.092668
1.68334,0.0884624
1.70001,0.0844244
1.71668,0.080549
1.73334,0.0768309
1.75001,0.0732654
1.76668,0.0698474
1.78334,0.0665723
1.80001,0.0634354
1.81668,0.0604319
1.83334,0.0575575
1.85001,0.0548077
1.86668,0.0521782
1.88334,0.0496646
1.90001,0.0472629
1.91668,0.044969
1.93334,0.0427789
1.95001,0.0406888
1.96668,0.0386948
1.98334,0.0367932
2.00001,0.0349806
2.01668,0.0332532
2.03334,0.0316079
2.05001,0.0300411
2.06668,0.0285497
2.08334,0.0271306
2.10001,0.0257807
2.11668,0.024497
2.13334,0.0232767
2.15001,0.022117
2.16668,0.0210153
2.18334,0.0199688
2.20001,0.0189752
2.21668,0.0180321
2.23334,0.0171369
2.25001,0.0162876
2.26668,0.015482
2.28334,0.0147179
2.30001,0.0139933
2.31668,0.0133064
2.33334,0.0126552
2.35001,0.012038
2.36668,0.0114531
2.38334,0.0108988
2.40001,0.0103736
2.41668,0.00987596
2.43334,0.00940449
2.45001,0.00895781
2.46668,0.00853462
2.48334,0.00813366
2.50001,0.00775376
2.51668,0.00739378
2.53334,0.00705265
2.55001,0.00672934
2.56668,0.00642288
2.58334,0.00613235
2.60001,0.00585687
2.61668,0.0055956
2.63334,0.00534775
2.65001,0.00511258
2.66668,0.00488937
2.68334,0.00467744
2.70001,0.00447617
2.71668,0.00428493
2.73334,0.00410318
2.75001,0.00393035
2.76668,0.00376596
2.78334,0.0036095
2.80001,0.00346053
2.81668,0.00331862
2.83334,0.00318336
2.85001,0.00305437
2.86668,0.00293129
2.88334,0.00281378
2.90001,0.00270152
2.91668,0.00259422
2.93334,0.00249159
2.95001,0.00239336
2.96668,0.00229928
2.98334,0.00220913
3.00001,0.00212268
3.01668,0.00203972
3.03334,0.00196007
3.05001,0.00188354
3.06668,0.00180997
3.08334,0.00173919
3.10001,0.00167106
3.11668,0.00160544
3.13334,0.00154221
3.15001,0.00148124
3.16668,0.00142242
3.18334,0.00136566
3.20001,0.00131084
3.21668,0.0012579
3.23334,0.00120673
3.25001,0.00115727
3.26668,0.00110945
3.28334,0.0010632
3.30001,0.00101845
3.31668,0.000975163
3.33334,0.000933275
3.35001,0.000892741
3.36668,0.000853518
3.38334,0.000815564
3.40001,0.000778843
3.41668,0.00074332
3.43334,0.000708962
3.45001,0.00067574
3.46668,0.000643625
3.48334,0.000612593
3.50001,0.000582618
3.51668,0.000553677
3.53334,0.00052575
3.55001,0.000498814
3.56668,0.000472851
3.58334,0.000447841
3.60001,0.000423765
3.61668,0.000400606
3.63334,0.000378345
3.65001,0.000356965
3.66668,0.000336449
3.68334,0.00031678
3.70001,0.000297939
3.71668,0.00027991
3.73334,0.000262674
3.75001,0.000246215
3.76668,0.000230514
3.78334,0.000215554
3.80001,0.000201315
3.81668,0.00018778
3.83334,0.00017493
3.85001,0.000162744
3.86668,0.000151206
3.88334,0.000140293
3.90001,0.000129988
3.91668,0.00012027
3.93334,0.000111119
3.95001,0.000102515
3.96668,9.44383e-05
3.98334,8.68678e-05
4.00001,7.97837e-05
4.01668,7.31656e-05
4.03334,6.69936e-05
4.05001,6.12475e-05
4.06668,5.59076e-05
4.08334,5.09542e-05
4.10001,4.63678e-05
4.11668,4.21295e-05
4.13334,3.82205e-05
4.15001,3.46223e-05
4.16668,3.1317e-05
4.18334,2.82871e-05
4.20001,2.55154e-05
4.21668,2.29854e-05
4.23334,2.06811e-05
4.25001,1.85871e-05
4.26668,1.66885e-05
4.28334,1.4971e-05
4.30001,1.34209e-05
4.31668,1.20253e-05
4.33334,1.07718e-05
4.35001,9.64867e-06
4.36668,8.64488e-06
4.38334,7.75001e-06
4.40001,6.95431e-06
4.41668,6.24868e-06
4.43334,5.62465e-06
4.45001,5.07439e-06
4.46668,4.59065e-06
4.48334,4.16681e-06
4.50001,3.7968e-06
4.51668,3.47511e-06
4.53334,3.19676e-06
4.55001,2.95727e-06
4.56668,2.75265e-06
4.58334,2.57932e-06
4.60001,2.43418e-06
4.61668,2.31446e-06
4.63334,2.21778e-06
4.65001,2.14208e-06
4.66668,2.08561e-06
4.68334,2.04686e-06
4.70001,2.02458e-06
4.71668,2.01772e-06
4.73334,2.0254e-06
4.75001,2.0469e-06
4.76668,2.08164e-06
4.78334,2.1291e-06
4.80001,2.18887e-06
4.81668,2.26058e-06
4.83334,2.34389e-06
4.85001,2.4385e-06
4.86668,2.54408e-06
4.88334,2.66031e-06
4.90001,2.7868e-06
4.91668,2.92318e-06
4.93334,3.06898e-06
4.95001,3.2237e-06
4.96668,3.38677e-06
4.98334,3.55756e-06
5.00001,3.73536e-06
5.01668,3.91941e-06
5.03334,4.10888e-06
5.05001,4.30286e-06
5.06668,4.50038e-06
5.08334,4.70043e-06
5.10001,4.90194e-06
5.11668,5.10379e-06
5.13334,5.30483e-06
5.15001,5.50388e-06
5.16668,5.69974e-06
5.18334,5.89119e-06
5.20001,6.07703e-06
5.21668,6.25605e-06
5.23334,6.42707e-06
5.25001,6.58892e-06
5.26668,6.74049e-06
5.28334,6.88072e-06
5.30001,7.00858e-06
5.31668,7.12312e-06
5.33334,7.22348e-06
5.35001,7.30885e-06
5.36668,7.37852e-06
5.38334,7.4319e-06
5.40001,7.46846e-06
5.41668,7.4878e-06
5.43334,7.48961e-06
5.45001,7.47371e-06
5.46668,7.44002e-06
5.48334,7.38858e-06
5.50001,7.31952e-06
5.51668,7.23313e-06
5.53334,7.12976e-06
5.55001,7.0099e-06
5.56668,6.87413e-06
5.58334,6.72314e-06
5.60001,6.5577e-06
5.61668,6.37867e-06
5.63334,6.18701e-06
5.65001,5.98374e-06
5.66668,5.76994e-06
5.68334,5.54675e-06
5.70001,5.31537e-06
5.71668,5.07703e-06
5.73334,4.83299e-06
5.75001,4.58453e-06
5.76668,4.33295e-06
5.78334,4.07954e-06
5.80001,3.82559e-06
5.81668,3.57236e-06
5.83334,3.3211e-06
5.85001,3.073e-06
5.86668,2.82924e-06
5.88334,2.59091e-06
5.90001,2.35907e-06
5.91668,2.13471e-06
5.93334,1.91873e-06
5.95001,1.71197e-06
5.96668,1.5152e-06
5.98334,1.32907e-06
6.00001,1.15418e-06
6.01668,9.91023e-07
6.03334,8.4e-07
6.05001,7.01426e-07
6.06668,5.75522e-07
6.08334,4.6242e-07
6.10001,3.62159e-07
6.11668,2.74696e-07
6.13334,1.99898e-07
6.15001,1.37555e-07
6.16668,8.73768e-08
6.18334,4.89994e-08
6.20001,2.19908e-08
6.21668,5.85517e-09
6.23334,3.78281e-11
6.25001,3.93155e-09
6.26668,1.68823e-08
6.28334,3.81953e-08
6.30001,6.71415e-08
6.31668,1.02964e-07
6.33334,1.44884e-07
6.35001,1.92108e-07
6.36668,2.43835e-07
6.38334,2.99258e-07
6.40001,3.57578e-07
6.41668,4.18003e-07
6.43334,4.79757e-07
6.45001,5.42087e-07
6.46668,6.04264e-07
6.48334,6.65589e-07
6.50001,7.25402e-07
6.51668,7.8308e-07
6.53334,8.38045e-07
6.55001,8.89763e-07
6.56668,9.37753e-07
6.58334,9.81584e-07
6.60001,1.02088e-06
6.61668,1.05531e-06
6.63334,1.08463e-06
6.65001,1.1086e-06
6.66668,1.1271e-06
6.68334,1.14001e-06
6.70001,1.1473e-06
6.71668,1.14898e-06
6.73334,1.14511e-06
6.75001,1.13582e-06
6.76668,1.12127e-06
6.78334,1.10167e-06
6.80001,1.07726e-06
6.81668,1.04834e-06
6.83334,1.01523e-06
6.85001,9.78293e-07
6.86668,9.37904e-07
6.88334,8.94472e-07
6.90001,8.48421e-07
6.91668,8.0019e-07
6.93334,7.50228e-07
6.95001,6.9899e-07
6.96668,6.46932e-07
6.98334,5.94508e-07
7.00001,5.42164e-07
7.01668,4.90337e-07
7.03334,4.39448e-07
7.05001,3.89903e-07
7.06668,3.42084e-07
7.08334,2.96353e-07
7.10001,2.53042e-07
7.11668,2.12457e-07
7.13334,1.74873e-07
7.15001,1.40534e-07
7.16668,1.09647e-07
7.18334,8.23894e-08
7.20001,5.89004e-08
7.21668,3.92853e-08
7.23334,2.36134e-08
7.25001,1.19191e-08
7.26668,4.2023e-09
7.28334,4.28961e-10
7.30001,5.32449e-10
7.31668,4.41476e-09
7.33334,1.1948e-08
7.35001,2.29764e-08
7.36668,3.73178e-08
7.38334,5.47662e-08
7.40001,7.50936e-08
7.41668,9.80529e-08
7.43334,1.2338e-07
7.45001,1.50796e-07
7.46668,1.8001e-07
7.48334,2.10724e-07
7.50001,2.42631e-07
7.51668,2.75421e-07
7.53334,3.08783e-07
7.55001,3.42408e-07
7.56668,3.75989e-07
7.58334,4.09228e-07
7.60001,4.41833e-07
7.61668,4.73525e-07
7.63334,5.04035e-07
7.65001,5.33113e-07
7.66668,5.60521e-07
7.68334,5.86043e-07
7.70001,6.09481e-07
7.71668,6.30656e-07
7.73334,6.49415e-07
7.75001,6.65624e-07
7.76668,6.79174e-07
7.78334,6.89979e-07
7.80001,6.97979e-07
7.81668,7.03135e-07
7.83334,7.05434e-07
7.85001,7.04887e-07
7.86668,7.01525e-07
7.88334,6.95405e-07
7.90001,6.86604e-07
7.91668,6.75218e-07
7.93334,6.61365e-07
7.95001,6.45177e-07
7.96668,6.26806e-07
7.98334,6.06417e-07
8.00001,5.84189e-07
8.01668,5.60312e-07
8.03334,5.34985e-07
8.05001,5.08416e-07
8.06668,4.80818e-07
8.08334,4.52408e-07
8.10001,4.23406e-07
8.11668,3.94032e-07
8.13334,3.64503e-07
8.15001,3.35034e-07
8.16668,3.05834e-07
8.18334,2.77107e-07
8.20001,2.49045e-07
8.21668,2.21835e-07
8.23334,1.95648e-07
8.25001,1.70648e-07
8.26668,1.46982e-07
8.28334,1.24784e-07
8.30001,1.04173e-07
8.31668,8.52527e-08
8.33334,6.81113e-08
8.35001,5.28201e-08
8.36667,3.94343e-08
8.38334,2.79924e-08
8.40001,1.85166e-08
8.41667,1.10132e-08
8.43334,5.47225e-09
8.45001,1.86882e-09
8.46667,1.6305e-10
8.48334,3.00998e-10
8.50001,2.21542e-09
8.51667,5.8266e-09
8.53334,1.10433e-08
8.55001,1.77638e-08
8.56667,2.58768e-08
8.58334,3.52629e-08
8.60001,4.57952e-08
8.61667,5.7341e-08
8.63334,6.97626e-08
8.65001,8.2919e-08
8.66667,9.66665e-08
8.68334,1.1086e-07
8.70001,1.25356e-07
8.71667,1.40009e-07
8.73334,1.54679e-07
8.75001,1.69227e-07
8.76667,1.8352e-07
8.78334,1.9743e-07
8.80001,2.10833e-07
8.81667,2.23617e-07
8.83334,2.35672e-07
8.85001,2.46902e-07
8.86667,2.57216e-07
8.88334,2.66534e-07
8.90001,2.74787e-07
8.91667,2.81916e-07
8.93334,2.87872e-07
8.95001,2.92618e-07
8.96667,2.96126e-07
8.98334,2.98382e-07
9.00001,2.9938e-07
9.01667,2.99125e-07
9.03334,2.97635e-07
9.05001,2.94934e-07
9.06667,2.91058e-07
9.08334,2.86052e-07
9.10001,2.79969e-07
9.11667,2.7287e-07
9.13334,2.64823e-07
9.15001,2.55904e-07
9.16667,2.46191e-07
9.18334,2.35772e-07
9.20001,2.24734e-07
9.21667,2.13172e-07
9.23334,2.0118e-07
9.25001,1.88856e-07
9.26667,1.76296e-07
9.28334,1.63597e-07
9.30001,1.50858e-07
9.31667,1.38171e-07
9.33334,1.2563e-07
9.35001,1.13322e-07
9.36667,1.01335e-07
9.38334,8.97473e-08
9.40001,7.86352e-08
9.41667,6.80686e-08
9.43334,5.81112e-08
9.45001,4.88207e-08
9.46667,4.02478e-08
9.48334,3.24362e-08
9.50001,2.54227e-08
9.51667,1.92364e-08
9.53334,1.38995e-08
9.55001,9.42654e-09
9.56667,5.82485e-09
9.58334,3.09464e-09
9.60001,1.22907e-09
9.61667,2.14541e-10
9.63334,3.09493e-11
9.65001,6.52e-10
9.66667,2.04557e-09
9.68334,4.17411e-09
9.70001,6.99507e-09
9.71667,1.04613e-08
9.73334,1.45218e-08
9.75001,1.91217e-08
9.76667,2.42033e-08
9.78334,2.97063e-08
9.80001,3.55686e-08
9.81667,4.17264e-08
9.83334,4.81154e-08
9.85001,5.46706e-08
9.86667,6.13274e-08
9.88334,6.80217e-08
9.90001,7.46909e-08
9.91667,8.12737e-08
9.93334,8.77112e-08
9.95001,9.39469e-08
9.96667,9.99274e-08
9.98334,1.05602e-07
10,1.10926e-07
10.0167,1.15854e-07
10.0333,1.2035e-07
10.05,1.24378e-07
10.0667,1.2791e-07
10.0833,1.30921e-07
10.1,1.33392e-07
10.1167,1.35306e-07
10.1333,1.36655e-07
10.15,1.37433e-07
10.1667,1.3764e-07
10.1833,1.3728e-07
10.2,1.36363e-07
10.2167,1.34901e-07
10.2333,1.32914e-07
10.25,1.30421e-07
10.2667,1.2745e-07
10.2833,1.24028e-07
10.3,1.20188e-07
10.3167,1.15965e-07
10.3333,1.11396e-07
10.35,1.0652e-07
10.3667,1.01378e-07
10.3833,9.60138e-08
10.4,9.04696e-08
10.4167,8.47898e-08
10.4333,7.90184e-08
10.45,7.31997e-08
10.4667,6.73769e-08
10.4833,6.15927e-08
10.5,5.58884e-08
10.5167,5.03037e-08
10.5333,4.48765e-08
10.55,3.96426e-08
10.5667,3.46355e-08
10.5833,2.98859e-08
10.6,2.54218e-08
10.6167,2.12683e-08
10.6333,1.74474e-08
10.65,1.3978e-08
10.6667,1.08755e-08
10.6833,8.15228e-09
10.7,5.81718e-09
10.7167,3.87582e-09
10.7333,2.33052e-09
10.75,1.18039e-09
10.7667,4.21388e-10
10.7833,4.64497e-11
10.8,4.56117e-11
10.8167,4.06162e-10
10.8333,1.1128e-09
10.85,2.14785e-09
10.8667,3.4914e-09
10.8833,5.12157e-09
10.9,7.01471e-09
10.9167,9.14564e-09
10.9333,1.14879e-08
10.95,1.40138e-08
10.9667,1.66951e-08
10.9833,1.95029e-08
11,2.24078e-08
11.0167,2.53806e-08
11.0333,2.8392e-08
11.05,3.14132e-08
11.0667,3.4416e-08
11.0833,3.73729e-08
11.1,4.02577e-08
11.1167,4.3045e-08
11.1333,4.57112e-08
11.15,4.82339e-08
11.1667,5.05925e-08
11.1833,5.27684e-08
11.2,5.47445e-08
11.2167,5.65063e-08
11.2333,5.80408e-08
11.25,5.93377e-08
11.2667,6.03883e-08
11.2833,6.11868e-08
11.3,6.1729e-08
11.3167,6.20133e-08
11.3333,6.20402e-08
11.35,6.18121e-08
11.3667,6.13338e-08
11.3833,6.06118e-08
11.4,5.96546e-08
11.4167,5.84725e-08
11.4333,5.70775e-08
11.45,5.54829e-08
11.4667,5.37036e-08
11.4833,5.17556e-08
11.5,4.9656e-08
11.5167,4.74228e-08
11.5333,4.50748e-08
11.55,4.26314e-08
11.5667,4.0112e-08
11.5833,3.75368e-08
11.6,3.49256e-08
11.6167,3.22982e-08
11.6333,2.96742e-08
11.65,2.70726e-08
11.6667,2.4512e-08
11.6833,2.20101e-08
11.7,1.95837e-08
11.7167,1.72488e-08
11.7333,1.50201e-08
11.75,1.29111e-08
11.7667,1.09343e-08
11.7833,9.10054e-09
11.8,7.41939e-09
11.8167,5.89897e-09
11.8333,4.5459e-09
11.85,3.36531e-09
11.8667,2.36084e-09
11.8833,1.53462e-09
11.9,8.87299e-10
11.9167,4.18097e-10
11.9333,1.2482e-10
11.95,3.92143e-12
11.9667,5.05644e-11
11.9833,2.58688e-10
12,6.21086e-10
12.0167,1.12949e-09
12.0333,1.77467e-09
12.05,2.54652e-09
12.0667,3.43415e-09
12.0833,4.42601e-09
12.1,5.51001e-09
12.1167,6.67359e-09
12.1333,7.90384e-09
12.15,9.18765e-09
12.1667,1.05118e-08
12.1833,1.1863e-08
12.2,1.3228e-08
12.2167,1.45941e-08
12.2333,1.59483e-08
12.25,1.72786e-08
12.2667,1.85732e-08
12.2833,1.98207e-08
12.3,2.10106e-08
12.3167,2.21331e-08
12.3333,2.3179e-08
12.35,2.41401e-08
12.3667,2.5009e-08
12.3833,2.57794e-08
12.4,2.64455e-08
12.4167,2.70031e-08
12.4333,2.74485e-08
12.45,2.77792e-08
12.4667,2.79938e-08
12.4833,2.80916e-08
12.5,2.80732e-08
12.5167,2.794e-08
12.5333,2.76942e-08
12.55,2.73391e-08
12.5667,2.68788e-08
12.5833,2.63181e-08
12.6,2.56626e-08
12.6167,2.49185e-08
12.6333,2.40926e-08
12.65,2.31924e-08
12.6667,2.22258e-08
12.6833,2.12008e-08
12.7,2.01261e-08
12.7167,1.90106e-08
12.7333,1.7863e-08
12.75,1.66924e-08
12.7667,1.55079e-08
12.7833,1.43183e-08
12.8,1.31325e-08
12.8167,1.19591e-08
12.8333,1.08062e-08
12.85,9.68188e-09
12.8667,8.59361e-09
12.8833,7.54845e-09
12.9,6.55295e-09
12.9167,5.61313e-09
12.9333,4.73438e-09
12.95,3.92151e-09
12.9667,3.17868e-09
12.9833,2.50938e-09
13,1.91644e-09
13.0167,1.40202e-09
13.0333,9.67579e-10
13.05,6.13914e-10
13.0667,3.41158e-10
13.0833,1.48793e-10
13.1,3.56707e-11
13.1167,3.7694e-14
13.1333,3.9564e-11
13.15,1.51375e-10
13.1667,3.32088e-10
13.1833,5.7785e-10
13.2,8.84381e-10
13.2167,1.24702e-09
13.2333,1.66076e-09
13.25,2.12031e-09
13.2667,2.62015e-09
13.2833,3.15454e-09
13.3,3.71764e-09
13.3167,4.30348e-09
13.3333,4.90606e-09
13.35,5.5194e-09
13.3667,6.13757e-09
13.3833,6.75473e-09
13.4,7.36519e-09
13.4167,7.96346e-09
13.4333,8.54426e-09
13.45,9.10259e-09
13.4667,9.63373e-09
13.4833,1.01333e-08
13.5,1.05973e-08
13.5167,1.10221e-08
13.5333,1.14044e-08
13.55,1.17414e-08
13.5667,1.20309e-08
13.5833,1.22707e-08
13.6,1.24595e-08
13.6167,1.25962e-08
13.6333,1.26802e-08
13.65,1.27115e-08
13.6667,1.26903e-08
13.6833,1.26173e-08
13.7,1.24938e-08
13.7167,1.23213e-08
13.7333,1.21017e-08
13.75,1.18372e-08
13.7667,1.15305e-08
13.7833,1.11845e-08
13.8,1.08023e-08
13.8167,1.03873e-08
13.8333,9.94321e-09
13.85,9.47365e-09
13.8667,8.98257e-09
13.8833,8.47396e-09
13.9,7.95188e-09
13.9167,7.4204e-09
13.9333,6.88361e-09
13.95,6.34552e-09
13.9667,5.8101e-09
13.9833,5.28118e-09
14,4.76248e-09
14.0167,4.25754e-09
14.0333,3.76972e-09
14.05,3.30214e-09
14.0667,2.85773e-09
14.0833,2.43912e-09
14.1,2.0487e-09
14.1167,1.68857e-09
14.1333,1.36055e-09
14.15,1.06613e-09
14.1667,8.06527e-10
14.1833,5.82634e-10
14.2,3.95041e-10
14.2167,2.44036e-10
14.2333,1.29604e-10
14.25,5.14423e-11
14.2667,8.96253e-12
14.2833,1.30698e-12
14.3,2.736e-11
14.3167,8.57636e-11
14.3333,1.74934e-10
14.35,2.93079e-10
14.3667,4.38218e-10
14.3833,6.08202e-10
14.4,8.00735e-10
14.4167,1.01339e-09
14.4333,1.24366e-09
14.45,1.48891e-09
14.4667,1.7465e-09
14.4833,2.01371e-09
14.5,2.28784e-09
14.5167,2.56618e-09
14.5333,2.84606e-09
14.55,3.12484e-09
14.5667,3.39999e-09
14.5833,3.66902e-09
14.6,3.92958e-09
14.6167,4.17944e-09
14.6333,4.41651e-09
14.65,4.63884e-09
14.6667,4.84464e-09
14.6833,5.03233e-09
14.7,5.20048e-09
14.7167,5.34787e-09
14.7333,5.47347e-09
14.75,5.57645e-09
14.7667,5.6562e-09
14.7833,5.71229e-09
14.8,5.74453e-09
14.8167,5.7529e-09
14.8333,5.73759e-09
14.85,5.69898e-09
14.8667,5.63764e-09
14.8833,5.55431e-09
14.9,5.44991e-09
14.9167,5.32549e-09
14.9333,5.18226e-09
14.95,5.02157e-09
14.9667,4.84488e-09
14.9833,4.65374e-09
15,4.44979e-09
15.0167,4.23477e-09
15.0333,4.01044e-09
15.05,3.77862e-09
15.0667,3.54115e-09
15.0833,3.29987e-09
15.1,3.05663e-09
15.1167,2.81324e-09
15.1333,2.57147e-09
15.15,2.33307e-09
15.1667,2.09968e-09
15.1833,1.87289e-09
15.2,1.6542e-09
15.2167,1.445e-09
15.2333,1.24658e-09
15.25,1.06011e-09
15.2667,8.86637e-10
15.2833,7.27084e-10
15.3,5.82236e-10
15.3167,4.52742e-10
15.3333,3.39113e-10
15.35,2.41723e-10
15.3667,1.60806e-10
15.3833,9.64575e-11
15.4,4.86405e-11
15.4167,1.71857e-11
15.4333,1.79744e-12
15.45,2.05896e-12
15.4667,1.74384e-11
15.4833,4.72958e-11
15.5,9.08911e-11
15.5167,1.47392e-10
15.5333,2.15883e-10
15.55,2.95375e-10
15.5667,3.84814e-10
15.5833,4.83091e-10
15.6,5.89055e-10
15.6167,7.01517e-10
15.6333,8.19268e-10
15.65,9.41082e-10
15.6667,1.06573e-09
15.6833,1.192e-09
15.7,1.31867e-09
15.7167,1.44456e-09
15.7333,1.56854e-09
15.75,1.68949e-09
15.7667,1.80636e-09
15.7833,1.91815e-09
15.8,2.02393e-09
15.8167,2.12285e-09
15.8333,2.2141e-09
15.85,2.29699e-09
15.8667,2.3709e-09
15.8833,2.43529e-09
15.9,2.48972e-09
15.9167,2.53384e-09
15.9333,2.56739e-09
15.95,2.5902e-09
15.9667,2.60221e-09
15.9833,2.60342e-09
16,2.59395e-09
16.0167,2.57398e-09
16.0333,2.54381e-09
16.05,2.50377e-09
16.0667,2.45429e-09
16.0833,2.39589e-09
16.1,2.32911e-09
16.1167,2.25458e-09
16.1333,2.17297e-09
16.15,2.085e-09
16.1667,1.99141e-09
16.1833,1.893e-09
16.2,1.79058e-09
16.2167,1.68495e-09
16.2333,1.57697e-09
16.25,1.46747e-09
16.2667,1.35728e-09
16.2833,1.24721e-09
16.3,1.13807e-09
16.3167,1.03062e-09
16.3333,9.25628e-10
16.35,8.23786e-10
16.3667,7.25763e-10
16.3833,6.32181e-10
16.4,5.4361e-10
16.4167,4.60566e-10
16.4333,3.83511e-10
16.45,3.12847e-10
16.4667,2.48915e-10
16.4833,1.91994e-10
16.5,1.42301e-10
16.5167,9.99894e-11
16.5333,6.51505e-11
16.55,3.78134e-11
16.5667,1.79466e-11
16.5833,5.45984e-12
16.6,2.05965e-13
16.6167,1.98362e-12
16.6333,1.05401e-11
16.65,2.55747e-11
16.6667,4.67421e-11
16.6833,7.36561e-11
16.7,1.05894e-10
16.7167,1.43001e-10
16.7333,1.84493e-10
16.75,2.29864e-10
16.7667,2.78587e-10
16.7833,3.30123e-10
16.8,3.83921e-10
16.8167,4.39426e-10
16.8333,4.96083e-10
16.85,5.53339e-10
16.8667,6.10651e-10
16.8833,6.67488e-10
16.9,7.23334e-10
16.9167,7.77694e-10
16.9333,8.30098e-10
16.95,8.801e-10
16.9667,9.27285e-10
16.9833,9.71272e-10
17,1.01171e-09
17.0167,1.0483e-09
17.0333,1.08075e-09
17.05,1.10885e-09
17.0667,1.1324e-09
17.0833,1.15124e-09
17.1,1.16528e-09
17.1167,1.17445e-09
17.1333,1.17872e-09
17.15,1.17811e-09
17.1667,1.17269e-09
17.1833,1.16254e-09
17.2,1.1478e-09
17.2167,1.12864e-09
17.2333,1.10526e-09
17.25,1.07789e-09
17.2667,1.0468e-09
17.2833,1.01227e-09
17.3,9.74603e-10
17.3167,9.34139e-10
17.3333,8.91218e-10
17.35,8.46198e-10
17.3667,7.99447e-10
17.3833,7.51339e-10
17.4,7.02254e-10
17.4167,6.52569e-10
17.4333,6.02659e-10
17.45,5.52892e-10
17.4667,5.0363e-10
17.4833,4.55219e-10
17.5,4.07993e-10
17.5167,3.62268e-10
17.5333,3.1834e-10
17.55,2.76487e-10
17.5667,2.3696e-10
17.5833,1.99988e-10
17.6,1.65772e-10
17.6167,1.34489e-10
17.6333,1.06287e-10
17.65,8.12846e-11
17.6667,5.95739e-11
17.6833,4.12177e-11
17.7,2.62504e-11
17.7167,1.46788e-11
17.7333,6.48215e-12
17.75,1.61341e-12
17.7667,4.04389e-17
17.7833,1.54526e-12
17.8,6.12936e-12
17.8167,1.36113e-11
17.8333,2.38301e-11
17.85,3.66069e-11
17.8667,5.17467e-11
17.8833,6.90402e-11
17.9,8.82658e-11
17.9167,1.09192e-10
17.9333,1.31578e-10
17.95,1.55179e-10
17.9667,1.79746e-10
17.9833,2.05025e-10
18,2.30767e-10
18.0167,2.56721e-10
18.0333,2.82643e-10
18.05,3.08293e-10
18.0667,3.33442e-10
18.0833,3.57866e-10
18.1,3.81355e-10
18.1167,4.0371e-10
18.1333,4.24749e-10
18.15,4.443e-10
18.1667,4.62211e-10
18.1833,4.78345e-10
18.2,4.92583e-10
18.2167,5.04825e-10
18.2333,5.14988e-10
18.25,5.2301e-10
18.2667,5.28847e-10
18.2833,5.32474e-10
18.3,5.33884e-10
18.3167,5.3309e-10
18.3333,5.30123e-10
18.35,5.25029e-10
18.3667,5.17874e-10
18.3833,5.08737e-10
18.4,4.97714e-10
18.4167,4.84911e-10
18.4333,4.70452e-10
18.45,4.54467e-10
18.4667,4.37099e-10
18.4833,4.18499e-10
18.5,3.98824e-10
18.5167,3.78237e-10
18.5333,3.56907e-10
18.55,3.35003e-10
18.5667,3.12696e-10
18.5833,2.90158e-10
18.6,2.67558e-10
18.6167,2.45062e-10
18.6333,2.22832e-10
18.65,2.01024e-10
18.6667,1.79787e-10
18.6833,1.59262e-10
18.7,1.39582e-10
18.7167,1.20869e-10
18.7333,1.03235e-10
18.75,8.67798e-11
18.7667,7.15934e-11
18.7833,5.77518e-11
18.8,4.53192e-11
18.8167,3.43467e-11
18.8333,2.48726e-11
18.85,1.69224e-11
18.8667,1.05086e-11
18.8833,5.63143e-12
18.9,2.2786e-12
18.9167,4.26041e-13
18.9333,3.82691e-14
18.95,1.06895e-12
18.9667,3.46153e-12
18.9833,7.14993e-12
19,1.20593e-11
19.0167,1.81068e-11
19.0333,2.52026e-11
19.05,3.32504e-11
19.0667,4.21488e-11
19.0833,5.17919e-11
19.1,6.20703e-11
19.1167,7.28722e-11
19.1333,8.40842e-11
19.15,9.55923e-11
19.1667,1.07283e-10
19.1833,1.19043e-10
19.2,1.30763e-10
19.2167,1.42336e-10
19.2333,1.53656e-10
19.25,1.64626e-10
19.2667,1.7515e-10
19.2833,1.85141e-10
19.3,1.94517e-10
19.3167,2.03202e-10
19.3333,2.11128e-10
19.35,2.18237e-10
19.3667,2.24476e-10
19.3833,2.29801e-10
19.4,2.34177e-10
19.4167,2.37578e-10
19.4333,2.39986e-10
19.45,2.41392e-10
19.4667,2.41794e-10
19.4833,2.41201e-10
19.5,2.39628e-10
19.5167,2.37098e-10
19.5333,2.33643e-10
19.55,2.29299e-10
19.5667,2.24112e-10
19.5833,2.18132e-10
19.6,2.11415e-10
19.6167,2.04022e-10
19.6333,1.96019e-10
19.65,1.87473e-10
19.6667,1.78459e-10
19.6833,1.69049e-10
19.7,1.59321e-10
19.7167,1.49351e-10
19.7333,1.39217e-10
19.75,1.28996e-10
19.7667,1.18765e-10
19.7833,1.08599e-10
19.8,9.857e-11
19.8167,8.87483e-11
19.8333,7.92007e-11
19.85,6.99901e-11
19.8667,6.11755e-11
19.8833,5.28113e-11
19.9,4.49469e-11
19.9167,3.76267e-11
19.9333,3.08896e-11
19.95,2.47689e-11
19.9667,1.92923e-11
19.9833,1.44816e-11
20,1.03528e-11
20.0167,6.916e-12
20.0333,4.17559e-12
20.05,2.13028e-12
20.0667,7.73274e-13
20.0833,9.24137e-14
20.1,7.04515e-14
20.1167,6.85287e-13
20.1333,1.91026e-12
20.15,3.71449e-12
20.1667,6.06318e-12
20.1833,8.91804e-12
20.2,1.22376e-11
20.2167,1.59778e-11
20.2333,2.00921e-11
20.25,2.45321e-11
20.2667,2.9248e-11
20.2833,3.41889e-11
20.3,3.93035e-11
20.3167,4.454e-11
20.3333,4.98471e-11
20.35,5.5174e-11
20.3667,6.04709e-11
20.3833,6.56897e-11
20.4,7.07837e-11
20.4167,7.57085e-11
20.4333,8.04219e-11
20.45,8.48848e-11
20.4667,8.90606e-11
20.4833,9.29162e-11
20.5,9.64216e-11
20.5167,9.95506e-11
20.5333,1.02281e-10
20.55,1.04593e-10
20.5667,1.06472e-10
20.5833,1.07907e-10
20.6,1.08891e-10
20.6167,1.09421e-10
20.6333,1.09496e-10
20.65,1.09123e-10
20.6667,1.08307e-10
20.6833,1.07061e-10
20.7,1.054e-10
20.7167,1.0334e-10
20.7333,1.00904e-10
20.75,9.81149e-11
20.7667,9.49979e-11
20.7833,9.15815e-11
20.8,8.78958e-11
20.8167,8.39724e-11
20.8333,7.98441e-11
20.85,7.5545e-11
20.8667,7.11096e-11
20.8833,6.65731e-11
20.9,6.19706e-11
20.9167,5.73371e-11
20.9333,5.27069e-11
20.95,4.81139e-11
20.9667,4.35906e-11
20.9833,3.91684e-11
21,3.48773e-11
21.0167,3.07452e-11
21.0333,2.67986e-11
21.05,2.30613e-11
21.0667,1.95555e-11
21.0833,1.63004e-11
21.1,1.33133e-11
21.1167,1.06086e-11
21.1333,8.19812e-12
21.15,6.09124e-12
21.1667,4.29454e-12
21.1833,2.812e-12
21.2,1.64498e-12
21.2167,7.9231e-13
21.2333,2.50332e-13
21.25,1.29895e-14
21.2667,7.19407e-14
21.2833,4.16678e-13
21.3,1.03466e-12
21.3167,1.91147e-12
21.3333,3.03097e-12
21.35,4.37544e-12
21.3667,5.92583e-12
21.3833,7.66186e-12
21.4,9.56226e-12
21.4167,1.1605e-11
21.4333,1.37673e-11
21.45,1.6026e-11
21.4667,1.83579e-11
21.4833,2.07396e-11
21.5,2.31478e-11
21.5167,2.55596e-11
21.5333,2.79527e-11
21.55,3.03053e-11
21.5667,3.25966e-11
21.5833,3.48066e-11
21.6,3.69166e-11
21.6167,3.89091e-11
21.6333,4.07679e-11
21.65,4.24783e-11
21.6667,4.40272e-11
21.6833,4.54029e-11
21.7,4.65958e-11
21.7167,4.75976e-11
21.7333,4.8402e-11
21.75,4.90043e-11
21.7667,4.94018e-11
21.7833,4.95934e-11
21.8,4.95796e-11
21.8167,4.93628e-11
21.8333,4.89471e-11
21.85,4.83378e-11
21.8667,4.75421e-11
21.8833,4.65683e-11
21.9,4.54262e-11
21.9167,4.41266e-11
21.9333,4.26816e-11
21.95,4.11041e-11
21.9667,3.94079e-11
21.9833,3.76075e-11
22,3.57178e-11
22.0167,3.37545e-11
22.0333,3.17331e-11
22.05,2.96696e-11
22.0667,2.758e-11
22.0833,2.548e-11
22.1,2.33852e-11
22.1167,2.13106e-11
22.1333,1.92711e-11
22.15,1.72806e-11
22.1667,1.53526e-11
22.1833,1.34995e-11
22.2,1.1733e-11
22.2167,1.00638e-11
22.2333,8.5016e-12
22.25,7.05494e-12
22.2667,5.73128e-12
22.2833,4.53692e-12
22.3,3.47697e-12
22.3167,2.55534e-12
22.3333,1.77476e-12
22.35,1.13674e-12
22.3667,6.41635e-13
22.3833,2.88642e-13
22.4,7.58454e-14
22.4167,2.55075e-16
22.4333,5.78568e-14
22.45,2.43669e-13
22.4667,5.51805e-13
22.4833,9.75543e-13
22.5,1.5074e-12
22.5167,2.13919e-12
22.5333,2.86216e-12
22.55,3.667e-12
22.5667,4.54399e-12
22.5833,5.48305e-12
22.6,6.47384e-12
22.6167,7.50586e-12
22.6333,8.56853e-12
22.65,9.65126e-12
22.6667,1.07435e-11
22.6833,1.18351e-11
22.7,1.29158e-11
22.7167,1.39759e-11
22.7333,1.50061e-11
22.75,1.59974e-11
22.7667,1.69415e-11
22.7833,1.78306e-11
22.8,1.86574e-11
22.8167,1.94156e-11
22.8333,2.00994e-11
22.85,2.07036e-11
22.8667,2.1224e-11
22.8833,2.16571e-11
22.9,2.20002e-11
22.9167,2.22514e-11
22.9333,2.24096e-11
22.95,2.24744e-11
22.9667,2.24465e-11
22.9833,2.2327e-11
23,2.21178e-11
23.0167,2.18217e-11
23.0333,2.14419e-11
23.05,2.09824e-11
23.0667,2.04478e-11
23.0833,1.98431e-11
23.1,1.91739e-11
23.1167,1.8446e-11
23.1333,1.76659e-11
23.15,1.68401e-11
23.1667,1.59756e-11
23.1833,1.50793e-11
23.2,1.41584e-11
23.2167,1.32202e-11
23.2333,1.22717e-11
23.25,1.13203e-11
23.2667,1.03728e-11
23.2833,9.4361e-12
23.3,8.51677e-12
23.3167,7.62111e-12
23.3333,6.7551e-12
23.35,5.92432e-12
23.3667,5.13395e-12
23.3833,4.38874e-12
23.4,3.69295e-12
23.4167,3.05034e-12
23.4333,2.46417e-12
23.45,1.93718e-12
23.4667,1.47154e-12
23.4833,1.06891e-12
23.5,7.30387e-13
23.5167,4.56536e-13
23.5333,2.47393e-13
23.55,1.02476e-13
23.5667,2.07992e-14
23.5833,8.98108e-16
23.6,4.08487e-14
23.6167,1.38295e-13
23.6333,2.9048e-13
23.65,4.94272e-13
23.6667,7.46206e-13
23.6833,1.04251e-12
23.7,1.37915e-12
23.7167,1.75187e-12
23.7333,2.15622e-12
23.75,2.58759e-12
23.7667,3.0413e-12
23.7833,3.51256e-12
23.8,3.99658e-12
23.8167,4.48857e-12
23.8333,4.98379e-12
23.85,5.47759e-12
23.8667,5.96542e-12
23.8833,6.44292e-12
23.9,6.90588e-12
23.9167,7.35033e-12
23.9333,7.77254e-12
23.95,8.16903e-12
23.9667,8.53662e-12
23.9833,8.87246e-12
24,9.17398e-12
24.0167,9.43899e-12
24.0333,9.66562e-12
24.05,9.85239e-12
24.0667,9.99814e-12
24.0833,1.01021e-11
24.1,1.01639e-11
24.1167,1.01834e-11
24.1333,1.01609e-11
24.15,1.00972e-11
24.1667,9.99305e-12
24.1833,9.84985e-12
24.2,9.66915e-12
24.2167,9.45281e-12
24.2333,9.20294e-12
24.25,8.92188e-12
24.2667,8.61219e-12
24.2833,8.27661e-12
24.3,7.91804e-12
24.3167,7.53951e-12
24.3333,7.14415e-12
24.35,6.73516e-12
24.3667,6.3158e-12
24.3833,5.88933e-12
24.4,5.45901e-12
24.4167,5.02807e-12
24.4333,4.59966e-12
24.45,4.17684e-12
24.4667,3.76258e-12
24.4833,3.35969e-12
24.5,2.97084e-12
24.5167,2.59852e-12
24.5333,2.24503e-12
24.55,1.91247e-12
24.5667,1.60273e-12
24.5833,1.31744e-12
24.6,1.05805e-12
24.6167,8.25713e-13
24.6333,6.21376e-13
24.65,4.45724e-13
24.6667,2.99201e-13
24.6833,1.82004e-13
24.7,9.4096e-14
24.7167,3.52026e-14
24.7333,4.82637e-15
24.75,2.25381e-15
24.7667,2.65663e-14
24.7833,7.66527e-14
24.8,1.51222e-13
24.8167,2.4882e-13
24.8333,3.67842e-13
24.85,5.06549e-13
24.8667,6.6309e-13
24.8833,8.35511e-13
24.9,1.02178e-12
24.9167,1.2198e-12
24.9333,1.42743e-12
24.95,1.64251e-12
24.9667,1.86287e-12
24.9833,2.08632e-12
25,2.31074e-12
25.0167,2.53403e-12
25.0333,2.75415e-12
25.05,2.96913e-12
25.0667,3.17709e-12
25.0833,3.37626e-12
25.1,3.56497e-12
25.1167,3.74168e-12
25.1333,3.90498e-12
25.15,4.05361e-12
25.1667,4.18644e-12
25.1833,4.30251e-12
25.2,4.40103e-12
25.2167,4.48134e-12
25.2333,4.54297e-12
25.25,4.58561e-12
25.2667,4.60911e-12
25.2833,4.61349e-12
25.3,4.5989e-12
25.3167,4.56568e-12
25.3333,4.5143e-12
25.35,4.44537e-12
25.3667,4.35963e-12
25.3833,4.25796e-12
25.4,4.14134e-12
25.4167,4.01084e-12
25.4333,3.86766e-12
25.45,3.71305e-12
25.4667,3.54833e-12
25.4833,3.3749e-12
25.5,3.19419e-12
25.5167,3.00764e-12
25.5333,2.81673e-12
25.55,2.62296e-12
25.5667,2.42778e-12
25.5833,2.23266e-12
25.6,2.03901e-12
25.6167,1.84822e-12
25.6333,1.66161e-12
25.65,1.48044e-12
25.6667,1.3059e-12
25.6833,1.13911e-12
25.7,9.81076e-13
25.7167,8.32738e-13
25.7333,6.94921e-13
25.75,5.68349e-13
25.7667,4.53641e-13
25.7833,3.51304e-13
25.8,2.61737e-13
25.8167,1.85224e-13
25.8333,1.2194e-13
25.85,7.1951e-14
25.8667,3.52128e-14
25.8833,1.1578e-14
25.9,7.97752e-16
25.9167,2.5266e-15
25.9333,1.63274e-14
25.95,4.16769e-14
25.9667,7.79725e-14
25.9833,1.24538e-13
26,1.80632e-13
26.0167,2.45454e-13
26.0333,3.18154e-13
26.05,3.97836e-13
26.0667,4.83573e-13
26.0833,5.74411e-13
26.1,6.69375e-13
26.1167,7.67482e-13
26.1333,8.67747e-13
26.15,9.69192e-13
26.1667,1.07085e-12
26.1833,1.17177e-12
26.2,1.27105e-12
26.2167,1.36779e-12
26.2333,1.46117e-12
26.25,1.55037e-12
26.2667,1.63467e-12
26.2833,1.71338e-12
26.3,1.78587e-12
26.3167,1.85159e-12
26.3333,1.91004e-12
26.35,1.9608e-12
26.3667,2.00353e-12
26.3833,2.03796e-12
26.4,2.06389e-12
26.4167,2.08118e-12
26.4333,2.0898e-12
26.45,2.08976e-12
26.4667,2.08116e-12
26.4833,2.06416e-12
26.5,2.03899e-12
26.5167,2.00595e-12
26.5333,1.96537e-12
26.55,1.91767e-12
26.5667,1.86331e-12
26.5833,1.80278e-12
26.6,1.73663e-12
26.6167,1.66545e-12
26.6333,1.58983e-12
26.65,1.51041e-12
26.6667,1.42784e-12
26.6833,1.34279e-12
26.7,1.25592e-12
26.7167,1.1679e-12
26.7333,1.07941e-12
26.75,9.9109e-13
26.7667,9.03588e-13
26.7833,8.17523e-13
26.8,7.33489e-13
26.8167,6.5205e-13
26.8333,5.73738e-13
26.85,4.99046e-13
26.8667,4.28428e-13
26.8833,3.62293e-13
26.9,3.01007e-13
26.9167,2.44887e-13
26.9333,1.94201e-13
26.95,1.49168e-13
26.9667,1.09955e-13
26.9833,7.66819e-14
27,4.94144e-14
27.0167,2.81709e-14
27.0333,1.29207e-14
27.05,3.58593e-15
27.0667,4.33879e-17
27.0833,2.12659e-15
27.1,9.62811e-15
27.1167,2.23022e-14
27.1333,3.98677e-14
27.15,6.2011e-14
27.1667,8.83895e-14
27.1833,1.18635e-13
27.2,1.52357e-13
27.2167,1.89146e-13
27.2333,2.28578e-13
27.25,2.70219e-13
27.2667,3.13626e-13
27.2833,3.58354e-13
27.3,4.03954e-13
27.3167,4.49986e-13
27.3333,4.96014e-13
27.35,5.41611e-13
27.3667,5.86366e-13
27.3833,6.29883e-13
27.4,6.71786e-13
27.4167,7.1172e-13
27.4333,7.49355e-13
27.45,7.84388e-13
27.4667,8.16541e-13
27.4833,8.45569e-13
27.5,8.71258e-13
27.5167,8.93425e-13
27.5333,9.1192e-13
27.55,9.26627e-13
27.5667,9.37465e-13
27.5833,9.44384e-13
27.6,9.4737e-13
27.6167,9.46441e-13
27.6333,9.41646e-13
27.65,9.33066e-13
27.6667,9.20813e-13
27.6833,9.05023e-13
27.7,8.85863e-13
27.7167,8.63523e-13
27.7333,8.38213e-13
27.75,8.10167e-13
27.7667,7.79634e-13
27.7833,7.4688e-13
27.8,7.12184e-13
27.8167,6.75834e-13
27.8333,6.38126e-13
27.85,5.99363e-13
27.8667,5.59848e-13
27.8833,5.19885e-13
27.9,4.79774e-13
27.9167,4.39812e-13
27.9333,4.00287e-13
27.95,3.61477e-13
27.9667,3.23648e-13
27.9833,2.87053e-13
28,2.51928e-13
28.0167,2.18494e-13
28.0333,1.86952e-13
28.05,1.57482e-13
28.0667,1.30244e-13
28.0833,1.05378e-13
28.1,8.29999e-14
28.1167,6.32031e-14
28.1333,4.60589e-14
28.15,3.1615e-14
28.1667,1.98968e-14
28.1833,1.09072e-14
28.2,4.62725e-15
28.2167,1.01676e-15
28.2333,1.52392e-17
28.25,1.5428e-15
28.2667,5.50128e-15
28.2833,1.17754e-14
28.3,2.02343e-14
28.3167,3.07325e-14
28.3333,4.3112e-14
28.35,5.72034e-14
28.3667,7.28275e-14
28.3833,8.97973e-14
28.4,1.07919e-13
28.4167,1.26996e-13
28.4333,1.46825e-13
28.45,1.67205e-13
28.4667,1.87935e-13
28.4833,2.08813e-13
28.5,2.29643e-13
28.5167,2.50234e-13
28.5333,2.70401e-13
28.55,2.89967e-13
28.5667,3.08762e-13
28.5833,3.26629e-13
28.6,3.43421e-13
28.6167,3.59003e-13
28.6333,3.73253e-13
28.65,3.86062e-13
28.6667,3.97338e-13
28.6833,4.07e-13
28.7,4.14985e-13
28.7167,4.21243e-13
28.7333,4.25741e-13
28.75,4.2846e-13
28.7667,4.29397e-13
28.7833,4.28564e-13
28.8,4.25987e-13
28.8167,4.21704e-13
28.8333,4.15771e-13
28.85,4.08251e-13
28.8667,3.99223e-13
28.8833,3.88775e-13
28.9,3.77005e-13
28.9167,3.64021e-13
28.9333,3.49938e-13
28.95,3.34877e-13
28.9667,3.18966e-13
28.9833,3.02337e-13
29,2.85124e-13
29.0167,2.67465e-13
29.0333,2.49498e-13
29.05,2.31359e-13
29.0667,2.13185e-13
29.0833,1.95109e-13
29.1,1.77262e-13
29.1167,1.59766e-13
29.1333,1.42743e-13
29.15,1.26305e-13
29.1667,1.10558e-13
29.1833,9.55983e-14
29.2,8.1516e-14
29.2167,6.83907e-14
29.2333,5.62928e-14
29.25,4.52829e-14
29.2667,3.54113e-14
29.2833,2.67181e-14
29.3,1.9233e-14
29.3167,1.29752e-14
29.3333,7.95398e-15
29.35,4.16818e-15
29.3667,1.60696e-15
29.3833,2.49948e-16
29.4,6.76192e-17
29.4167,1.02179e-15
29.4333,3.06612e-15
29.45,6.14665e-15
29.4667,1.02024e-14
29.4833,1.51662e-14
29.5,2.09651e-14
29.5167,2.75212e-14
29.5333,3.47524e-14
29.55,4.25732e-14
29.5667,5.08955e-14
29.5833,5.96289e-14
29.6,6.86824e-14
29.6167,7.7964e-14
29.6333,8.73825e-14
29.65,9.68474e-14
29.6667,1.0627e-13
29.6833,1.15565e-13
29.7,1.24648e-13
29.7167,1.3344e-13
29.7333,1.41866e-13
29.75,1.49856e-13
29.7667,1.57343e-13
29.7833,1.64269e-13
29.8,1.70578e-13
29.8167,1.76225e-13
29.8333,1.81167e-13
29.85,1.85371e-13
29.8667,1.88809e-13
29.8833,1.9146e-13
29.9,1.9331e-13
29.9167,1.94354e-13
29.9333,1.94591e-13
29.95,1.94027e-13
29.9667,1.92677e-13
29.9833,1.90559e-13
30,1.87699e-13
30.0167,1.84128e-13
30.0333,1.79882e-13
30.05,1.75003e-13
30.0667,1.69536e-13
30.0833,1.6353e-13
30.1,1.57039e-13
30.1167,1.50118e-13
30.1333,1.42825e-13
30.15,1.35221e-13
30.1667,1.27367e-13
30.1833,1.19326e-13
30.2,1.11159e-13
30.2167,1.02929e-13
30.2333,9.46977e-14
30.25,8.65245e-14
30.2667,7.8468e-14
30.2833,7.05843e-14
30.3,6.29267e-14
30.3167,5.55457e-14
30.3333,4.84883e-14
30.35,4.17979e-14
30.3667,3.55139e-14
30.3833,2.96715e-14
30.4,2.43015e-14
30.4167,1.94303e-14
30.4333,1.50797e-14
30.45,1.12668e-14
30.4667,8.00377e-15
30.4833,5.29844e-15
30.5,3.1538e-15
30.5167,1.56833e-15
30.5333,5.36096e-16
30.55,4.68618e-17
30.5667,8.63186e-17
30.5833,6.36274e-16
30.6,1.67489e-15
30.6167,3.17696e-15
30.6333,5.11417e-15
30.65,7.45539e-15
30.6667,1.0167e-14
30.6833,1.32133e-14
30.7,1.65567e-14
30.7167,2.0158e-14
30.7333,2.39771e-14
30.75,2.7973e-14
30.7667,3.21041e-14
30.7833,3.6329e-14
30.8,4.06063e-14
30.8167,4.48952e-14
30.8333,4.91557e-14
30.85,5.33492e-14
30.8667,5.74383e-14
30.8833,6.13874e-14
30.9,6.51629e-14
30.9167,6.87334e-14
30.9333,7.20697e-14
30.95,7.51454e-14
30.9667,7.79368e-14
30.9833,8.0423e-14
31,8.25861e-14
31.0167,8.44113e-14
31.0333,8.58867e-14
31.05,8.70039e-14
31.0667,8.77574e-14
31.0833,8.81448e-14
31.1,8.8167e-14
31.1167,8.78276e-14
31.1333,8.71334e-14
31.15,8.60937e-14
31.1667,8.47209e-14
31.1833,8.30294e-14
31.2,8.10363e-14
31.2167,7.87607e-14
31.2333,7.62238e-14
31.25,7.34482e-14
31.2667,7.04584e-14
31.2833,6.72798e-14
31.3,6.39392e-14
31.3167,6.04639e-14
31.3333,5.68819e-14
31.35,5.32214e-14
31.3667,4.95108e-14
31.3833,4.57781e-14
31.4,4.20511e-14
31.4167,3.83568e-14
31.4333,3.47214e-14
31.45,3.117e-14
31.4667,2.77267e-14
31.4833,2.44138e-14
31.5,2.12523e-14
31.5167,1.82615e-14
31.5333,1.54588e-14
31.55,1.28597e-14
31.5667,1.04777e-14
31.5833,8.32421e-15
31.6,6.4087e-15
31.6167,4.73836e-15
31.6333,3.31829e-15
31.65,2.15149e-15
31.6667,1.23883e-15
31.6833,5.79157e-16
31.7,1.69318e-16
31.7167,4.23621e-18
31.7333,7.70049e-17
31.75,3.78983e-16
31.7667,8.99906e-16
31.7833,1.62801e-15
31.8,2.55014e-15
31.8167,3.65193e-15
31.8333,4.9179e-15
31.85,6.33164e-15
31.8667,7.87593e-15
31.8833,9.53293e-15
31.9,1.12843e-14
31.9167,1.31114e-14
31.9333,1.49955e-14
31.95,1.69176e-14
31.9667,1.88592e-14
31.9833,2.08017e-14
32,2.27272e-14
32.0167,2.46183e-14
32.0333,2.64583e-14
32.05,2.82312e-14
32.0667,2.99219e-14
32.0833,3.15165e-14
32.1,3.30022e-14
32.1167,3.4367e-14
32.1333,3.56007e-14
32.15,3.6694e-14
32.1667,3.76392e-14
32.1833,3.84298e-14
32.2,3.90609e-14
32.2167,3.9529e-14
32.2333,3.98318e-14
32.25,3.99686e-14
32.2667,3.99401e-14
32.2833,3.97484e-14
32.3,3.93967e-14
32.3167,3.88897e-14
32.3333,3.82331e-14
32.35,3.74338e-14
32.3667,3.64997e-14
32.3833,3.54397e-14
32.4,3.42636e-14
32.4167,3.29819e-14
32.4333,3.16057e-14
32.45,3.01467e-14
32.4667,2.86172e-14
32.4833,2.70296e-14
32.5,2.53966e-14
32.5167,2.3731e-14
32.5333,2.20457e-14
32.55,2.03534e-14
32.5667,1.86665e-14
32.5833,1.69972e-14
32.6,1.53574e-14
32.6167,1.37582e-14
32.6333,1.22104e-14
32.65,1.07241e-14
32.6667,9.30849e-15
32.6833,7.97215e-15
32.7,6.72278e-15
32.7167,5.56721e-15
32.7333,4.51135e-15
32.75,3.56016e-15
32.7667,2.71767e-15
32.7833,1.98694e-15
32.8,1.37004e-15
32.8167,8.68117e-16
32.8333,4.81347e-16
32.85,2.08989e-16
32.8667,4.94087e-17
32.8833,1.07515e-19
32.9,5.77671e-17
32.9167,2.18294e-16
32.9333,4.76872e-16
32.95,8.28016e-16
32.9667,1.26563e-15
32.9833,1.78308e-15
33,2.37324e-15
33.0167,3.02859e-15
33.0333,3.74124e-15
33.05,4.50305e-15
33.0667,5.30568e-15
33.0833,6.14065e-15
33.1,6.99941e-15
33.1167,7.87346e-15
33.1333,8.75433e-15
33.15,9.63373e-15
33.1667,1.05036e-14
33.1833,1.1356e-14
33.2,1.21835e-14
33.2167,1.2979e-14
33.2333,1.37357e-14
33.25,1.44474e-14
33.2667,1.51084e-14
33.2833,1.57136e-14
33.3,1.62582e-14
33.3167,1.67384e-14
33.3333,1.71507e-14
33.35,1.74923e-14
33.3667,1.77612e-14
33.3833,1.79559e-14
33.4,1.80755e-14
33.4167,1.812e-14
33.4333,1.80897e-14
33.45,1.79857e-14
33.4667,1.78096e-14
33.4833,1.75636e-14
33.5,1.72506e-14
33.5167,1.68737e-14
33.5333,1.64365e-14
33.55,1.59434e-14
33.5667,1.53986e-14
33.5833,1.48072e-14
33.6,1.41742e-14
33.6167,1.35049e-14
33.6333,1.28049e-14
33.65,1.208e-14
33.6667,1.13358e-14
33.6833,1.05783e-14
33.7,9.8131e-15
33.7167,9.04608e-15
33.7333,8.28285e-15
33.75,7.52888e-15
33.7667,6.78946e-15
33.7833,6.06964e-15
33.8,5.3742e-15
33.8167,4.70762e-15
33.8333,4.07405e-15
33.85,3.47726e-15
33.8667,2.92065e-15
33.8833,2.40722e-15
33.9,1.93955e-15
33.9167,1.5198e-15
33.9333,1.14968e-15
33.95,8.30472e-16
33.9667,5.63026e-16
33.9833,3.47752e-16
34,1.84632e-16
34.0167,7.32348e-17
34.0333,1.27266e-17
34.05,1.88591e-18
34.0667,3.91244e-17
34.0833,1.22508e-16
34.1,2.49779e-16
34.1167,4.18386e-16
34.1333,6.25504e-16
34.15,8.68072e-16
34.1667,1.14282e-15
34.1833,1.44628e-15
34.2,1.77487e-15
34.2167,2.12486e-15
34.2333,2.49246e-15
34.25,2.87381e-15
34.2667,3.26504e-15
34.2833,3.66229e-15
34.3,4.06175e-15
34.3167,4.45968e-15
34.3333,4.85242e-15
34.35,5.23645e-15
34.3667,5.60843e-15
34.3833,5.96515e-15
34.4,6.30362e-15
34.4167,6.62107e-15
34.4333,6.91497e-15
34.45,7.18302e-15
34.4667,7.4232e-15
34.4833,7.63376e-15
34.5,7.81323e-15
34.5167,7.96043e-15
34.5333,8.07448e-15
34.55,8.15477e-15
34.5667,8.20101e-15
34.5833,8.21318e-15
34.6,8.19156e-15
34.6167,8.13667e-15
34.6333,8.04933e-15
34.65,7.93059e-15
34.6667,7.78176e-15
34.6833,7.60434e-15
34.7,7.40007e-15
34.7167,7.17085e-15
34.7333,6.91876e-15
34.75,6.64603e-15
34.7667,6.35501e-15
34.7833,6.04815e-15
34.8,5.72798e-15
34.8167,5.39709e-15
34.8333,5.05811e-15
34.85,4.71367e-15
34.8667,4.36641e-15
34.8833,4.01891e-15
34.9,3.67371e-15
34.9167,3.33328e-15
34.9333,3e-15
34.95,2.67612e-15
34.9667,2.36378e-15
34.9833,2.06498e-15
35,1.78156e-15
35.0167,1.51519e-15
35.0333,1.26737e-15
35.05,1.03942e-15
35.0667,8.32452e-16
35.0833,6.47408e-16
35.1,4.85017e-16
35.1167,3.45813e-16
35.1333,2.30134e-16
35.15,1.38119e-16
35.1667,6.97165e-17
35.1833,2.46875e-17
35.2,2.61168e-18
35.2167,2.89551e-18
35.2333,2.47812e-17
35.25,6.73565e-17
35.2667,1.29566e-16
35.2833,2.10222e-16
35.3,3.08018e-16
35.3167,4.21543e-16
35.3333,5.49291e-16
35.35,6.89681e-16
35.3667,8.41066e-16
35.3833,1.00175e-15
35.4,1.17001e-15
35.4167,1.34408e-15
35.4333,1.52223e-15
35.45,1.70269e-15
35.4667,1.88376e-15
35.4833,2.06373e-15
35.5,2.24097e-15
35.5167,2.4139e-15
35.5333,2.58101e-15
35.55,2.74088e-15
35.5667,2.89217e-15
35.5833,3.03366e-15
35.6,3.16421e-15
35.6167,3.28281e-15
35.6333,3.38859e-15
35.65,3.48077e-15
35.6667,3.55871e-15
35.6833,3.62193e-15
35.7,3.67003e-15
35.7167,3.7028e-15
35.7333,3.72011e-15
35.75,3.722e-15
35.7667,3.70861e-15
35.7833,3.68022e-15
35.8,3.63722e-15
35.8167,3.58012e-15
35.8333,3.50952e-15
35.85,3.42615e-15
35.8667,3.3308e-15
35.8833,3.22436e-15
35.9,3.10778e-15
35.9167,2.9821e-15
35.9333,2.84838e-15
35.95,2.70774e-15
35.9667,2.56135e-15
35.9833,2.41039e-15
36,2.25603e-15
36.0167,2.09949e-15
36.0333,1.94194e-15
36.05,1.78456e-15
36.0667,1.62849e-15
36.0833,1.47484e-15
36.1,1.32468e-15
36.1167,1.17902e-15
36.1333,1.03881e-15
36.15,9.0494e-16
36.1667,7.78228e-16
36.1833,6.59415e-16
36.2,5.49159e-16
36.2167,4.48038e-16
36.2333,3.5654e-16
36.25,2.75066e-16
36.2667,2.03927e-16
36.2833,1.43344e-16
36.3,9.34483e-17
36.3167,5.42826e-17
36.3333,2.5803e-17
36.35,7.88142e-18
36.3667,3.08332e-19
36.3833,2.79664e-18
36.4,1.49858e-17
36.4167,3.64462e-17
36.4333,6.66848e-17
36.45,1.0515e-16
36.4667,1.51237e-16
36.4833,2.04296e-16
36.5,2.63636e-16
36.5167,3.28531e-16
36.5333,3.9823e-16
36.55,4.71959e-16
36.5667,5.48933e-16
36.5833,6.28356e-16
36.6,7.09434e-16
36.6167,7.91377e-16
36.6333,8.73406e-16
36.65,9.54762e-16
36.6667,1.03471e-15
36.6833,1.11253e-15
36.7,1.18756e-15
36.7167,1.25916e-15
36.7333,1.32673e-15
36.75,1.38973e-15
36.7667,1.44766e-15
36.7833,1.50007e-15
36.8,1.54658e-15
36.8167,1.58684e-15
36.8333,1.6206e-15
36.85,1.64763e-15
36.8667,1.66779e-15
36.8833,1.68096e-15
36.9,1.68714e-15
36.9167,1.68633e-15
36.9333,1.67862e-15
36.95,1.66414e-15
36.9667,1.6431e-15
36.9833,1.61572e-15
37,1.5823e-15
37.0167,1.54317e-15
37.0333,1.4987e-15
37.05,1.4493e-15
37.0667,1.39542e-15
37.0833,1.33752e-15
37.1,1.2761e-15
37.1167,1.21168e-15
37.1333,1.14477e-15
37.15,1.07591e-15
37.1667,1.00565e-15
37.1833,9.34523e-16
37.2,8.63072e-16
37.2167,7.91823e-16
37.2333,7.21291e-16
37.25,6.51976e-16
37.2667,5.84353e-16
37.2833,5.18877e-16
37.3,4.55972e-16
37.3167,3.96035e-16
37.3333,3.39427e-16
37.35,2.86475e-16
37.3667,2.3747e-16
37.3833,1.92663e-16
37.4,1.52267e-16
37.4167,1.16453e-16
37.4333,8.5353e-17
37.45,5.90569e-17
37.4667,3.76145e-17
37.4833,2.10357e-17
37.5,9.29125e-18
37.5167,2.31392e-18
37.5333,7.15542e-23
37.55,2.21126e-18
37.5667,8.77623e-18
37.5833,1.9493e-17
37.6,3.41313e-17
37.6167,5.2435e-17
37.6333,7.41246e-17
37.65,9.89005e-17
37.6667,1.26445e-16
37.6833,1.56427e-16
37.7,1.88502e-16
37.7167,2.22319e-16
37.7333,2.57518e-16
37.75,2.9374e-16
37.7667,3.30625e-16
37.7833,3.67815e-16
37.8,4.0496e-16
37.8167,4.41716e-16
37.8333,4.77752e-16
37.85,5.12751e-16
37.8667,5.4641e-16
37.8833,5.78446e-16
37.9,6.08593e-16
37.9167,6.3661e-16
37.9333,6.62275e-16
37.95,6.85394e-16
37.9667,7.05796e-16
37.9833,7.23337e-16
38,7.37898e-16
38.0167,7.49391e-16
38.0333,7.57751e-16
38.05,7.62944e-16
38.0667,7.64959e-16
38.0833,7.63816e-16
38.1,7.59556e-16
38.1167,7.52249e-16
38.1333,7.41987e-16
38.15,7.28885e-16
38.1667,7.13078e-16
38.1833,6.94721e-16
38.2,6.7399e-16
38.2167,6.51072e-16
38.2333,6.26172e-16
38.25,5.99506e-16
38.2667,5.713e-16
38.2833,5.41788e-16
38.3,5.11211e-16
38.3167,4.79812e-16
38.3333,4.47837e-16
38.35,4.15531e-16
38.3667,3.83138e-16
38.3833,3.50895e-16
38.4,3.19035e-16
38.4167,2.87781e-16
38.4333,2.57348e-16
38.45,2.27937e-16
38.4667,1.99738e-16
38.4833,1.72928e-16
38.5,1.47666e-16
38.5167,1.24097e-16
38.5333,1.02348e-16
38.55,8.25283e-17
38.5667,6.47302e-17
38.5833,4.90269e-17
38.6,3.54732e-17
38.6167,2.41054e-17
38.6333,1.49415e-17
38.65,7.98141e-18
38.6667,3.20752e-18
38.6833,5.85079e-19
38.7,6.30082e-20
38.7167,1.57466e-18
38.7333,5.03871e-18
38.75,1.03602e-17
38.7667,1.74316e-17
38.7833,2.61339e-17
38.8,3.63379e-17
38.8167,4.79055e-17
38.8333,6.06909e-17
38.85,7.45421e-17
38.8667,8.9302e-17
38.8833,1.0481e-16
38.9,1.20904e-16
38.9167,1.37419e-16
38.9333,1.54193e-16
38.95,1.71065e-16
38.9667,1.87875e-16
38.9833,2.04469e-16
39,2.207e-16
39.0167,2.36424e-16
39.0333,2.51506e-16
39.05,2.6582e-16
39.0667,2.79248e-16
39.0833,2.91682e-16
39.1,3.03026e-16
39.1167,3.13194e-16
39.1333,3.22112e-16
39.15,3.29717e-16
39.1667,3.35959e-16
39.1833,3.408e-16
39.2,3.44215e-16
39.2167,3.46191e-16
39.2333,3.46727e-16
39.25,3.45834e-16
39.2667,3.43535e-16
39.2833,3.39864e-16
39.3,3.34865e-16
39.3167,3.28594e-16
39.3333,3.21113e-16
39.35,3.12496e-16
39.3667,3.02824e-16
39.3833,2.92184e-16
39.4,2.80671e-16
39.4167,2.68383e-16
39.4333,2.55425e-16
39.45,2.41903e-16
39.4667,2.27928e-16
39.4833,2.13609e-16
39.5,1.99059e-16
39.5167,1.84389e-16
39.5333,1.69709e-16
39.55,1.55125e-16
39.5667,1.40742e-16
39.5833,1.26662e-16
39.6,1.12978e-16
39.6167,9.97828e-17
39.6333,8.71596e-17
39.65,7.51867e-17
39.6667,6.39347e-17
39.6833,5.34671e-17
39.7,4.38396e-17
39.7167,3.50998e-17
39.7333,2.72869e-17
39.75,2.0432e-17
39.7667,1.45577e-17
39.7833,9.6782e-18
39.8,5.79935e-18
39.8167,2.91892e-18
39.8333,1.02673e-18
39.85,1.04927e-19
39.8667,1.28331e-19
39.8833,1.0648e-18
39.9,2.87565e-18
39.9167,5.51614e-18
39.9333,8.93593e-18
39.95,1.30797e-17
39.9667,1.78875e-17
39.9833,2.32957e-17
40,2.92373e-17
40.0167,3.56424e-17
40.0333,4.24394e-17
40.05,4.95549e-17
40.0667,5.6915e-17
40.0833,6.44453e-17
40.1,7.20718e-17
40.1167,7.97218e-17
40.1333,8.73236e-17
40.15,9.48081e-17
40.1667,1.02108e-16
40.1833,1.0916e-16
40.2,1.15904e-16
40.2167,1.22284e-16
40.2333,1.28247e-16
40.25,1.33745e-16
40.2667,1.38737e-16
40.2833,1.43185e-16
40.3,1.47056e-16
40.3167,1.50325e-16
40.3333,1.52969e-16
40.35,1.54973e-16
40.3667,1.56328e-16
40.3833,1.5703e-16
40.4,1.57078e-16
40.4167,1.56481e-16
40.4333,1.5525e-16
40.45,1.53401e-16
40.4667,1.50957e-16
40.4833,1.47943e-16
40.5,1.4439e-16
40.5167,1.40333e-16
40.5333,1.35808e-16
40.55,1.30856e-16
40.5667,1.25522e-16
40.5833,1.1985e-16
40.6,1.13888e-16
40.6167,1.07686e-16
40.6333,1.01294e-16
40.65,9.4761e-17
40.6667,8.8139e-17
40.6833,8.1478e-17
40.7,7.48275e-17
40.7167,6.8236e-17
40.7333,6.17504e-17
40.75,5.54157e-17
40.7667,4.92747e-17
40.7833,4.33676e-17
40.8,3.77319e-17
40.8167,3.2402e-17
40.8333,2.7409e-17
40.85,2.27807e-17
40.8667,1.85412e-17
40.8833,1.47109e-17
40.9,1.13066e-17
40.9167,8.34095e-18
40.9333,5.82314e-18
40.95,3.75835e-18
40.9667,2.14805e-18
40.9833,9.90013e-19
41,2.78467e-19
41.0167,4.18034e-21
41.0333,1.54639e-19
41.05,7.14225e-19
41.0667,1.66441e-18
41.0833,2.98397e-18
41.1,4.64924e-18
41.1167,6.63432e-18
41.1333,8.91139e-18
41.15,1.14509e-17
41.1667,1.4222e-17
41.1833,1.71925e-17
41.2,2.03296e-17
41.2167,2.35997e-17
41.2333,2.69693e-17
41.25,3.04044e-17
41.2667,3.38716e-17
41.2833,3.73379e-17
41.3,4.07711e-17
41.3167,4.41401e-17
41.3333,4.7415e-17
41.35,5.05673e-17
41.3667,5.35701e-17
41.3833,5.63986e-17
41.4,5.90297e-17
41.4167,6.14427e-17
41.4333,6.3619e-17
41.45,6.55424e-17
41.4667,6.71992e-17
41.4833,6.85782e-17
41.5,6.96706e-17
41.5167,7.04704e-17
41.5333,7.0974e-17
41.55,7.11804e-17
41.5667,7.10911e-17
41.5833,7.07099e-17
41.6,7.00432e-17
41.6167,6.90995e-17
41.6333,6.78893e-17
41.65,6.64254e-17
41.6667,6.47221e-17
41.6833,6.27958e-17
41.7,6.06641e-17
41.7167,5.83461e-17
41.7333,5.58619e-17
41.75,5.32329e-17
41.7667,5.0481e-17
41.7833,4.76286e-17
41.8,4.46988e-17
41.8167,4.17145e-17
41.8333,3.86988e-17
41.85,3.56746e-17
41.8667,3.26642e-17
41.8833,2.96894e-17
41.9,2.67713e-17
41.9167,2.393e-17
41.9333,2.11846e-17
41.95,1.85528e-17
41.9667,1.60513e-17
41.9833,1.3695e-17
42,1.14975e-17
42.0167,9.4708e-18
42.0333,7.62519e-18
42.05,5.96925e-18
42.0667,4.50984e-18
42.0833,3.25209e-18
42.1,2.19934e-18
42.1167,1.35325e-18
42.1333,7.13731e-19
42.15,2.7906e-19
42.1667,4.58926e-20
42.1833,9.34405e-21
42.2,1.63061e-19
42.2167,4.99308e-19
42.2333,1.00906e-18
42.25,1.68212e-18
42.2667,2.5072e-18
42.2833,3.47207e-18
42.3,4.56364e-18
42.3167,5.76814e-18
42.3333,7.07117e-18
42.35,8.45792e-18
42.3667,9.91323e-18
42.3833,1.14217e-17
42.4,1.2968e-17
42.4167,1.45367e-17
42.4333,1.61125e-17
42.45,1.76807e-17
42.4667,1.92267e-17
42.4833,2.07366e-17
42.5,2.21969e-17
42.5167,2.35952e-17
42.5333,2.49194e-17
42.55,2.61588e-17
42.5667,2.73033e-17
42.5833,2.83439e-17
42.6,2.92726e-17
42.6167,3.00827e-17
42.6333,3.07685e-17
42.65,3.13254e-17
42.6667,3.17501e-17
42.6833,3.20404e-17
42.7,3.21953e-17
42.7167,3.22149e-17
42.7333,3.21006e-17
42.75,3.18547e-17
42.7667,3.14806e-17
42.7833,3.09828e-17
42.8,3.03667e-17
42.8167,2.96384e-17
42.8333,2.88052e-17
42.85,2.78747e-17
42.8667,2.68554e-17
42.8833,2.57565e-17
42.9,2.45874e-17
42.9167,2.3358e-17
42.9333,2.20786e-17
42.95,2.07596e-17
42.9667,1.94115e-17
42.9833,1.80449e-17
43,1.66704e-17
43.0167,1.52982e-17
43.0333,1.39385e-17
43.05,1.26011e-17
43.0667,1.12953e-17
43.0833,1.00302e-17
43.1,8.81413e-18
43.1167,7.65485e-18
43.1333,6.55956e-18
43.15,5.53473e-18
43.1667,4.58613e-18
43.1833,3.71875e-18
43.2,2.93682e-18
43.2167,2.24375e-18
43.2333,1.64217e-18
43.25,1.13388e-18
43.2667,7.19914e-19
43.2833,4.00474e-19
43.3,1.75006e-19
43.3167,4.22016e-20
43.3333,2.98686e-23
43.35,4.57684e-20
43.3667,1.76044e-19
43.3833,3.86874e-19
43.4,6.73715e-19
43.4167,1.03151e-18
43.4333,1.45475e-18
43.45,1.9375e-18
43.4667,2.47352e-18
43.4833,3.05623e-18
43.5,3.67887e-18
43.5167,4.33449e-18
43.5333,5.01603e-18
43.55,5.71639e-18
43.5667,6.42849e-18
43.5833,7.14529e-18
43.6,7.85991e-18
43.6167,8.56563e-18
43.6333,9.25597e-18
43.65,9.9247e-18
43.6667,1.05659e-17
43.6833,1.11742e-17
43.7,1.17443e-17
43.7167,1.22715e-17
43.7333,1.27518e-17
43.75,1.31812e-17
43.7667,1.35566e-17
43.7833,1.38753e-17
43.8,1.41352e-17
43.8167,1.43345e-17
43.8333,1.44723e-17
43.85,1.4548e-17
43.8667,1.45616e-17
43.8833,1.45136e-17
43.9,1.44052e-17
43.9167,1.42378e-17
43.9333,1.40134e-17
43.95,1.37346e-17
43.9667,1.34042e-17
43.9833,1.30253e-17
44,1.26018e-17
44.0167,1.21373e-17
44.0333,1.16362e-17
44.05,1.11028e-17
44.0667,1.05417e-17
44.0833,9.95768e-18
44.1,9.35553e-18
44.1167,8.74016e-18
44.1333,8.11647e-18
44.15,7.48935e-18
44.1667,6.86359e-18
44.1833,6.24389e-18
44.2,5.63479e-18
44.2167,5.04066e-18
44.2333,4.46562e-18
44.25,3.91356e-18
44.2667,3.3881e-18
44.2833,2.89254e-18
44.3,2.42986e-18
44.3167,2.0027e-18
44.3333,1.61334e-18
44.35,1.2637e-18
44.3667,9.55315e-19
44.3833,6.89348e-19
44.4,4.66577e-19
44.4167,2.87403e-19
44.4333,1.51856e-19
44.45,5.95996e-20
44.4667,9.94598e-21
44.4833,1.86811e-21
44.5,3.40166e-20
44.5167,1.04738e-19
44.5333,2.12097e-19
44.55,3.53897e-19
44.5667,5.27706e-19
44.5833,7.30881e-19
44.6,9.60595e-19
44.6167,1.21387e-18
44.6333,1.48759e-18
44.65,1.77854e-18
44.6667,2.08346e-18
44.6833,2.39902e-18
44.7,2.72189e-18
44.7167,3.04875e-18
44.7333,3.37632e-18
44.75,3.70142e-18
44.7667,4.02091e-18
44.7833,4.33182e-18
44.8,4.63129e-18
44.8167,4.91664e-18
44.8333,5.18536e-18
44.85,5.43515e-18
44.8667,5.66391e-18
44.8833,5.86977e-18
44.9,6.05112e-18
44.9167,6.20656e-18
44.9333,6.33499e-18
44.95,6.43552e-18
44.9667,6.50756e-18
44.9833,6.55076e-18
45,6.56503e-18
45.0167,6.55056e-18
45.0333,6.50775e-18
45.05,6.43726e-18
45.0667,6.33998e-18
45.0833,6.21702e-18
45.1,6.06968e-18
45.1167,5.89946e-18
45.1333,5.70803e-18
45.15,5.49721e-18
45.1667,5.26897e-18
45.1833,5.02537e-18
45.2,4.76859e-18
45.2167,4.50087e-18
45.2333,4.2245e-18
45.25,3.94181e-18
45.2667,3.65514e-18
45.2833,3.36682e-18
45.3,3.07915e-18
45.3167,2.79436e-18
45.3333,2.51463e-18
45.35,2.24204e-18
45.3667,1.97858e-18
45.3833,1.7261e-18
45.4,1.48633e-18
45.4167,1.26083e-18
45.4333,1.05103e-18
45.45,8.5816e-19
45.4667,6.83306e-19
45.4833,5.27351e-19
45.5,3.91e-19
45.5167,2.7477e-19
45.5333,1.78992e-19
45.55,1.03808e-19
45.5667,4.91784e-20
45.5833,1.48847e-20
45.6,5.34987e-22
45.6167,5.57202e-21
45.6333,2.92815e-20
45.65,7.08017e-20
45.6667,1.29135e-19
45.6833,2.03158e-19
45.7,2.91637e-19
45.7167,3.93237e-19
45.7333,5.06542e-19
45.75,6.3006e-19
45.7667,7.62247e-19
45.7833,9.01517e-19
45.8,1.04626e-18
45.8167,1.19484e-18
45.8333,1.34565e-18
45.85,1.49707e-18
45.8667,1.64753e-18
45.8833,1.79551e-18
45.9,1.93953e-18
45.9167,2.07818e-18
45.9333,2.21013e-18
45.95,2.33416e-18
45.9667,2.44913e-18
45.9833,2.554e-18
46,2.64785e-18
46.0167,2.72991e-18
46.0333,2.79949e-18
46.05,2.85605e-18
46.0667,2.89918e-18
46.0833,2.92862e-18
46.1,2.9442e-18
46.1167,2.94592e-18
46.1333,2.9339e-18
46.15,2.90837e-18
46.1667,2.8697e-18
46.1833,2.81837e-18
46.2,2.75497e-18
46.2167,2.68018e-18
46.2333,2.5948e-18
46.25,2.49969e-18
46.2667,2.3958e-18
46.2833,2.28414e-18
46.3,2.16578e-18
46.3167,2.04182e-18
46.3333,1.91342e-18
46.35,1.78173e-18
46.3667,1.64794e-18
46.3833,1.51321e-18
46.4,1.37871e-18
46.4167,1.24558e-18
46.4333,1.11492e-18
46.45,9.87787e-19
46.4667,8.65192e-19
46.4833,7.4808e-19
46.5,6.37325e-19
46.5167,5.33722e-19
46.5333,4.37983e-19
46.55,3.50731e-19
46.5667,2.72494e-19
46.5833,2.03703e-19
46.6,1.44687e-19
46.6167,9.5677e-20
46.6333,5.68006e-20
46.65,2.80854e-20
46.6667,9.46031e-21
46.6833,7.57856e-22
46.7,1.71821e-21
46.7167,1.19934e-20
46.7333,3.11526e-20
46.75,5.86877e-20
46.7667,9.40205e-20
46.7833,1.36509e-19
46.8,1.85456e-19
46.8167,2.40114e-19
46.8333,2.997e-19
46.85,3.63396e-19
46.8667,4.30362e-19
46.8833,4.99746e-19
46.9,5.70688e-19
46.9167,6.42334e-19
46.9333,7.13839e-19
46.95,7.84379e-19
46.9667,8.53157e-19
46.9833,9.19412e-19
47,9.82423e-19
47.0167,1.04152e-18
47.0333,1.09608e-18
47.05,1.14555e-18
47.0667,1.18942e-18
47.0833,1.22729e-18
47.1,1.25878e-18
47.1167,1.28361e-18
47.1333,1.30157e-18
47.15,1.31254e-18
47.1667,1.31645e-18
47.1833,1.31333e-18
47.2,1.30325e-18
47.2167,1.2864e-18
47.2333,1.26299e-18
47.25,1.23334e-18
47.2667,1.19779e-18
47.2833,1.15677e-18
47.3,1.11074e-18
47.3167,1.06023e-18
47.3333,1.00578e-18
47.35,9.47986e-19
47.3667,8.87462e-19
47.3833,8.24843e-19
47.4,7.6078e-19
47.4167,6.95926e-19
47.4333,6.30934e-19
47.45,5.66448e-19
47.4667,5.03098e-19
47.4833,4.41491e-19
47.5,3.82203e-19
47.5167,3.25778e-19
47.5333,2.72719e-19
47.55,2.23482e-19
47.5667,1.78472e-19
47.5833,1.38043e-19
47.6,1.02488e-19
47.6167,7.20384e-20
47.6333,4.6866e-20
47.65,2.70765e-20
47.6667,1.27118e-20
47.6833,3.74921e-21
47.7,1.03125e-22
47.7167,1.62649e-21
47.7333,8.11351e-21
47.75,1.9303e-20
47.7667,3.48821e-20
47.7833,5.44913e-20
47.8,7.77291e-20
47.8167,1.04158e-19
47.8333,1.33308e-19
47.85,1.64689e-19
47.8667,1.97789e-19
47.8833,2.32088e-19
47.9,2.67059e-19
47.9167,3.02177e-19
47.9333,3.36928e-19
47.95,3.7081e-19
47.9667,4.03344e-19
47.9833,4.34077e-19
48,4.62586e-19
48.0167,4.88487e-19
48.0333,5.11436e-19
48.05,5.31136e-19
48.0667,5.47335e-19
48.0833,5.59834e-19
48.1,5.68487e-19
48.1167,5.73201e-19
48.1333,5.73936e-19
48.15,5.7071e-19
48.1667,5.63593e-19
48.1833,5.52705e-19
48.2,5.38218e-19
48.2167,5.20352e-19
48.2333,4.99369e-19
48.25,4.75571e-19
48.2667,4.49296e-19
48.2833,4.20912e-19
48.3,3.90812e-19
48.3167,3.59409e-19
48.3333,3.2713e-19
48.35,2.94407e-19
48.3667,2.61677e-19
48.3833,2.2937e-19
48.4,1.97907e-19
48.4167,1.6769e-19
48.4333,1.39099e-19
48.45,1.12487e-19
48.4667,8.8173e-20
48.4833,6.64379e-20
48.5,4.75212e-20
48.5167,3.16167e-20
48.5333,1.88696e-20
48.55,9.37466e-21
48.5667,3.17449e-21
48.5833,2.58894e-22
48.6,5.65e-22
48.6167,3.97816e-21
48.6333,1.03337e-20
48.65,1.94195e-20
48.6667,3.09794e-20
48.6833,4.47172e-20
48.7,6.03017e-20
48.7167,7.7372e-20
48.7333,9.55438e-20
48.75,1.14416e-19
48.7667,1.33578e-19
48.7833,1.52618e-19
48.8,1.71126e-19
48.8167,1.88709e-19
48.8333,2.04993e-19
48.85,2.19632e-19
48.8667,2.32315e-19
48.8833,2.42775e-19
48.9,2.50789e-19
48.9167,2.56191e-19
48.9333,2.58866e-19
48.95,2.58764e-19
48.9667,2.5589e-19
48.9833,2.50312e-19
49,2.42157e-19
49.0167,2.31607e-19
49.0333,2.18898e-19
49.05,2.0431e-19
49.0667,1.88167e-19
49.0833,1.70823e-19
49.1,1.52657e-19
49.1167,1.34063e-19
49.1333,1.15443e-19
49.15,9.71897e-20
49.1667,7.96859e-20
49.1833,6.3288e-20
49.2,4.8319e-20
49.2167,3.50598e-20
49.2333,2.37413e-20
49.25,1.45379e-20
49.2667,7.56225e-21
49.2833,2.86199e-21
49.3,4.17691e-22
49.3167,1.43075e-22
49.3333,1.88707e-21
49.35,5.43786e-21
49.3667,1.05289e-20
49.3833,1.68469e-20
49.4,2.40416e-20
49.4167,3.17369e-20
49.4333,3.95439e-20
49.45,4.7074e-20
49.4667,5.39541e-20
49.4833,5.98401e-20
49.5,6.44322e-20
49.5167,6.74876e-20
49.5333,6.88331e-20
49.55,6.8375e-20
49.5667,6.61069e-20
49.5833,6.21143e-20
49.6,5.65752e-20
49.6167,4.97569e-20
49.6333,4.20085e-20
49.65,3.37476e-20
49.6667,2.54429e-20
49.6833,1.75918e-20
49.7,1.06927e-20
49.7167,5.21395e-21
49.7333,1.55968e-21
49.75,3.34381e-23
49.7667,8.02414e-22
49.7833,3.864e-21
49.8,9.01794e-21
49.8167,1.58478e-20
49.8333,2.37164e-20
49.85,3.17807e-20
49.8667,3.90323e-20
49.8833,4.43727e-20
49.9,4.67299e-20
49.9167,4.52295e-20
49.9333,3.943e-20
49.95,2.96381e-20
49.9667,1.73177e-20
49.9833,5.61246e-21
