1e-05,1.72196e-10
0.0166767,0.000632237
0.0333433,0.00231656
0.05001,0.00477339
0.0666767,0.00776762
0.0833433,0.0111032
0.10001,0.0146181
0.116677,0.0181801
0.133343,0.0216828
0.15001,0.0250419
0.166677,0.0281925
0.183343,0.0310859
0.20001,0.0336874
0.216677,0.0359741
0.233343,0.0379327
0.25001,0.0395584
0.266677,0.0408529
0.283343,0.0418233
0.30001,0.0424811
0.316677,0.0428412
0.333343,0.0429209
0.35001,0.0427394
0.366677,0.0423171
0.383343,0.0416751
0.40001,0.0408351
0.416677,0.0398183
0.433343,0.038646
0.45001,0.0373388
0.466677,0.0359166
0.483343,0.0343984
0.50001,0.0328023
0.516677,0.0311455
0.533343,0.029444
0.55001,0.0277129
0.566677,0.0259659
0.583343,0.024216
0.60001,0.0224748
0.616677,0.0207533
0.633343,0.0190612
0.65001,0.0174074
0.666677,0.0157999
0.683343,0.0142458
0.70001,0.0127517
0.716677,0.0113232
0.733343,0.00996528
0.75001,0.00868244
0.766677,0.00747851
0.783343,0.00635684
0.80001,0.00532031
0.816677,0.00437138
0.833343,0.00351213
0.85001,0.00274427
0.866676,0.00206923
0.883343,0.00148813
0.90001,0.00100186
0.916676,0.00061107
0.933343,0.000316221
0.95001,0.000117578
0.966676,1.52477e-05
0.983343,9.18368e-06
1.00001,9.92047e-05
1.01668,0.000285004
1.03334,0.000566158
1.05001,0.000942136
1.06668,0.00141231
1.08334,0.00197594
1.10001,0.00263221
1.11668,0.0033802
1.13334,0.00421893
1.15001,0.00514731
1.16668,0.00616417
1.18334,0.00726828
1.20001,0.0084583
1.21668,0.00973286
1.23334,0.0110905
1.25001,0.0125296
1.26668,0.0140487
1.28334,0.015646
1.30001,0.0173199
1.31668,0.0190686
1.33334,0.0208901
1.35001,0.0227827
1.36668,0.0247445
1.38334,0.0267733
1.40001,0.0288672
1.41668,0.0310242
1.43334,0.0332421
1.45001,0.0355189
1.46668,0.0378523
1.48334,0.0402402
1.50001,0.0426803
1.51668,0.0451705
1.53334,0.0477084
1.55001,0.0502919
1.56668,0.0529186
1.58334,0.0555863
1.60001,0.0582927
1.61668,0.0610355
1.63334,0.0638124
1.65001,0.066621
1.66668,0.0694593
1.68334,0.0723247
1.70001,0.0752152
1.71668,0.0781283
1.73334,0.081062
1.75001,0.084014
1.76668,0.086982
1.78334,0.0899639
1.80001,0.0929576
1.81668,0.0959608
1.83334,0.0989716
1.85001,0.101988
1.86668,0.105008
1.88334,0.108029
1.90001,0.111049
1.91668,0.114067
1.93334,0.117081
1.95001,0.120088
1.96668,0.123087
1.98334,0.126077
2.00001,0.129055
2.01668,0.13202
2.03334,0.13497
2.05001,0.137903
2.06668,0.140818
2.08334,0.143714
2.10001,0.146589
2.11668,0.149442
2.13334,0.152271
2.15001,0.155074
2.16668,0.157852
2.18334,0.160602
2.20001,0.163324
2.21668,0.166015
2.23334,0.168676
2.25001,0.171306
2.26668,0.173902
2.28334,0.176465
2.30001,0.178993
2.31668,0.181486
2.33334,0.183943
2.35001,0.186363
2.36668,0.188745
2.38334,0.191089
2.40001,0.193395
2.41668,0.195661
2.43334,0.197888
2.45001,0.200074
2.46668,0.202219
2.48334,0.204324
2.50001,0.206387
2.51668,0.208408
2.53334,0.210387
2.55001,0.212325
2.56668,0.214219
2.58334,0.216071
2.60001,0.21788
2.61668,0.219647
2.63334,0.22137
2.65001,0.223051
2.66668,0.224688
2.68334,0.226282
2.70001,0.227834
2.71668,0.229342
2.73334,0.230808
2.75001,0.23223
2.76668,0.233611
2.78334,0.234948
2.80001,0.236243
2.81668,0.237496
2.83334,0.238707
2.85001,0.239877
2.86668,0.241004
2.88334,0.242091
2.90001,0.243136
2.91668,0.24414
2.93334,0.245104
2.95001,0.246028
2.96668,0.246912
2.98334,0.247756
3.00001,0.248561
3.01668,0.249326
3.03334,0.250054
3.05001,0.250743
3.06668,0.251393
3.08334,0.252007
3.10001,0.252583
3.11668,0.253122
3.13334,0.253625
3.15001,0.254091
3.16668,0.254522
3.18334,0.254918
3.20001,0.255278
3.21668,0.255604
3.23334,0.255895
3.25001,0.256153
3.26668,0.256377
3.28334,0.256568
3.30001,0.256727
3.31668,0.256853
3.33334,0.256947
3.35001,0.257009
3.36668,0.257041
3.38334,0.257041
3.40001,0.257011
3.41668,0.256952
3.43334,0.256862
3.45001,0.256743
3.46668,0.256595
3.48334,0.256419
3.50001,0.256215
3.51668,0.255982
3.53334,0.255723
3.55001,0.255436
3.56668,0.255123
3.58334,0.254783
3.60001,0.254417
3.61668,0.254026
3.63334,0.25361
3.65001,0.253168
3.66668,0.252703
3.68334,0.252213
3.70001,0.251699
3.71668,0.251162
3.73334,0.250602
3.75001,0.25002
3.76668,0.249415
3.78334,0.248788
3.80001,0.248139
3.81668,0.247469
3.83334,0.246779
3.85001,0.246068
3.86668,0.245337
3.88334,0.244586
3.90001,0.243815
3.91668,0.243026
3.93334,0.242218
3.95001,0.241392
3.96668,0.240547
3.98334,0.239685
4.00001,0.238806
4.01668,0.23791
4.03334,0.236997
4.05001,0.236069
4.06668,0.235124
4.08334,0.234164
4.10001,0.233189
4.11668,0.232199
4.13334,0.231195
4.15001,0.230177
4.16668,0.229145
4.18334,0.2281
4.20001,0.227041
4.21668,0.225971
4.23334,0.224888
4.25001,0.223793
4.26668,0.222687
4.28334,0.221569
4.30001,0.220441
4.31668,0.219302
4.33334,0.218154
4.35001,0.216995
4.36668,0.215827
4.38334,0.21465
4.40001,0.213464
4.41668,0.21227
4.43334,0.211068
4.45001,0.209858
4.46668,0.208641
4.48334,0.207417
4.50001,0.206186
4.51668,0.204948
4.53334,0.203705
4.55001,0.202456
4.56668,0.201201
4.58334,0.199942
4.60001,0.198678
4.61668,0.197409
4.63334,0.196136
4.65001,0.194859
4.66668,0.193579
4.68334,0.192296
4.70001,0.19101
4.71668,0.189721
4.73334,0.188429
4.75001,0.187136
4.76668,0.185841
4.78334,0.184545
4.80001,0.183247
4.81668,0.181948
4.83334,0.180649
4.85001,0.179349
4.86668,0.178049
4.88334,0.176749
4.90001,0.175449
4.91668,0.17415
4.93334,0.172852
4.95001,0.171555
4.96668,0.170259
4.98334,0.168964
5.00001,0.167672
5.01668,0.166381
5.03334,0.165092
5.05001,0.163805
5.06668,0.162521
5.08334,0.16124
5.10001,0.159961
5.11668,0.158686
5.13334,0.157413
5.15001,0.156144
5.16668,0.154879
5.18334,0.153617
5.20001,0.15236
5.21668,0.151106
5.23334,0.149856
5.25001,0.148611
5.26668,0.14737
5.28334,0.146133
5.30001,0.144902
5.31668,0.143675
5.33334,0.142453
5.35001,0.141236
5.36668,0.140024
5.38334,0.138817
5.40001,0.137616
5.41668,0.13642
5.43334,0.13523
5.45001,0.134045
5.46668,0.132866
5.48334,0.131693
5.50001,0.130525
5.51668,0.129364
5.53334,0.128208
5.55001,0.127058
5.56668,0.125915
5.58334,0.124777
5.60001,0.123646
5.61668,0.122521
5.63334,0.121403
5.65001,0.12029
5.66668,0.119184
5.68334,0.118085
5.70001,0.116991
5.71668,0.115905
5.73334,0.114824
5.75001,0.113751
5.76668,0.112683
5.78334,0.111623
5.80001,0.110569
5.81668,0.109521
5.83334,0.10848
5.85001,0.107446
5.86668,0.106418
5.88334,0.105397
5.90001,0.104382
5.91668,0.103375
5.93334,0.102373
5.95001,0.101379
5.96668,0.100391
5.98334,0.0994097
6.00001,0.098435
6.01668,0.097467
6.03334,0.0965056
6.05001,0.0955508
6.06668,0.0946026
6.08334,0.0936611
6.10001,0.0927261
6.11668,0.0917977
6.13334,0.0908758
6.15001,0.0899606
6.16668,0.0890519
6.18334,0.0881497
6.20001,0.0872541
6.21668,0.0863649
6.23334,0.0854823
6.25001,0.0846062
6.26668,0.0837365
6.28334,0.0828733
6.30001,0.0820166
6.31668,0.0811662
6.33334,0.0803223
6.35001,0.0794848
6.36668,0.0786536
6.38334,0.0778288
6.40001,0.0770104
6.41668,0.0761983
6.43334,0.0753925
6.45001,0.074593
6.46668,0.0737998
6.48334,0.0730129
6.50001,0.0722322
6.51668,0.0714577
6.53334,0.0706894
6.55001,0.0699273
6.56668,0.0691714
6.58334,0.0684217
6.60001,0.0676781
6.61668,0.0669406
6.63334,0.0662092
6.65001,0.0654839
6.66668,0.0647646
6.68334,0.0640514
6.70001,0.0633442
6.71668,0.0626431
6.73334,0.0619479
6.75001,0.0612587
6.76668,0.0605754
6.78334,0.0598981
6.80001,0.0592267
6.81668,0.0585612
6.83334,0.0579015
6.85001,0.0572477
6.86668,0.0565998
6.88334,0.0559576
6.90001,0.0553213
6.91668,0.0546907
6.93334,0.0540658
6.95001,0.0534467
6.96668,0.0528333
6.98334,0.0522256
7.00001,0.0516235
7.01668,0.0510271
7.03334,0.0504363
7.05001,0.0498511
7.06668,0.0492714
7.08334,0.0486973
7.10001,0.0481287
7.11668,0.0475657
7.13334,0.0470081
7.15001,0.0464559
7.16668,0.0459091
7.18334,0.0453678
7.20001,0.0448318
7.21668,0.0443012
7.23334,0.0437758
7.25001,0.0432558
7.26668,0.042741
7.28334,0.0422314
7.30001,0.0417271
7.31668,0.0412279
7.33334,0.0407338
7.35001,0.0402449
7.36668,0.039761
7.38334,0.0392822
7.40001,0.0388083
7.41668,0.0383395
7.43334,0.0378756
7.45001,0.0374167
7.46668,0.0369626
7.48334,0.0365134
7.50001,0.036069
7.51668,0.0356293
7.53334,0.0351945
7.55001,0.0347643
7.56668,0.0343388
7.58334,0.033918
7.60001,0.0335018
7.61668,0.0330902
7.63334,0.032683
7.65001,0.0322804
7.66668,0.0318823
7.68334,0.0314886
7.70001,0.0310993
7.71668,0.0307143
7.73334,0.0303337
7.75001,0.0299573
7.76668,0.0295852
7.78334,0.0292173
7.80001,0.0288536
7.81668,0.0284939
7.83334,0.0281384
7.85001,0.027787
7.86668,0.0274395
7.88334,0.0270961
7.90001,0.0267566
7.91668,0.0264209
7.93334,0.0260892
7.95001,0.0257613
7.96668,0.0254371
7.98334,0.0251168
8.00001,0.0248001
8.01668,0.0244871
8.03334,0.0241778
8.05001,0.023872
8.06668,0.0235698
8.08334,0.0232712
8.10001,0.022976
8.11668,0.0226843
8.13334,0.022396
8.15001,0.0221111
8.16668,0.0218295
8.18334,0.0215512
8.20001,0.0212762
8.21668,0.0210044
8.23334,0.0207359
8.25001,0.0204705
8.26668,0.0202082
8.28334,0.019949
8.30001,0.0196929
8.31668,0.0194398
8.33334,0.0191897
8.35001,0.0189425
8.36667,0.0186983
8.38334,0.018457
8.40001,0.0182185
8.41667,0.0179829
8.43334,0.01775
8.45001,0.0175199
8.46667,0.0172926
8.48334,0.0170679
8.50001,0.016846
8.51667,0.0166266
8.53334,0.0164099
8.55001,0.0161958
8.56667,0.0159842
8.58334,0.0157751
8.60001,0.0155685
8.61667,0.0153644
8.63334,0.0151628
8.65001,0.0149635
8.66667,0.0147666
8.68334,0.0145721
8.70001,0.0143799
8.71667,0.0141901
8.73334,0.0140025
8.75001,0.0138171
8.76667,0.013634
8.78334,0.0134531
8.80001,0.0132744
8.81667,0.0130978
8.83334,0.0129234
8.85001,0.0127511
8.86667,0.0125808
8.88334,0.0124127
8.90001,0.0122465
8.91667,0.0120824
8.93334,0.0119203
8.95001,0.0117602
8.96667,0.011602
8.98334,0.0114457
9.00001,0.0112914
9.01667,0.0111389
9.03334,0.0109883
9.05001,0.0108396
9.06667,0.0106927
9.08334,0.0105476
9.10001,0.0104043
9.11667,0.0102628
9.13334,0.010123
9.15001,0.009985
9.16667,0.00984869
9.18334,0.00971408
9.20001,0.00958115
9.21667,0.00944988
9.23334,0.00932027
9.25001,0.00919228
9.26667,0.0090659
9.28334,0.00894112
9.30001,0.00881792
9.31667,0.00869628
9.33334,0.00857619
9.35001,0.00845762
9.36667,0.00834057
9.38334,0.00822502
9.40001,0.00811095
9.41667,0.00799834
9.43334,0.00788718
9.45001,0.00777746
9.46667,0.00766916
9.48334,0.00756226
9.50001,0.00745675
9.51667,0.00735261
9.53334,0.00724983
9.55001,0.0071484
9.56667,0.0070483
9.58334,0.00694951
9.60001,0.00685202
9.61667,0.00675582
9.63334,0.0066609
9.65001,0.00656723
9.66667,0.0064748
9.68334,0.0063836
9.70001,0.00629362
9.71667,0.00620485
9.73334,0.00611726
9.75001,0.00603084
9.76667,0.00594559
9.78334,0.00586149
9.80001,0.00577852
9.81667,0.00569667
9.83334,0.00561593
9.85001,0.00553629
9.86667,0.00545773
9.88334,0.00538024
9.90001,0.00530381
9.91667,0.00522842
9.93334,0.00515406
9.95001,0.00508072
9.96667,0.00500838
9.98334,0.00493704
10,0.00486669
10.0167,0.0047973
10.0333,0.00472887
10.05,0.00466138
10.0667,0.00459483
10.0833,0.0045292
10.1,0.00446448
10.1167,0.00440066
10.1333,0.00433772
10.15,0.00427566
10.1667,0.00421446
10.1833,0.00415412
10.2,0.00409462
10.2167,0.00403594
10.2333,0.00397809
10.25,0.00392104
10.2667,0.00386479
10.2833,0.00380933
10.3,0.00375465
10.3167,0.00370073
10.3333,0.00364756
10.35,0.00359514
10.3667,0.00354346
10.3833,0.0034925
10.4,0.00344225
10.4167,0.00339271
10.4333,0.00334386
10.45,0.0032957
10.4667,0.00324821
10.4833,0.00320139
10.5,0.00315523
10.5167,0.00310972
10.5333,0.00306484
10.55,0.00302059
10.5667,0.00297696
10.5833,0.00293395
10.6,0.00289154
10.6167,0.00284972
10.6333,0.00280849
10.65,0.00276783
10.6667,0.00272775
10.6833,0.00268823
10.7,0.00264926
10.7167,0.00261083
10.7333,0.00257295
10.75,0.00253559
10.7667,0.00249876
10.7833,0.00246244
10.8,0.00242663
10.8167,0.00239132
10.8333,0.0023565
10.85,0.00232217
10.8667,0.00228832
10.8833,0.00225494
10.9,0.00222203
10.9167,0.00218958
10.9333,0.00215758
10.95,0.00212603
10.9667,0.00209491
10.9833,0.00206424
11,0.00203399
11.0167,0.00200416
11.0333,0.00197475
11.05,0.00194574
11.0667,0.00191715
11.0833,0.00188895
11.1,0.00186115
11.1167,0.00183373
11.1333,0.0018067
11.15,0.00178004
11.1667,0.00175376
11.1833,0.00172784
11.2,0.00170229
11.2167,0.00167709
11.2333,0.00165225
11.25,0.00162775
11.2667,0.0016036
11.2833,0.00157979
11.3,0.00155631
11.3167,0.00153316
11.3333,0.00151033
11.35,0.00148783
11.3667,0.00146564
11.3833,0.00144376
11.4,0.0014222
11.4167,0.00140093
11.4333,0.00137997
11.45,0.0013593
11.4667,0.00133893
11.4833,0.00131884
11.5,0.00129904
11.5167,0.00127952
11.5333,0.00126028
11.55,0.00124131
11.5667,0.00122262
11.5833,0.00120419
11.6,0.00118602
11.6167,0.00116811
11.6333,0.00115046
11.65,0.00113306
11.6667,0.00111592
11.6833,0.00109902
11.7,0.00108236
11.7167,0.00106595
11.7333,0.00104977
11.75,0.00103382
11.7667,0.00101811
11.7833,0.00100263
11.8,0.000987369
11.8167,0.000972334
11.8333,0.000957518
11.85,0.000942919
11.8667,0.000928534
11.8833,0.000914361
11.9,0.000900395
11.9167,0.000886636
11.9333,0.00087308
11.95,0.000859724
11.9667,0.000846566
11.9833,0.000833603
12,0.000820832
12.0167,0.000808252
12.0333,0.000795859
12.05,0.000783651
12.0667,0.000771625
12.0833,0.00075978
12.1,0.000748112
12.1167,0.000736619
12.1333,0.000725299
12.15,0.000714149
12.1667,0.000703168
12.1833,0.000692352
12.2,0.0006817
12.2167,0.000671209
12.2333,0.000660877
12.25,0.000650701
12.2667,0.00064068
12.2833,0.000630812
12.3,0.000621093
12.3167,0.000611523
12.3333,0.000602099
12.35,0.000592818
12.3667,0.00058368
12.3833,0.000574681
12.4,0.000565819
12.4167,0.000557094
12.4333,0.000548502
12.45,0.000540042
12.4667,0.000531711
12.4833,0.000523509
12.5,0.000515432
12.5167,0.00050748
12.5333,0.000499649
12.55,0.00049194
12.5667,0.000484348
12.5833,0.000476874
12.6,0.000469514
12.6167,0.000462268
12.6333,0.000455133
12.65,0.000448108
12.6667,0.000441192
12.6833,0.000434381
12.7,0.000427676
12.7167,0.000421073
12.7333,0.000414572
12.75,0.000408171
12.7667,0.000401869
12.7833,0.000395663
12.8,0.000389553
12.8167,0.000383537
12.8333,0.000377612
12.85,0.000371779
12.8667,0.000366035
12.8833,0.00036038
12.9,0.000354811
12.9167,0.000349327
12.9333,0.000343927
12.95,0.000338609
12.9667,0.000333373
12.9833,0.000328217
13,0.00032314
13.0167,0.00031814
13.0333,0.000313216
13.05,0.000308367
13.0667,0.000303592
13.0833,0.000298889
13.1,0.000294258
13.1167,0.000289698
13.1333,0.000285206
13.15,0.000280783
13.1667,0.000276427
13.1833,0.000272136
13.2,0.000267911
13.2167,0.00026375
13.2333,0.000259651
13.25,0.000255615
13.2667,0.000251639
13.2833,0.000247723
13.3,0.000243867
13.3167,0.000240068
13.3333,0.000236327
13.35,0.000232642
13.3667,0.000229013
13.3833,0.000225438
13.4,0.000221917
13.4167,0.000218449
13.4333,0.000215033
13.45,0.000211669
13.4667,0.000208355
13.4833,0.000205091
13.5,0.000201876
13.5167,0.00019871
13.5333,0.00019559
13.55,0.000192518
13.5667,0.000189492
13.5833,0.000186512
13.6,0.000183576
13.6167,0.000180685
13.6333,0.000177837
13.65,0.000175032
13.6667,0.000172269
13.6833,0.000169548
13.7,0.000166868
13.7167,0.000164228
13.7333,0.000161628
13.75,0.000159068
13.7667,0.000156546
13.7833,0.000154062
13.8,0.000151616
13.8167,0.000149207
13.8333,0.000146835
13.85,0.000144499
13.8667,0.000142198
13.8833,0.000139932
13.9,0.000137701
13.9167,0.000135504
13.9333,0.00013334
13.95,0.00013121
13.9667,0.000129112
13.9833,0.000127047
14,0.000125013
14.0167,0.00012301
14.0333,0.000121039
14.05,0.000119097
14.0667,0.000117186
14.0833,0.000115304
14.1,0.000113452
14.1167,0.000111628
14.1333,0.000109833
14.15,0.000108066
14.1667,0.000106326
14.1833,0.000104613
14.2,0.000102927
14.2167,0.000101268
14.2333,9.96348e-05
14.25,9.80272e-05
14.2667,9.6445e-05
14.2833,9.48877e-05
14.3,9.3355e-05
14.3167,9.18466e-05
14.3333,9.03621e-05
14.35,8.89012e-05
14.3667,8.74635e-05
14.3833,8.60487e-05
14.4,8.46564e-05
14.4167,8.32864e-05
14.4333,8.19384e-05
14.45,8.06119e-05
14.4667,7.93067e-05
14.4833,7.80224e-05
14.5,7.67588e-05
14.5167,7.55156e-05
14.5333,7.42924e-05
14.55,7.30889e-05
14.5667,7.19049e-05
14.5833,7.074e-05
14.6,6.9594e-05
14.6167,6.84665e-05
14.6333,6.73574e-05
14.65,6.62663e-05
14.6667,6.51929e-05
14.6833,6.41369e-05
14.7,6.30982e-05
14.7167,6.20763e-05
14.7333,6.10711e-05
14.75,6.00823e-05
14.7667,5.91097e-05
14.7833,5.81529e-05
14.8,5.72117e-05
14.8167,5.6286e-05
14.8333,5.53753e-05
14.85,5.44795e-05
14.8667,5.35984e-05
14.8833,5.27317e-05
14.9,5.18791e-05
14.9167,5.10405e-05
14.9333,5.02156e-05
14.95,4.94042e-05
14.9667,4.86061e-05
14.9833,4.7821e-05
15,4.70487e-05
15.0167,4.6289e-05
15.0333,4.55417e-05
15.05,4.48066e-05
15.0667,4.40835e-05
15.0833,4.33722e-05
15.1,4.26725e-05
15.1167,4.19842e-05
15.1333,4.1307e-05
15.15,4.06409e-05
15.1667,3.99855e-05
15.1833,3.93409e-05
15.2,3.87066e-05
15.2167,3.80826e-05
15.2333,3.74688e-05
15.25,3.68648e-05
15.2667,3.62706e-05
15.2833,3.5686e-05
15.3,3.51108e-05
15.3167,3.45449e-05
15.3333,3.3988e-05
15.35,3.34401e-05
15.3667,3.2901e-05
15.3833,3.23706e-05
15.4,3.18486e-05
15.4167,3.1335e-05
15.4333,3.08296e-05
15.45,3.03322e-05
15.4667,2.98428e-05
15.4833,2.93611e-05
15.5,2.88872e-05
15.5167,2.84207e-05
15.5333,2.79617e-05
15.55,2.75099e-05
15.5667,2.70653e-05
15.5833,2.66277e-05
15.6,2.6197e-05
15.6167,2.57731e-05
15.6333,2.5356e-05
15.65,2.49453e-05
15.6667,2.45412e-05
15.6833,2.41434e-05
15.7,2.37519e-05
15.7167,2.33665e-05
15.7333,2.29872e-05
15.75,2.26138e-05
15.7667,2.22463e-05
15.7833,2.18846e-05
15.8,2.15285e-05
15.8167,2.1178e-05
15.8333,2.0833e-05
15.85,2.04933e-05
15.8667,2.0159e-05
15.8833,1.983e-05
15.9,1.95061e-05
15.9167,1.91872e-05
15.9333,1.88734e-05
15.95,1.85644e-05
15.9667,1.82603e-05
15.9833,1.7961e-05
16,1.76663e-05
16.0167,1.73763e-05
16.0333,1.70908e-05
16.05,1.68098e-05
16.0667,1.65332e-05
16.0833,1.62609e-05
16.1,1.5993e-05
16.1167,1.57292e-05
16.1333,1.54696e-05
16.15,1.52141e-05
16.1667,1.49626e-05
16.1833,1.47151e-05
16.2,1.44716e-05
16.2167,1.42318e-05
16.2333,1.39959e-05
16.25,1.37637e-05
16.2667,1.35352e-05
16.2833,1.33104e-05
16.3,1.30891e-05
16.3167,1.28714e-05
16.3333,1.26571e-05
16.35,1.24463e-05
16.3667,1.22389e-05
16.3833,1.20348e-05
16.4,1.1834e-05
16.4167,1.16364e-05
16.4333,1.1442e-05
16.45,1.12508e-05
16.4667,1.10627e-05
16.4833,1.08776e-05
16.5,1.06956e-05
16.5167,1.05165e-05
16.5333,1.03403e-05
16.55,1.0167e-05
16.5667,9.99658e-06
16.5833,9.82893e-06
16.6,9.66405e-06
16.6167,9.50189e-06
16.6333,9.3424e-06
16.65,9.18555e-06
16.6667,9.0313e-06
16.6833,8.87961e-06
16.7,8.73045e-06
16.7167,8.58377e-06
16.7333,8.43953e-06
16.75,8.29771e-06
16.7667,8.15826e-06
16.7833,8.02115e-06
16.8,7.88634e-06
16.8167,7.7538e-06
16.8333,7.62349e-06
16.85,7.49538e-06
16.8667,7.36943e-06
16.8833,7.24561e-06
16.9,7.12389e-06
16.9167,7.00423e-06
16.9333,6.8866e-06
16.95,6.77096e-06
16.9667,6.6573e-06
16.9833,6.54556e-06
17,6.43573e-06
17.0167,6.32778e-06
17.0333,6.22166e-06
17.05,6.11736e-06
17.0667,6.01483e-06
17.0833,5.91406e-06
17.1,5.81502e-06
17.1167,5.71766e-06
17.1333,5.62198e-06
17.15,5.52793e-06
17.1667,5.43549e-06
17.1833,5.34463e-06
17.2,5.25533e-06
17.2167,5.16756e-06
17.2333,5.08129e-06
17.25,4.99649e-06
17.2667,4.91315e-06
17.2833,4.83123e-06
17.3,4.75071e-06
17.3167,4.67157e-06
17.3333,4.59378e-06
17.35,4.51732e-06
17.3667,4.44216e-06
17.3833,4.36828e-06
17.4,4.29566e-06
17.4167,4.22427e-06
17.4333,4.1541e-06
17.45,4.08511e-06
17.4667,4.0173e-06
17.4833,3.95063e-06
17.5,3.8851e-06
17.5167,3.82066e-06
17.5333,3.75732e-06
17.55,3.69504e-06
17.5667,3.63381e-06
17.5833,3.57361e-06
17.6,3.51441e-06
17.6167,3.45621e-06
17.6333,3.39898e-06
17.65,3.34271e-06
17.6667,3.28737e-06
17.6833,3.23295e-06
17.7,3.17944e-06
17.7167,3.12681e-06
17.7333,3.07506e-06
17.75,3.02416e-06
17.7667,2.9741e-06
17.7833,2.92486e-06
17.8,2.87643e-06
17.8167,2.8288e-06
17.8333,2.78195e-06
17.85,2.73586e-06
17.8667,2.69053e-06
17.8833,2.64594e-06
17.9,2.60207e-06
17.9167,2.55892e-06
17.9333,2.51646e-06
17.95,2.4747e-06
17.9667,2.43361e-06
17.9833,2.39319e-06
18,2.35341e-06
18.0167,2.31428e-06
18.0333,2.27578e-06
18.05,2.2379e-06
18.0667,2.20063e-06
18.0833,2.16396e-06
18.1,2.12787e-06
18.1167,2.09237e-06
18.1333,2.05743e-06
18.15,2.02305e-06
18.1667,1.98922e-06
18.1833,1.95594e-06
18.2,1.92318e-06
18.2167,1.89095e-06
18.2333,1.85923e-06
18.25,1.82802e-06
18.2667,1.79731e-06
18.2833,1.76709e-06
18.3,1.73736e-06
18.3167,1.70809e-06
18.3333,1.6793e-06
18.35,1.65096e-06
18.3667,1.62308e-06
18.3833,1.59565e-06
18.4,1.56865e-06
18.4167,1.54209e-06
18.4333,1.51596e-06
18.45,1.49024e-06
18.4667,1.46494e-06
18.4833,1.44004e-06
18.5,1.41555e-06
18.5167,1.39145e-06
18.5333,1.36774e-06
18.55,1.34442e-06
18.5667,1.32147e-06
18.5833,1.2989e-06
18.6,1.2767e-06
18.6167,1.25485e-06
18.6333,1.23337e-06
18.65,1.21223e-06
18.6667,1.19144e-06
18.6833,1.17099e-06
18.7,1.15088e-06
18.7167,1.13111e-06
18.7333,1.11165e-06
18.75,1.09253e-06
18.7667,1.07371e-06
18.7833,1.05522e-06
18.8,1.03703e-06
18.8167,1.01914e-06
18.8333,1.00156e-06
18.85,9.84266e-07
18.8667,9.67267e-07
18.8833,9.50555e-07
18.9,9.34126e-07
18.9167,9.17976e-07
18.9333,9.021e-07
18.95,8.86494e-07
18.9667,8.71155e-07
18.9833,8.56078e-07
19,8.4126e-07
19.0167,8.26696e-07
19.0333,8.12383e-07
19.05,7.98317e-07
19.0667,7.84495e-07
19.0833,7.70912e-07
19.1,7.57565e-07
19.1167,7.4445e-07
19.1333,7.31563e-07
19.15,7.18902e-07
19.1667,7.06462e-07
19.1833,6.9424e-07
19.2,6.82233e-07
19.2167,6.70437e-07
19.2333,6.58848e-07
19.25,6.47463e-07
19.2667,6.3628e-07
19.2833,6.25294e-07
19.3,6.14503e-07
19.3167,6.03903e-07
19.3333,5.93491e-07
19.35,5.83263e-07
19.3667,5.73218e-07
19.3833,5.6335e-07
19.4,5.53659e-07
19.4167,5.4414e-07
19.4333,5.34791e-07
19.45,5.25608e-07
19.4667,5.16589e-07
19.4833,5.0773e-07
19.5,4.9903e-07
19.5167,4.90484e-07
19.5333,4.82091e-07
19.55,4.73847e-07
19.5667,4.65751e-07
19.5833,4.57798e-07
19.6,4.49987e-07
19.6167,4.42315e-07
19.6333,4.34779e-07
19.65,4.27377e-07
19.6667,4.20106e-07
19.6833,4.12964e-07
19.7,4.05949e-07
19.7167,3.99057e-07
19.7333,3.92288e-07
19.75,3.85637e-07
19.7667,3.79103e-07
19.7833,3.72685e-07
19.8,3.66379e-07
19.8167,3.60183e-07
19.8333,3.54095e-07
19.85,3.48114e-07
19.8667,3.42237e-07
19.8833,3.36462e-07
19.9,3.30787e-07
19.9167,3.2521e-07
19.9333,3.19729e-07
19.95,3.14343e-07
19.9667,3.09049e-07
19.9833,3.03846e-07
20,2.98732e-07
20.0167,2.93705e-07
20.0333,2.88764e-07
20.05,2.83906e-07
20.0667,2.79131e-07
20.0833,2.74436e-07
20.1,2.69821e-07
20.1167,2.65283e-07
20.1333,2.60821e-07
20.15,2.56433e-07
20.1667,2.52119e-07
20.1833,2.47877e-07
20.2,2.43705e-07
20.2167,2.39602e-07
20.2333,2.35567e-07
20.25,2.31598e-07
20.2667,2.27695e-07
20.2833,2.23856e-07
20.3,2.20079e-07
20.3167,2.16365e-07
20.3333,2.12711e-07
20.35,2.09117e-07
20.3667,2.05581e-07
20.3833,2.02102e-07
20.4,1.9868e-07
20.4167,1.95313e-07
20.4333,1.92001e-07
20.45,1.88742e-07
20.4667,1.85535e-07
20.4833,1.82381e-07
20.5,1.79277e-07
20.5167,1.76223e-07
20.5333,1.73218e-07
20.55,1.70261e-07
20.5667,1.67352e-07
20.5833,1.6449e-07
20.6,1.61673e-07
20.6167,1.58902e-07
20.6333,1.56175e-07
20.65,1.53492e-07
20.6667,1.50852e-07
20.6833,1.48254e-07
20.7,1.45698e-07
20.7167,1.43184e-07
20.7333,1.40709e-07
20.75,1.38275e-07
20.7667,1.3588e-07
20.7833,1.33524e-07
20.8,1.31206e-07
20.8167,1.28925e-07
20.8333,1.26682e-07
20.85,1.24475e-07
20.8667,1.22304e-07
20.8833,1.20169e-07
20.9,1.18068e-07
20.9167,1.16002e-07
20.9333,1.1397e-07
20.95,1.11972e-07
20.9667,1.10007e-07
20.9833,1.08074e-07
21,1.06173e-07
21.0167,1.04304e-07
21.0333,1.02467e-07
21.05,1.0066e-07
21.0667,9.88833e-08
21.0833,9.71368e-08
21.1,9.54198e-08
21.1167,9.3732e-08
21.1333,9.2073e-08
21.15,9.04422e-08
21.1667,8.88395e-08
21.1833,8.72642e-08
21.2,8.57161e-08
21.2167,8.41948e-08
21.2333,8.26999e-08
21.25,8.1231e-08
21.2667,7.97877e-08
21.2833,7.83697e-08
21.3,7.69766e-08
21.3167,7.56081e-08
21.3333,7.42637e-08
21.35,7.29431e-08
21.3667,7.1646e-08
21.3833,7.03721e-08
21.4,6.91208e-08
21.4167,6.7892e-08
21.4333,6.66853e-08
21.45,6.55003e-08
21.4667,6.43366e-08
21.4833,6.31941e-08
21.5,6.20722e-08
21.5167,6.09708e-08
21.5333,5.98894e-08
21.55,5.88277e-08
21.5667,5.77855e-08
21.5833,5.67624e-08
21.6,5.5758e-08
21.6167,5.47721e-08
21.6333,5.38044e-08
21.65,5.28545e-08
21.6667,5.19222e-08
21.6833,5.1007e-08
21.7,5.01089e-08
21.7167,4.92273e-08
21.7333,4.83621e-08
21.75,4.75129e-08
21.7667,4.66795e-08
21.7833,4.58616e-08
21.8,4.50589e-08
21.8167,4.4271e-08
21.8333,4.34979e-08
21.85,4.2739e-08
21.8667,4.19943e-08
21.8833,4.12633e-08
21.9,4.0546e-08
21.9167,3.98419e-08
21.9333,3.91508e-08
21.95,3.84725e-08
21.9667,3.78068e-08
21.9833,3.71533e-08
22,3.65119e-08
22.0167,3.58823e-08
22.0333,3.52642e-08
22.05,3.46575e-08
22.0667,3.40618e-08
22.0833,3.3477e-08
22.1,3.29029e-08
22.1167,3.23392e-08
22.1333,3.17857e-08
22.15,3.12422e-08
22.1667,3.07084e-08
22.1833,3.01843e-08
22.2,2.96696e-08
22.2167,2.9164e-08
22.2333,2.86674e-08
22.25,2.81797e-08
22.2667,2.77005e-08
22.2833,2.72299e-08
22.3,2.67674e-08
22.3167,2.63131e-08
22.3333,2.58667e-08
22.35,2.5428e-08
22.3667,2.49969e-08
22.3833,2.45733e-08
22.4,2.41569e-08
22.4167,2.37477e-08
22.4333,2.33454e-08
22.45,2.295e-08
22.4667,2.25612e-08
22.4833,2.2179e-08
22.5,2.18033e-08
22.5167,2.14338e-08
22.5333,2.10705e-08
22.55,2.07132e-08
22.5667,2.03619e-08
22.5833,2.00163e-08
22.6,1.96765e-08
22.6167,1.93422e-08
22.6333,1.90134e-08
22.65,1.86899e-08
22.6667,1.83717e-08
22.6833,1.80587e-08
22.7,1.77507e-08
22.7167,1.74477e-08
22.7333,1.71495e-08
22.75,1.68562e-08
22.7667,1.65675e-08
22.7833,1.62835e-08
22.8,1.6004e-08
22.8167,1.57289e-08
22.8333,1.54583e-08
22.85,1.51919e-08
22.8667,1.49298e-08
22.8833,1.46718e-08
22.9,1.44179e-08
22.9167,1.41681e-08
22.9333,1.39222e-08
22.95,1.36802e-08
22.9667,1.34421e-08
22.9833,1.32077e-08
23,1.2977e-08
23.0167,1.275e-08
23.0333,1.25266e-08
23.05,1.23068e-08
23.0667,1.20905e-08
23.0833,1.18776e-08
23.1,1.16682e-08
23.1167,1.14621e-08
23.1333,1.12593e-08
23.15,1.10598e-08
23.1667,1.08635e-08
23.1833,1.06703e-08
23.2,1.04804e-08
23.2167,1.02935e-08
23.2333,1.01096e-08
23.25,9.92881e-09
23.2667,9.75096e-09
23.2833,9.57605e-09
23.3,9.40404e-09
23.3167,9.2349e-09
23.3333,9.06858e-09
23.35,8.90505e-09
23.3667,8.74427e-09
23.3833,8.58621e-09
23.4,8.43084e-09
23.4167,8.27812e-09
23.4333,8.12801e-09
23.45,7.98049e-09
23.4667,7.83551e-09
23.4833,7.69306e-09
23.5,7.55308e-09
23.5167,7.41556e-09
23.5333,7.28045e-09
23.55,7.14774e-09
23.5667,7.01737e-09
23.5833,6.88933e-09
23.6,6.76358e-09
23.6167,6.64009e-09
23.6333,6.51883e-09
23.65,6.39977e-09
23.6667,6.28288e-09
23.6833,6.16812e-09
23.7,6.05546e-09
23.7167,5.94488e-09
23.7333,5.83634e-09
23.75,5.72982e-09
23.7667,5.62528e-09
23.7833,5.52269e-09
23.8,5.42203e-09
23.8167,5.32326e-09
23.8333,5.22635e-09
23.85,5.13128e-09
23.8667,5.03801e-09
23.8833,4.94652e-09
23.9,4.85678e-09
23.9167,4.76875e-09
23.9333,4.68241e-09
23.95,4.59773e-09
23.9667,4.51468e-09
23.9833,4.43323e-09
24,4.35336e-09
24.0167,4.27503e-09
24.0333,4.19822e-09
24.05,4.1229e-09
24.0667,4.04905e-09
24.0833,3.97663e-09
24.1,3.90562e-09
24.1167,3.836e-09
24.1333,3.76773e-09
24.15,3.70079e-09
24.1667,3.63515e-09
24.1833,3.57079e-09
24.2,3.50768e-09
24.2167,3.4458e-09
24.2333,3.38513e-09
24.25,3.32562e-09
24.2667,3.26728e-09
24.2833,3.21006e-09
24.3,3.15394e-09
24.3167,3.09891e-09
24.3333,3.04493e-09
24.35,2.99199e-09
24.3667,2.94006e-09
24.3833,2.88912e-09
24.4,2.83916e-09
24.4167,2.79013e-09
24.4333,2.74204e-09
24.45,2.69485e-09
24.4667,2.64854e-09
24.4833,2.6031e-09
24.5,2.5585e-09
24.5167,2.51473e-09
24.5333,2.47176e-09
24.55,2.42959e-09
24.5667,2.38818e-09
24.5833,2.34752e-09
24.6,2.3076e-09
24.6167,2.2684e-09
24.6333,2.2299e-09
24.65,2.19209e-09
24.6667,2.15494e-09
24.6833,2.11845e-09
24.7,2.08259e-09
24.7167,2.04736e-09
24.7333,2.01274e-09
24.75,1.97872e-09
24.7667,1.94527e-09
24.7833,1.9124e-09
24.8,1.88008e-09
24.8167,1.84831e-09
24.8333,1.81706e-09
24.85,1.78634e-09
24.8667,1.75613e-09
24.8833,1.72641e-09
24.9,1.69718e-09
24.9167,1.66842e-09
24.9333,1.64013e-09
24.95,1.6123e-09
24.9667,1.58491e-09
24.9833,1.55796e-09
25,1.53144e-09
25.0167,1.50534e-09
25.0333,1.47965e-09
25.05,1.45436e-09
25.0667,1.42947e-09
25.0833,1.40497e-09
25.1,1.38085e-09
25.1167,1.3571e-09
25.1333,1.33372e-09
25.15,1.3107e-09
25.1667,1.28803e-09
25.1833,1.26572e-09
25.2,1.24374e-09
25.2167,1.2221e-09
25.2333,1.2008e-09
25.25,1.17982e-09
25.2667,1.15916e-09
25.2833,1.13881e-09
25.3,1.11878e-09
25.3167,1.09906e-09
25.3333,1.07964e-09
25.35,1.06051e-09
25.3667,1.04169e-09
25.3833,1.02315e-09
25.4,1.0049e-09
25.4167,9.86927e-10
25.4333,9.69237e-10
25.45,9.51824e-10
25.4667,9.34683e-10
25.4833,9.17812e-10
25.5,9.01207e-10
25.5167,8.84865e-10
25.5333,8.68783e-10
25.55,8.52959e-10
25.5667,8.37389e-10
25.5833,8.2207e-10
25.6,8.07001e-10
25.6167,7.92178e-10
25.6333,7.77598e-10
25.65,7.63259e-10
25.6667,7.49158e-10
25.6833,7.35294e-10
25.7,7.21662e-10
25.7167,7.08262e-10
25.7333,6.95089e-10
25.75,6.82143e-10
25.7667,6.6942e-10
25.7833,6.56918e-10
25.8,6.44634e-10
25.8167,6.32567e-10
25.8333,6.20713e-10
25.85,6.0907e-10
25.8667,5.97636e-10
25.8833,5.86408e-10
25.9,5.75384e-10
25.9167,5.64562e-10
25.9333,5.53938e-10
25.95,5.43511e-10
25.9667,5.33278e-10
25.9833,5.23236e-10
26,5.13384e-10
26.0167,5.03718e-10
26.0333,4.94235e-10
26.05,4.84935e-10
26.0667,4.75813e-10
26.0833,4.66868e-10
26.1,4.58096e-10
26.1167,4.49496e-10
26.1333,4.41065e-10
26.15,4.328e-10
26.1667,4.24698e-10
26.1833,4.16758e-10
26.2,4.08976e-10
26.2167,4.01351e-10
26.2333,3.93878e-10
26.25,3.86557e-10
26.2667,3.79384e-10
26.2833,3.72357e-10
26.3,3.65473e-10
26.3167,3.58729e-10
26.3333,3.52124e-10
26.35,3.45654e-10
26.3667,3.39317e-10
26.3833,3.33111e-10
26.4,3.27032e-10
26.4167,3.21079e-10
26.4333,3.1525e-10
26.45,3.0954e-10
26.4667,3.03949e-10
26.4833,2.98474e-10
26.5,2.93111e-10
26.5167,2.8786e-10
26.5333,2.82717e-10
26.55,2.7768e-10
26.5667,2.72747e-10
26.5833,2.67915e-10
26.6,2.63183e-10
26.6167,2.58547e-10
26.6333,2.54007e-10
26.65,2.49558e-10
26.6667,2.452e-10
26.6833,2.4093e-10
26.7,2.36746e-10
26.7167,2.32646e-10
26.7333,2.28628e-10
26.75,2.24689e-10
26.7667,2.20829e-10
26.7833,2.17044e-10
26.8,2.13334e-10
26.8167,2.09695e-10
26.8333,2.06127e-10
26.85,2.02627e-10
26.8667,1.99194e-10
26.8833,1.95825e-10
26.9,1.9252e-10
26.9167,1.89277e-10
26.9333,1.86094e-10
26.95,1.82969e-10
26.9667,1.79901e-10
26.9833,1.76888e-10
27,1.73929e-10
27.0167,1.71023e-10
27.0333,1.68168e-10
27.05,1.65362e-10
27.0667,1.62605e-10
27.0833,1.59896e-10
27.1,1.57232e-10
27.1167,1.54613e-10
27.1333,1.52038e-10
27.15,1.49506e-10
27.1667,1.47015e-10
27.1833,1.44564e-10
27.2,1.42153e-10
27.2167,1.3978e-10
27.2333,1.37445e-10
27.25,1.35146e-10
27.2667,1.32883e-10
27.2833,1.30655e-10
27.3,1.28461e-10
27.3167,1.26301e-10
27.3333,1.24173e-10
27.35,1.22077e-10
27.3667,1.20012e-10
27.3833,1.17978e-10
27.4,1.15974e-10
27.4167,1.13999e-10
27.4333,1.12053e-10
27.45,1.10135e-10
27.4667,1.08245e-10
27.4833,1.06382e-10
27.5,1.04546e-10
27.5167,1.02736e-10
27.5333,1.00952e-10
27.55,9.91933e-11
27.5667,9.74597e-11
27.5833,9.57509e-11
27.6,9.40664e-11
27.6167,9.24059e-11
27.6333,9.07692e-11
27.65,8.91558e-11
27.6667,8.75656e-11
27.6833,8.59982e-11
27.7,8.44534e-11
27.7167,8.2931e-11
27.7333,8.14308e-11
27.75,7.99524e-11
27.7667,7.84957e-11
27.7833,7.70606e-11
27.8,7.56467e-11
27.8167,7.42541e-11
27.8333,7.28823e-11
27.85,7.15314e-11
27.8667,7.02011e-11
27.8833,6.88912e-11
27.9,6.76017e-11
27.9167,6.63324e-11
27.9333,6.50831e-11
27.95,6.38537e-11
27.9667,6.2644e-11
27.9833,6.1454e-11
28,6.02834e-11
28.0167,5.91321e-11
28.0333,5.8e-11
28.05,5.6887e-11
28.0667,5.57929e-11
28.0833,5.47175e-11
28.1,5.36608e-11
28.1167,5.26225e-11
28.1333,5.16025e-11
28.15,5.06007e-11
28.1667,4.9617e-11
28.1833,4.8651e-11
28.2,4.77028e-11
28.2167,4.67721e-11
28.2333,4.58587e-11
28.25,4.49626e-11
28.2667,4.40834e-11
28.2833,4.32211e-11
28.3,4.23755e-11
28.3167,4.15463e-11
28.3333,4.07335e-11
28.35,3.99367e-11
28.3667,3.91558e-11
28.3833,3.83906e-11
28.4,3.76409e-11
28.4167,3.69066e-11
28.4333,3.61873e-11
28.45,3.54829e-11
28.4667,3.47932e-11
28.4833,3.4118e-11
28.5,3.3457e-11
28.5167,3.281e-11
28.5333,3.21769e-11
28.55,3.15573e-11
28.5667,3.09511e-11
28.5833,3.0358e-11
28.6,2.97779e-11
28.6167,2.92104e-11
28.6333,2.86554e-11
28.65,2.81127e-11
28.6667,2.75819e-11
28.6833,2.70629e-11
28.7,2.65555e-11
28.7167,2.60594e-11
28.7333,2.55743e-11
28.75,2.51001e-11
28.7667,2.46366e-11
28.7833,2.41834e-11
28.8,2.37404e-11
28.8167,2.33073e-11
28.8333,2.2884e-11
28.85,2.24701e-11
28.8667,2.20655e-11
28.8833,2.167e-11
28.9,2.12833e-11
28.9167,2.09052e-11
28.9333,2.05355e-11
28.95,2.0174e-11
28.9667,1.98205e-11
28.9833,1.94747e-11
29,1.91365e-11
29.0167,1.88056e-11
29.0333,1.84819e-11
29.05,1.81651e-11
29.0667,1.78551e-11
29.0833,1.75517e-11
29.1,1.72546e-11
29.1167,1.69638e-11
29.1333,1.6679e-11
29.15,1.64e-11
29.1667,1.61266e-11
29.1833,1.58588e-11
29.2,1.55963e-11
29.2167,1.5339e-11
29.2333,1.50866e-11
29.25,1.48391e-11
29.2667,1.45964e-11
29.2833,1.43581e-11
29.3,1.41243e-11
29.3167,1.38948e-11
29.3333,1.36694e-11
29.35,1.34481e-11
29.3667,1.32306e-11
29.3833,1.30168e-11
29.4,1.28068e-11
29.4167,1.26002e-11
29.4333,1.23971e-11
29.45,1.21973e-11
29.4667,1.20006e-11
29.4833,1.18072e-11
29.5,1.16167e-11
29.5167,1.14291e-11
29.5333,1.12444e-11
29.55,1.10625e-11
29.5667,1.08832e-11
29.5833,1.07065e-11
29.6,1.05323e-11
29.6167,1.03606e-11
29.6333,1.01913e-11
29.65,1.00243e-11
29.6667,9.8596e-12
29.6833,9.69709e-12
29.7,9.53673e-12
29.7167,9.37848e-12
29.7333,9.22229e-12
29.75,9.06811e-12
29.7667,8.91591e-12
29.7833,8.76563e-12
29.8,8.61726e-12
29.8167,8.47074e-12
29.8333,8.32606e-12
29.85,8.18317e-12
29.8667,8.04206e-12
29.8833,7.9027e-12
29.9,7.76507e-12
29.9167,7.62914e-12
29.9333,7.4949e-12
29.95,7.36233e-12
29.9667,7.23141e-12
29.9833,7.10214e-12
30,6.97449e-12
30.0167,6.84846e-12
30.0333,6.72404e-12
30.05,6.60122e-12
30.0667,6.47999e-12
30.0833,6.36034e-12
30.1,6.24228e-12
30.1167,6.12579e-12
30.1333,6.01088e-12
30.15,5.89754e-12
30.1667,5.78576e-12
30.1833,5.67555e-12
30.2,5.5669e-12
30.2167,5.45981e-12
30.2333,5.35428e-12
30.25,5.25031e-12
30.2667,5.1479e-12
30.2833,5.04705e-12
30.3,4.94775e-12
30.3167,4.85e-12
30.3333,4.75381e-12
30.35,4.65917e-12
30.3667,4.56607e-12
30.3833,4.47452e-12
30.4,4.38451e-12
30.4167,4.29604e-12
30.4333,4.2091e-12
30.45,4.12369e-12
30.4667,4.0398e-12
30.4833,3.95743e-12
30.5,3.87657e-12
30.5167,3.79721e-12
30.5333,3.71935e-12
30.55,3.64297e-12
30.5667,3.56807e-12
30.5833,3.49463e-12
30.6,3.42266e-12
30.6167,3.35213e-12
30.6333,3.28303e-12
30.65,3.21535e-12
30.6667,3.14908e-12
30.6833,3.08421e-12
30.7,3.02071e-12
30.7167,2.95859e-12
30.7333,2.89781e-12
30.75,2.83836e-12
30.7667,2.78024e-12
30.7833,2.72341e-12
30.8,2.66787e-12
30.8167,2.61359e-12
30.8333,2.56057e-12
30.85,2.50877e-12
30.8667,2.45818e-12
30.8833,2.40878e-12
30.9,2.36055e-12
30.9167,2.31347e-12
30.9333,2.26752e-12
30.95,2.22269e-12
30.9667,2.17894e-12
30.9833,2.13626e-12
31,2.09463e-12
31.0167,2.05403e-12
31.0333,2.01443e-12
31.05,1.97582e-12
31.0667,1.93817e-12
31.0833,1.90145e-12
31.1,1.86566e-12
31.1167,1.83077e-12
31.1333,1.79675e-12
31.15,1.76359e-12
31.1667,1.73126e-12
31.1833,1.69974e-12
31.2,1.66901e-12
31.2167,1.63905e-12
31.2333,1.60985e-12
31.25,1.58136e-12
31.2667,1.55359e-12
31.2833,1.5265e-12
31.3,1.50008e-12
31.3167,1.47431e-12
31.3333,1.44916e-12
31.35,1.42462e-12
31.3667,1.40067e-12
31.3833,1.37728e-12
31.4,1.35445e-12
31.4167,1.33215e-12
31.4333,1.31036e-12
31.45,1.28906e-12
31.4667,1.26825e-12
31.4833,1.2479e-12
31.5,1.22799e-12
31.5167,1.20851e-12
31.5333,1.18945e-12
31.55,1.17078e-12
31.5667,1.1525e-12
31.5833,1.13458e-12
31.6,1.11701e-12
31.6167,1.09979e-12
31.6333,1.08289e-12
31.65,1.06631e-12
31.6667,1.05003e-12
31.6833,1.03403e-12
31.7,1.01831e-12
31.7167,1.00286e-12
31.7333,9.87661e-13
31.75,9.72707e-13
31.7667,9.57987e-13
31.7833,9.43491e-13
31.8,9.2921e-13
31.8167,9.15135e-13
31.8333,9.01257e-13
31.85,8.87569e-13
31.8667,8.74063e-13
31.8833,8.60731e-13
31.9,8.47566e-13
31.9167,8.34563e-13
31.9333,8.21715e-13
31.95,8.09016e-13
31.9667,7.9646e-13
31.9833,7.84043e-13
32,7.7176e-13
32.0167,7.59606e-13
32.0333,7.47578e-13
32.05,7.35672e-13
32.0667,7.23884e-13
32.0833,7.12211e-13
32.1,7.00651e-13
32.1167,6.892e-13
32.1333,6.77858e-13
32.15,6.66621e-13
32.1667,6.55489e-13
32.1833,6.44459e-13
32.2,6.33531e-13
32.2167,6.22704e-13
32.2333,6.11976e-13
32.25,6.01349e-13
32.2667,5.9082e-13
32.2833,5.8039e-13
32.3,5.7006e-13
32.3167,5.59829e-13
32.3333,5.49698e-13
32.35,5.39667e-13
32.3667,5.29737e-13
32.3833,5.19908e-13
32.4,5.10183e-13
32.4167,5.00561e-13
32.4333,4.91044e-13
32.45,4.81632e-13
32.4667,4.72328e-13
32.4833,4.63132e-13
32.5,4.54046e-13
32.5167,4.4507e-13
32.5333,4.36207e-13
32.55,4.27457e-13
32.5667,4.18822e-13
32.5833,4.10303e-13
32.6,4.01902e-13
32.6167,3.93619e-13
32.6333,3.85456e-13
32.65,3.77414e-13
32.6667,3.69494e-13
32.6833,3.61697e-13
32.7,3.54024e-13
32.7167,3.46476e-13
32.7333,3.39053e-13
32.75,3.31757e-13
32.7667,3.24587e-13
32.7833,3.17544e-13
32.8,3.1063e-13
32.8167,3.03842e-13
32.8333,2.97183e-13
32.85,2.90653e-13
32.8667,2.8425e-13
32.8833,2.77975e-13
32.9,2.71828e-13
32.9167,2.65808e-13
32.9333,2.59916e-13
32.95,2.54149e-13
32.9667,2.48509e-13
32.9833,2.42993e-13
33,2.37602e-13
33.0167,2.32334e-13
33.0333,2.27189e-13
33.05,2.22165e-13
33.0667,2.1726e-13
33.0833,2.12475e-13
33.1,2.07807e-13
33.1167,2.03255e-13
33.1333,1.98817e-13
33.15,1.94493e-13
33.1667,1.9028e-13
33.1833,1.86177e-13
33.2,1.82182e-13
33.2167,1.78294e-13
33.2333,1.7451e-13
33.25,1.70828e-13
33.2667,1.67248e-13
33.2833,1.63766e-13
33.3,1.60382e-13
33.3167,1.57092e-13
33.3333,1.53895e-13
33.35,1.50789e-13
33.3667,1.47772e-13
33.3833,1.44842e-13
33.4,1.41997e-13
33.4167,1.39234e-13
33.4333,1.36552e-13
33.45,1.33948e-13
33.4667,1.3142e-13
33.4833,1.28967e-13
33.5,1.26586e-13
33.5167,1.24276e-13
33.5333,1.22033e-13
33.55,1.19856e-13
33.5667,1.17743e-13
33.5833,1.15692e-13
33.6,1.137e-13
33.6167,1.11767e-13
33.6333,1.09889e-13
33.65,1.08066e-13
33.6667,1.06294e-13
33.6833,1.04572e-13
33.7,1.02899e-13
33.7167,1.01271e-13
33.7333,9.96886e-14
33.75,9.81485e-14
33.7667,9.66493e-14
33.7833,9.51893e-14
33.8,9.37668e-14
33.8167,9.23801e-14
33.8333,9.10277e-14
33.85,8.97079e-14
33.8667,8.84192e-14
33.8833,8.71601e-14
33.9,8.59291e-14
33.9167,8.47248e-14
33.9333,8.35459e-14
33.95,8.23909e-14
33.9667,8.12587e-14
33.9833,8.01478e-14
34,7.90572e-14
34.0167,7.79857e-14
34.0333,7.69321e-14
34.05,7.58953e-14
34.0667,7.48743e-14
34.0833,7.38681e-14
34.1,7.28758e-14
34.1167,7.18964e-14
34.1333,7.0929e-14
34.15,6.99729e-14
34.1667,6.90273e-14
34.1833,6.80913e-14
34.2,6.71644e-14
34.2167,6.62458e-14
34.2333,6.53349e-14
34.25,6.44312e-14
34.2667,6.35341e-14
34.2833,6.26431e-14
34.3,6.17578e-14
34.3167,6.08778e-14
34.3333,6.00027e-14
34.35,5.91321e-14
34.3667,5.82658e-14
34.3833,5.74034e-14
34.4,5.65448e-14
34.4167,5.56898e-14
34.4333,5.48382e-14
34.45,5.39899e-14
34.4667,5.31448e-14
34.4833,5.23028e-14
34.5,5.1464e-14
34.5167,5.06282e-14
34.5333,4.97956e-14
34.55,4.89662e-14
34.5667,4.81401e-14
34.5833,4.73174e-14
34.6,4.64982e-14
34.6167,4.56826e-14
34.6333,4.48709e-14
34.65,4.40633e-14
34.6667,4.32598e-14
34.6833,4.24608e-14
34.7,4.16665e-14
34.7167,4.08771e-14
34.7333,4.00929e-14
34.75,3.93141e-14
34.7667,3.85411e-14
34.7833,3.77742e-14
34.8,3.70135e-14
34.8167,3.62594e-14
34.8333,3.55122e-14
34.85,3.47722e-14
34.8667,3.40397e-14
34.8833,3.33149e-14
34.9,3.25982e-14
34.9167,3.18898e-14
34.9333,3.119e-14
34.95,3.04991e-14
34.9667,2.98173e-14
34.9833,2.91449e-14
35,2.84821e-14
35.0167,2.78291e-14
35.0333,2.71862e-14
35.05,2.65535e-14
35.0667,2.59312e-14
35.0833,2.53195e-14
35.1,2.47186e-14
35.1167,2.41286e-14
35.1333,2.35496e-14
35.15,2.29818e-14
35.1667,2.24251e-14
35.1833,2.18798e-14
35.2,2.13459e-14
35.2167,2.08234e-14
35.2333,2.03124e-14
35.25,1.98128e-14
35.2667,1.93248e-14
35.2833,1.88482e-14
35.3,1.83831e-14
35.3167,1.79295e-14
35.3333,1.74872e-14
35.35,1.70562e-14
35.3667,1.66365e-14
35.3833,1.6228e-14
35.4,1.58305e-14
35.4167,1.5444e-14
35.4333,1.50683e-14
35.45,1.47033e-14
35.4667,1.4349e-14
35.4833,1.4005e-14
35.5,1.36714e-14
35.5167,1.33479e-14
35.5333,1.30343e-14
35.55,1.27305e-14
35.5667,1.24363e-14
35.5833,1.21516e-14
35.6,1.18761e-14
35.6167,1.16096e-14
35.6333,1.1352e-14
35.65,1.11031e-14
35.6667,1.08625e-14
35.6833,1.06303e-14
35.7,1.0406e-14
35.7167,1.01896e-14
35.7333,9.98081e-15
35.75,9.77942e-15
35.7667,9.58523e-15
35.7833,9.39803e-15
35.8,9.2176e-15
35.8167,9.04374e-15
35.8333,8.87624e-15
35.85,8.71488e-15
35.8667,8.55947e-15
35.8833,8.40979e-15
35.9,8.26563e-15
35.9167,8.12681e-15
35.9333,7.99311e-15
35.95,7.86434e-15
35.9667,7.74029e-15
35.9833,7.62079e-15
36,7.50562e-15
36.0167,7.39462e-15
36.0333,7.28758e-15
36.05,7.18433e-15
36.0667,7.08468e-15
36.0833,6.98847e-15
36.1,6.8955e-15
36.1167,6.80562e-15
36.1333,6.71866e-15
36.15,6.63445e-15
36.1667,6.55283e-15
36.1833,6.47364e-15
36.2,6.39675e-15
36.2167,6.32198e-15
36.2333,6.24921e-15
36.25,6.17829e-15
36.2667,6.10907e-15
36.2833,6.04144e-15
36.3,5.97526e-15
36.3167,5.9104e-15
36.3333,5.84675e-15
36.35,5.78418e-15
36.3667,5.72259e-15
36.3833,5.66187e-15
36.4,5.60191e-15
36.4167,5.54261e-15
36.4333,5.48388e-15
36.45,5.42563e-15
36.4667,5.36776e-15
36.4833,5.31021e-15
36.5,5.25289e-15
36.5167,5.19572e-15
36.5333,5.13865e-15
36.55,5.0816e-15
36.5667,5.02452e-15
36.5833,4.96735e-15
36.6,4.91004e-15
36.6167,4.85254e-15
36.6333,4.79482e-15
36.65,4.73684e-15
36.6667,4.67857e-15
36.6833,4.61997e-15
36.7,4.56103e-15
36.7167,4.50173e-15
36.7333,4.44205e-15
36.75,4.38198e-15
36.7667,4.32152e-15
36.7833,4.26066e-15
36.8,4.1994e-15
36.8167,4.13776e-15
36.8333,4.07574e-15
36.85,4.01335e-15
36.8667,3.95061e-15
36.8833,3.88755e-15
36.9,3.82417e-15
36.9167,3.76052e-15
36.9333,3.69661e-15
36.95,3.63249e-15
36.9667,3.56818e-15
36.9833,3.50372e-15
37,3.43914e-15
37.0167,3.3745e-15
37.0333,3.30983e-15
37.05,3.24517e-15
37.0667,3.18058e-15
37.0833,3.11608e-15
37.1,3.05174e-15
37.1167,2.9876e-15
37.1333,2.92371e-15
37.15,2.86011e-15
37.1667,2.79685e-15
37.1833,2.73399e-15
37.2,2.67156e-15
37.2167,2.60961e-15
37.2333,2.5482e-15
37.25,2.48736e-15
37.2667,2.42715e-15
37.2833,2.36759e-15
37.3,2.30874e-15
37.3167,2.25063e-15
37.3333,2.1933e-15
37.35,2.13679e-15
37.3667,2.08112e-15
37.3833,2.02634e-15
37.4,1.97247e-15
37.4167,1.91954e-15
37.4333,1.86758e-15
37.45,1.81661e-15
37.4667,1.76665e-15
37.4833,1.71771e-15
37.5,1.66983e-15
37.5167,1.623e-15
37.5333,1.57725e-15
37.55,1.53259e-15
37.5667,1.48902e-15
37.5833,1.44654e-15
37.6,1.40517e-15
37.6167,1.36491e-15
37.6333,1.32575e-15
37.65,1.28769e-15
37.6667,1.25073e-15
37.6833,1.21487e-15
37.7,1.1801e-15
37.7167,1.1464e-15
37.7333,1.11378e-15
37.75,1.08222e-15
37.7667,1.0517e-15
37.7833,1.02222e-15
37.8,9.93756e-16
37.8167,9.66296e-16
37.8333,9.39821e-16
37.85,9.14316e-16
37.8667,8.89761e-16
37.8833,8.66139e-16
37.9,8.43428e-16
37.9167,8.2161e-16
37.9333,8.00663e-16
37.95,7.80566e-16
37.9667,7.613e-16
37.9833,7.42841e-16
38,7.25168e-16
38.0167,7.08259e-16
38.0333,6.92093e-16
38.05,6.76647e-16
38.0667,6.61899e-16
38.0833,6.47828e-16
38.1,6.34411e-16
38.1167,6.21627e-16
38.1333,6.09454e-16
38.15,5.9787e-16
38.1667,5.86855e-16
38.1833,5.76387e-16
38.2,5.66445e-16
38.2167,5.57009e-16
38.2333,5.48058e-16
38.25,5.39572e-16
38.2667,5.31532e-16
38.2833,5.23917e-16
38.3,5.16709e-16
38.3167,5.09888e-16
38.3333,5.03435e-16
38.35,4.97334e-16
38.3667,4.91564e-16
38.3833,4.86108e-16
38.4,4.80949e-16
38.4167,4.76069e-16
38.4333,4.71451e-16
38.45,4.6708e-16
38.4667,4.62937e-16
38.4833,4.59008e-16
38.5,4.55276e-16
38.5167,4.51726e-16
38.5333,4.48343e-16
38.55,4.45112e-16
38.5667,4.42019e-16
38.5833,4.39049e-16
38.6,4.36188e-16
38.6167,4.33423e-16
38.6333,4.30741e-16
38.65,4.28129e-16
38.6667,4.25574e-16
38.6833,4.23064e-16
38.7,4.20587e-16
38.7167,4.18132e-16
38.7333,4.15688e-16
38.75,4.13245e-16
38.7667,4.10791e-16
38.7833,4.08318e-16
38.8,4.05816e-16
38.8167,4.03276e-16
38.8333,4.00689e-16
38.85,3.98048e-16
38.8667,3.95344e-16
38.8833,3.92572e-16
38.9,3.89725e-16
38.9167,3.86796e-16
38.9333,3.8378e-16
38.95,3.80672e-16
38.9667,3.77468e-16
38.9833,3.74164e-16
39,3.70757e-16
39.0167,3.67243e-16
39.0333,3.63621e-16
39.05,3.59889e-16
39.0667,3.56045e-16
39.0833,3.5209e-16
39.1,3.48023e-16
39.1167,3.43844e-16
39.1333,3.39556e-16
39.15,3.35158e-16
39.1667,3.30653e-16
39.1833,3.26044e-16
39.2,3.21334e-16
39.2167,3.16525e-16
39.2333,3.11623e-16
39.25,3.0663e-16
39.2667,3.01552e-16
39.2833,2.96394e-16
39.3,2.91161e-16
39.3167,2.85858e-16
39.3333,2.80492e-16
39.35,2.75069e-16
39.3667,2.69594e-16
39.3833,2.64076e-16
39.4,2.5852e-16
39.4167,2.52934e-16
39.4333,2.47324e-16
39.45,2.41698e-16
39.4667,2.36062e-16
39.4833,2.30424e-16
39.5,2.24791e-16
39.5167,2.1917e-16
39.5333,2.13569e-16
39.55,2.07993e-16
39.5667,2.0245e-16
39.5833,1.96946e-16
39.6,1.91488e-16
39.6167,1.86081e-16
39.6333,1.80733e-16
39.65,1.75448e-16
39.6667,1.70232e-16
39.6833,1.6509e-16
39.7,1.60027e-16
39.7167,1.55048e-16
39.7333,1.50157e-16
39.75,1.45357e-16
39.7667,1.40653e-16
39.7833,1.36048e-16
39.8,1.31545e-16
39.8167,1.27146e-16
39.8333,1.22854e-16
39.85,1.1867e-16
39.8667,1.14597e-16
39.8833,1.10636e-16
39.9,1.06787e-16
39.9167,1.03052e-16
39.9333,9.94312e-17
39.95,9.59248e-17
39.9667,9.25326e-17
39.9833,8.92545e-17
40,8.60898e-17
40.0167,8.30378e-17
40.0333,8.00976e-17
40.05,7.72679e-17
40.0667,7.45475e-17
40.0833,7.19349e-17
40.1,6.94282e-17
40.1167,6.70259e-17
40.1333,6.47258e-17
40.15,6.2526e-17
40.1667,6.04243e-17
40.1833,5.84185e-17
40.2,5.65063e-17
40.2167,5.46852e-17
40.2333,5.2953e-17
40.25,5.13072e-17
40.2667,4.97452e-17
40.2833,4.82647e-17
40.3,4.6863e-17
40.3167,4.55377e-17
40.3333,4.42863e-17
40.35,4.31064e-17
40.3667,4.19954e-17
40.3833,4.0951e-17
40.4,3.99708e-17
40.4167,3.90525e-17
40.4333,3.81936e-17
40.45,3.7392e-17
40.4667,3.66454e-17
40.4833,3.59516e-17
40.5,3.53085e-17
40.5167,3.47141e-17
40.5333,3.41662e-17
40.55,3.3663e-17
40.5667,3.32023e-17
40.5833,3.27825e-17
40.6,3.24014e-17
40.6167,3.20575e-17
40.6333,3.17488e-17
40.65,3.14736e-17
40.6667,3.12302e-17
40.6833,3.1017e-17
40.7,3.08322e-17
40.7167,3.06742e-17
40.7333,3.05414e-17
40.75,3.04322e-17
40.7667,3.03451e-17
40.7833,3.02785e-17
40.8,3.02309e-17
40.8167,3.02007e-17
40.8333,3.01865e-17
40.85,3.01868e-17
40.8667,3.02001e-17
40.8833,3.02249e-17
40.9,3.02598e-17
40.9167,3.03034e-17
40.9333,3.03542e-17
40.95,3.04109e-17
40.9667,3.0472e-17
40.9833,3.05361e-17
41,3.06019e-17
41.0167,3.06681e-17
41.0333,3.07333e-17
41.05,3.07963e-17
41.0667,3.08557e-17
41.0833,3.09104e-17
41.1,3.09591e-17
41.1167,3.10007e-17
41.1333,3.1034e-17
41.15,3.10579e-17
41.1667,3.10714e-17
41.1833,3.10734e-17
41.2,3.10631e-17
41.2167,3.10396e-17
41.2333,3.10019e-17
41.25,3.09494e-17
41.2667,3.08812e-17
41.2833,3.07967e-17
41.3,3.06954e-17
41.3167,3.05768e-17
41.3333,3.04403e-17
41.35,3.02855e-17
41.3667,3.01123e-17
41.3833,2.99203e-17
41.4,2.97094e-17
41.4167,2.94796e-17
41.4333,2.92307e-17
41.45,2.89629e-17
41.4667,2.86764e-17
41.4833,2.83713e-17
41.5,2.80479e-17
41.5167,2.77066e-17
41.5333,2.73478e-17
41.55,2.6972e-17
41.5667,2.65798e-17
41.5833,2.61719e-17
41.6,2.57487e-17
41.6167,2.53112e-17
41.6333,2.48601e-17
41.65,2.43962e-17
41.6667,2.39203e-17
41.6833,2.34335e-17
41.7,2.29366e-17
41.7167,2.24306e-17
41.7333,2.19166e-17
41.75,2.13954e-17
41.7667,2.08682e-17
41.7833,2.0336e-17
41.8,1.97999e-17
41.8167,1.92608e-17
41.8333,1.87198e-17
41.85,1.8178e-17
41.8667,1.76363e-17
41.8833,1.70958e-17
41.9,1.65574e-17
41.9167,1.60221e-17
41.9333,1.54908e-17
41.95,1.49644e-17
41.9667,1.44436e-17
41.9833,1.39294e-17
42,1.34224e-17
42.0167,1.29234e-17
42.0333,1.24331e-17
42.05,1.1952e-17
42.0667,1.14808e-17
42.0833,1.102e-17
42.1,1.057e-17
42.1167,1.01312e-17
42.1333,9.70407e-18
42.15,9.2889e-18
42.1667,8.88595e-18
42.1833,8.49545e-18
42.2,8.11758e-18
42.2167,7.75246e-18
42.2333,7.40019e-18
42.25,7.06081e-18
42.2667,6.73433e-18
42.2833,6.42071e-18
42.3,6.11987e-18
42.3167,5.83172e-18
42.3333,5.55612e-18
42.35,5.2929e-18
42.3667,5.04187e-18
42.3833,4.80282e-18
42.4,4.57549e-18
42.4167,4.35963e-18
42.4333,4.15497e-18
42.45,3.96122e-18
42.4667,3.77806e-18
42.4833,3.60519e-18
42.5,3.44229e-18
42.5167,3.28902e-18
42.5333,3.14507e-18
42.55,3.01009e-18
42.5667,2.88375e-18
42.5833,2.76573e-18
42.6,2.65569e-18
42.6167,2.55332e-18
42.6333,2.4583e-18
42.65,2.37032e-18
42.6667,2.28908e-18
42.6833,2.2143e-18
42.7,2.14568e-18
42.7167,2.08296e-18
42.7333,2.02587e-18
42.75,1.97417e-18
42.7667,1.92762e-18
42.7833,1.886e-18
42.8,1.84908e-18
42.8167,1.81665e-18
42.8333,1.78853e-18
42.85,1.76453e-18
42.8667,1.74446e-18
42.8833,1.72817e-18
42.9,1.7155e-18
42.9167,1.70628e-18
42.9333,1.70038e-18
42.95,1.69765e-18
42.9667,1.69796e-18
42.9833,1.70118e-18
43,1.70719e-18
43.0167,1.71584e-18
43.0333,1.72703e-18
43.05,1.74063e-18
43.0667,1.75652e-18
43.0833,1.77457e-18
43.1,1.79466e-18
43.1167,1.81667e-18
43.1333,1.84047e-18
43.15,1.86594e-18
43.1667,1.89293e-18
43.1833,1.92132e-18
43.2,1.95096e-18
43.2167,1.98173e-18
43.2333,2.01346e-18
43.25,2.04602e-18
43.2667,2.07926e-18
43.2833,2.11301e-18
43.3,2.14713e-18
43.3167,2.18146e-18
43.3333,2.21582e-18
43.35,2.25007e-18
43.3667,2.28404e-18
43.3833,2.31756e-18
43.4,2.35047e-18
43.4167,2.3826e-18
43.4333,2.4138e-18
43.45,2.44389e-18
43.4667,2.47274e-18
43.4833,2.50017e-18
43.5,2.52604e-18
43.5167,2.5502e-18
43.5333,2.57252e-18
43.55,2.59285e-18
43.5667,2.61108e-18
43.5833,2.62708e-18
43.6,2.64075e-18
43.6167,2.65197e-18
43.6333,2.66066e-18
43.65,2.66674e-18
43.6667,2.67012e-18
43.6833,2.67076e-18
43.7,2.6686e-18
43.7167,2.6636e-18
43.7333,2.65573e-18
43.75,2.64497e-18
43.7667,2.63133e-18
43.7833,2.61481e-18
43.8,2.59543e-18
43.8167,2.57322e-18
43.8333,2.54823e-18
43.85,2.5205e-18
43.8667,2.49011e-18
43.8833,2.45713e-18
43.9,2.42165e-18
43.9167,2.38376e-18
43.9333,2.34357e-18
43.95,2.3012e-18
43.9667,2.25675e-18
43.9833,2.21037e-18
44,2.16219e-18
44.0167,2.11235e-18
44.0333,2.061e-18
44.05,2.00828e-18
44.0667,1.95436e-18
44.0833,1.89938e-18
44.1,1.8435e-18
44.1167,1.78689e-18
44.1333,1.72971e-18
44.15,1.6721e-18
44.1667,1.61423e-18
44.1833,1.55625e-18
44.2,1.4983e-18
44.2167,1.44055e-18
44.2333,1.38312e-18
44.25,1.32616e-18
44.2667,1.26979e-18
44.2833,1.21414e-18
44.3,1.15932e-18
44.3167,1.10545e-18
44.3333,1.05263e-18
44.35,1.00094e-18
44.3667,9.50488e-19
44.3833,9.01337e-19
44.4,8.53562e-19
44.4167,8.07222e-19
44.4333,7.6237e-19
44.45,7.19051e-19
44.4667,6.77302e-19
44.4833,6.37149e-19
44.5,5.98615e-19
44.5167,5.61711e-19
44.5333,5.26443e-19
44.55,4.9281e-19
44.5667,4.60804e-19
44.5833,4.3041e-19
44.6,4.0161e-19
44.6167,3.74377e-19
44.6333,3.48682e-19
44.65,3.2449e-19
44.6667,3.01763e-19
44.6833,2.80458e-19
44.7,2.6053e-19
44.7167,2.41933e-19
44.7333,2.24615e-19
44.75,2.08526e-19
44.7667,1.93614e-19
44.7833,1.79824e-19
44.8,1.67103e-19
44.8167,1.55398e-19
44.8333,1.44656e-19
44.85,1.34823e-19
44.8667,1.25849e-19
44.8833,1.17683e-19
44.9,1.10278e-19
44.9167,1.03587e-19
44.9333,9.75657e-20
44.95,9.21719e-20
44.9667,8.73661e-20
44.9833,8.31111e-20
45,7.93725e-20
45.0167,7.61184e-20
45.0333,7.33196e-20
45.05,7.09497e-20
45.0667,6.89847e-20
45.0833,6.74033e-20
45.1,6.61867e-20
45.1167,6.53184e-20
45.1333,6.4784e-20
45.15,6.45715e-20
45.1667,6.46704e-20
45.1833,6.50722e-20
45.2,6.57698e-20
45.2167,6.67574e-20
45.2333,6.80303e-20
45.25,6.95848e-20
45.2667,7.14175e-20
45.2833,7.35258e-20
45.3,7.59072e-20
45.3167,7.85589e-20
45.3333,8.14783e-20
45.35,8.46622e-20
45.3667,8.81067e-20
45.3833,9.18073e-20
45.4,9.57585e-20
45.4167,9.99539e-20
45.4333,1.04386e-19
45.45,1.09045e-19
45.4667,1.13922e-19
45.4833,1.19004e-19
45.5,1.24279e-19
45.5167,1.29731e-19
45.5333,1.35346e-19
45.55,1.41105e-19
45.5667,1.46989e-19
45.5833,1.52978e-19
45.6,1.59052e-19
45.6167,1.65186e-19
45.6333,1.71357e-19
45.65,1.77541e-19
45.6667,1.83711e-19
45.6833,1.89842e-19
45.7,1.95907e-19
45.7167,2.01878e-19
45.7333,2.07728e-19
45.75,2.1343e-19
45.7667,2.18956e-19
45.7833,2.24279e-19
45.8,2.29373e-19
45.8167,2.34213e-19
45.8333,2.38772e-19
45.85,2.43028e-19
45.8667,2.46958e-19
45.8833,2.5054e-19
45.9,2.53754e-19
45.9167,2.56583e-19
45.9333,2.5901e-19
45.95,2.6102e-19
45.9667,2.62601e-19
45.9833,2.63743e-19
46,2.64437e-19
46.0167,2.64677e-19
46.0333,2.64459e-19
46.05,2.63782e-19
46.0667,2.62647e-19
46.0833,2.61057e-19
46.1,2.59017e-19
46.1167,2.56535e-19
46.1333,2.5362e-19
46.15,2.50286e-19
46.1667,2.46544e-19
46.1833,2.42412e-19
46.2,2.37908e-19
46.2167,2.33051e-19
46.2333,2.27861e-19
46.25,2.22362e-19
46.2667,2.16577e-19
46.2833,2.10531e-19
46.3,2.0425e-19
46.3167,1.97761e-19
46.3333,1.9109e-19
46.35,1.84267e-19
46.3667,1.77318e-19
46.3833,1.70271e-19
46.4,1.63154e-19
46.4167,1.55996e-19
46.4333,1.48822e-19
46.45,1.4166e-19
46.4667,1.34535e-19
46.4833,1.27471e-19
46.5,1.20493e-19
46.5167,1.13622e-19
46.5333,1.0688e-19
46.55,1.00287e-19
46.5667,9.3859e-20
46.5833,8.76141e-20
46.6,8.15665e-20
46.6167,7.57293e-20
46.6333,7.01138e-20
46.65,6.47295e-20
46.6667,5.95842e-20
46.6833,5.46839e-20
46.7,5.00328e-20
46.7167,4.56337e-20
46.7333,4.14877e-20
46.75,3.75941e-20
46.7667,3.39511e-20
46.7833,3.05554e-20
46.8,2.74023e-20
46.8167,2.44861e-20
46.8333,2.17998e-20
46.85,1.93357e-20
46.8667,1.70851e-20
46.8833,1.50387e-20
46.9,1.31863e-20
46.9167,1.15176e-20
46.9333,1.00217e-20
46.95,8.68746e-21
46.9667,7.50375e-21
46.9833,6.45927e-21
47,5.54288e-21
47.0167,4.74361e-21
47.0333,4.05075e-21
47.05,3.45398e-21
47.0667,2.94343e-21
47.0833,2.50975e-21
47.1,2.14416e-21
47.1167,1.83853e-21
47.1333,1.5854e-21
47.15,1.37805e-21
47.1667,1.21049e-21
47.1833,1.07749e-21
47.2,9.74607e-22
47.2167,8.98146e-22
47.2333,8.45177e-22
47.25,8.13503e-22
47.2667,8.01634e-22
47.2833,8.08754e-22
47.3,8.34672e-22
47.3167,8.79772e-22
47.3333,9.44963e-22
47.35,1.03161e-21
47.3667,1.14147e-21
47.3833,1.27661e-21
47.4,1.43938e-21
47.4167,1.63227e-21
47.4333,1.85787e-21
47.45,2.11882e-21
47.4667,2.41766e-21
47.4833,2.75685e-21
47.5,3.13862e-21
47.5167,3.56492e-21
47.5333,4.03741e-21
47.55,4.55733e-21
47.5667,5.12547e-21
47.5833,5.74214e-21
47.6,6.40714e-21
47.6167,7.11967e-21
47.6333,7.87838e-21
47.65,8.6813e-21
47.6667,9.52586e-21
47.6833,1.04089e-20
47.7,1.13267e-20
47.7167,1.22749e-20
47.7333,1.32486e-20
47.75,1.42425e-20
47.7667,1.52509e-20
47.7833,1.62674e-20
47.8,1.72856e-20
47.8167,1.82987e-20
47.8333,1.92997e-20
47.85,2.02813e-20
47.8667,2.12364e-20
47.8833,2.21578e-20
47.9,2.30384e-20
47.9167,2.38712e-20
47.9333,2.46496e-20
47.95,2.53671e-20
47.9667,2.60178e-20
47.9833,2.65962e-20
48,2.70972e-20
48.0167,2.75164e-20
48.0333,2.78499e-20
48.05,2.80947e-20
48.0667,2.82483e-20
48.0833,2.83089e-20
48.1,2.82757e-20
48.1167,2.81485e-20
48.1333,2.79279e-20
48.15,2.76152e-20
48.1667,2.72126e-20
48.1833,2.67231e-20
48.2,2.61502e-20
48.2167,2.54982e-20
48.2333,2.47721e-20
48.25,2.39773e-20
48.2667,2.312e-20
48.2833,2.22067e-20
48.3,2.12442e-20
48.3167,2.02399e-20
48.3333,1.92012e-20
48.35,1.81359e-20
48.3667,1.70516e-20
48.3833,1.59562e-20
48.4,1.48574e-20
48.4167,1.37628e-20
48.4333,1.26796e-20
48.45,1.1615e-20
48.4667,1.05755e-20
48.4833,9.56734e-21
48.5,8.59627e-21
48.5167,7.66737e-21
48.5333,6.78518e-21
48.55,5.95354e-21
48.5667,5.17566e-21
48.5833,4.454e-21
48.6,3.79032e-21
48.6167,3.18565e-21
48.6333,2.64031e-21
48.65,2.1539e-21
48.6667,1.72537e-21
48.6833,1.35303e-21
48.7,1.03456e-21
48.7167,7.67129e-22
48.7333,5.47428e-22
48.75,3.71723e-22
48.7667,2.35949e-22
48.7833,1.35788e-22
48.8,6.67458e-23
48.8167,2.42454e-23
48.8333,3.71182e-24
48.85,6.59354e-25
48.8667,1.07768e-23
48.8833,3.00082e-23
48.9,5.46278e-23
48.9167,8.13069e-23
48.9333,1.07172e-22
48.95,1.29848e-22
48.9667,1.47495e-22
48.9833,1.58828e-22
49,1.63117e-22
49.0167,1.60188e-22
49.0333,1.50389e-22
49.05,1.34561e-22
49.0667,1.13984e-22
49.0833,9.03164e-23
49.1,6.55191e-23
49.1167,4.17769e-23
49.1333,2.14076e-23
49.15,6.76964e-24
49.1667,1.65999e-25
49.1833,3.74907e-24
49.2,1.94285e-23
49.2167,4.87845e-23
49.2333,9.29899e-23
49.25,1.52743e-22
49.2667,2.28212e-22
49.2833,3.19e-22
49.3,4.24121e-22
49.3167,5.41996e-22
49.3333,6.70476e-22
49.35,8.06874e-22
49.3667,9.48028e-22
49.3833,1.09038e-21
49.4,1.23006e-21
49.4167,1.36303e-21
49.4333,1.48518e-21
49.45,1.59249e-21
49.4667,1.68118e-21
49.4833,1.74784e-21
49.5,1.7896e-21
49.5167,1.80428e-21
49.5333,1.79047e-21
49.55,1.74772e-21
49.5667,1.67657e-21
49.5833,1.57859e-21
49.6,1.45644e-21
49.6167,1.31383e-21
49.6333,1.1554e-21
49.65,9.86657e-22
49.6667,8.13739e-22
49.6833,6.432e-22
49.7,4.81716e-22
49.7167,3.35751e-22
49.7333,2.11178e-22
49.75,1.12886e-22
49.7667,4.43655e-23
49.7833,7.32662e-24
49.8,1.34993e-24
49.8167,2.36295e-23
49.8333,6.88437e-23
49.85,1.29213e-22
49.8667,1.94808e-22
49.8833,2.54195e-22
49.9,2.95497e-22
49.9167,3.07991e-22
49.9333,2.84355e-22
49.95,2.23716e-22
49.9667,1.35651e-22
49.9833,4.53282e-23
