1e-05,9.50811e-16
0.0166767,2.13009e-08
0.0333433,2.06978e-07
0.05001,8.45072e-07
0.0666767,2.34547e-06
0.0833433,5.21873e-06
0.10001,1.00572e-05
0.116677,1.75185e-05
0.133343,2.83106e-05
0.15001,4.31787e-05
0.166677,6.28946e-05
0.183343,8.8246e-05
0.20001,0.000120028
0.216677,0.000159038
0.233343,0.000206065
0.25001,0.000261888
0.266677,0.00032727
0.283343,0.000402957
0.30001,0.000489669
0.316677,0.000588105
0.333343,0.000698935
0.35001,0.000822804
0.366677,0.000960327
0.383343,0.00111209
0.40001,0.00127865
0.416677,0.00146053
0.433343,0.00165823
0.45001,0.00187222
0.466677,0.00210295
0.483343,0.00235082
0.50001,0.00261622
0.516677,0.00289951
0.533343,0.00320104
0.55001,0.0035211
0.566677,0.00385999
0.583343,0.00421798
0.60001,0.00459531
0.616677,0.0049922
0.633343,0.00540887
0.65001,0.00584549
0.666677,0.00630225
0.683343,0.00677928
0.70001,0.00727673
0.716677,0.00779471
0.733343,0.00833333
0.75001,0.00889268
0.766677,0.00947285
0.783343,0.0100739
0.80001,0.0106958
0.816677,0.0113387
0.833343,0.0120026
0.85001,0.0126875
0.866676,0.0133933
0.883343,0.0141202
0.90001,0.0148679
0.916676,0.0156366
0.933343,0.0164262
0.95001,0.0172365
0.966676,0.0180676
0.983343,0.0189192
1.00001,0.0197914
1.01668,0.0206841
1.03334,0.021597
1.05001,0.0225301
1.06668,0.0234831
1.08334,0.024456
1.10001,0.0254486
1.11668,0.0264606
1.13334,0.0274919
1.15001,0.0285423
1.16668,0.0296115
1.18334,0.0306992
1.20001,0.0318053
1.21668,0.0329294
1.23334,0.0340714
1.25001,0.0352308
1.26668,0.0364074
1.28334,0.0376009
1.30001,0.0388109
1.31668,0.0400372
1.33334,0.0412794
1.35001,0.0425371
1.36668,0.04381
1.38334,0.0450976
1.40001,0.0463997
1.41668,0.0477159
1.43334,0.0490457
1.45001,0.0503887
1.46668,0.0517445
1.48334,0.0531128
1.50001,0.054493
1.51668,0.0558848
1.53334,0.0572877
1.55001,0.0587014
1.56668,0.0601252
1.58334,0.0615588
1.60001,0.0630018
1.61668,0.0644537
1.63334,0.0659139
1.65001,0.0673821
1.66668,0.0688579
1.68334,0.0703406
1.70001,0.0718299
1.71668,0.0733252
1.73334,0.0748262
1.75001,0.0763323
1.76668,0.0778431
1.78334,0.0793581
1.80001,0.0808767
1.81668,0.0823987
1.83334,0.0839234
1.85001,0.0854504
1.86668,0.0869793
1.88334,0.0885096
1.90001,0.0900408
1.91668,0.0915724
1.93334,0.0931041
1.95001,0.0946353
1.96668,0.0961656
1.98334,0.0976946
2.00001,0.0992218
2.01668,0.100747
2.03334,0.102269
2.05001,0.103789
2.06668,0.105304
2.08334,0.106816
2.10001,0.108324
2.11668,0.109827
2.13334,0.111325
2.15001,0.112817
2.16668,0.114304
2.18334,0.115784
2.20001,0.117258
2.21668,0.118724
2.23334,0.120184
2.25001,0.121635
2.26668,0.123079
2.28334,0.124514
2.30001,0.125941
2.31668,0.127358
2.33334,0.128767
2.35001,0.130165
2.36668,0.131554
2.38334,0.132933
2.40001,0.134301
2.41668,0.135658
2.43334,0.137004
2.45001,0.138339
2.46668,0.139663
2.48334,0.140974
2.50001,0.142274
2.51668,0.143561
2.53334,0.144836
2.55001,0.146098
2.56668,0.147348
2.58334,0.148584
2.60001,0.149807
2.61668,0.151016
2.63334,0.152211
2.65001,0.153393
2.66668,0.154561
2.68334,0.155714
2.70001,0.156854
2.71668,0.157978
2.73334,0.159088
2.75001,0.160184
2.76668,0.161264
2.78334,0.162329
2.80001,0.163379
2.81668,0.164414
2.83334,0.165434
2.85001,0.166438
2.86668,0.167426
2.88334,0.168399
2.90001,0.169356
2.91668,0.170297
2.93334,0.171222
2.95001,0.172131
2.96668,0.173024
2.98334,0.173901
3.00001,0.174762
3.01668,0.175607
3.03334,0.176435
3.05001,0.177247
3.06668,0.178043
3.08334,0.178822
3.10001,0.179585
3.11668,0.180332
3.13334,0.181062
3.15001,0.181775
3.16668,0.182472
3.18334,0.183153
3.20001,0.183817
3.21668,0.184465
3.23334,0.185096
3.25001,0.18571
3.26668,0.186308
3.28334,0.18689
3.30001,0.187455
3.31668,0.188004
3.33334,0.188536
3.35001,0.189052
3.36668,0.189551
3.38334,0.190034
3.40001,0.190501
3.41668,0.190952
3.43334,0.191386
3.45001,0.191805
3.46668,0.192207
3.48334,0.192593
3.50001,0.192963
3.51668,0.193316
3.53334,0.193655
3.55001,0.193977
3.56668,0.194283
3.58334,0.194574
3.60001,0.194849
3.61668,0.195108
3.63334,0.195352
3.65001,0.19558
3.66668,0.195793
3.68334,0.195991
3.70001,0.196173
3.71668,0.196341
3.73334,0.196493
3.75001,0.19663
3.76668,0.196752
3.78334,0.19686
3.80001,0.196953
3.81668,0.197031
3.83334,0.197095
3.85001,0.197145
3.86668,0.19718
3.88334,0.197201
3.90001,0.197208
3.91668,0.1972
3.93334,0.197179
3.95001,0.197145
3.96668,0.197096
3.98334,0.197034
4.00001,0.196959
4.01668,0.19687
4.03334,0.196769
4.05001,0.196654
4.06668,0.196526
4.08334,0.196385
4.10001,0.196232
4.11668,0.196066
4.13334,0.195887
4.15001,0.195697
4.16668,0.195494
4.18334,0.195279
4.20001,0.195052
4.21668,0.194814
4.23334,0.194563
4.25001,0.194302
4.26668,0.194028
4.28334,0.193744
4.30001,0.193448
4.31668,0.193142
4.33334,0.192824
4.35001,0.192496
4.36668,0.192158
4.38334,0.191809
4.40001,0.191449
4.41668,0.19108
4.43334,0.1907
4.45001,0.190311
4.46668,0.189912
4.48334,0.189503
4.50001,0.189085
4.51668,0.188658
4.53334,0.188221
4.55001,0.187776
4.56668,0.187322
4.58334,0.186859
4.60001,0.186387
4.61668,0.185907
4.63334,0.185419
4.65001,0.184922
4.66668,0.184418
4.68334,0.183905
4.70001,0.183385
4.71668,0.182858
4.73334,0.182323
4.75001,0.18178
4.76668,0.181231
4.78334,0.180674
4.80001,0.180111
4.81668,0.179541
4.83334,0.178964
4.85001,0.178381
4.86668,0.177792
4.88334,0.177196
4.90001,0.176594
4.91668,0.175987
4.93334,0.175373
4.95001,0.174754
4.96668,0.174129
4.98334,0.1735
5.00001,0.172864
5.01668,0.172224
5.03334,0.171579
5.05001,0.170928
5.06668,0.170273
5.08334,0.169614
5.10001,0.16895
5.11668,0.168281
5.13334,0.167609
5.15001,0.166932
5.16668,0.166251
5.18334,0.165566
5.20001,0.164878
5.21668,0.164186
5.23334,0.16349
5.25001,0.162791
5.26668,0.162088
5.28334,0.161383
5.30001,0.160674
5.31668,0.159962
5.33334,0.159248
5.35001,0.15853
5.36668,0.15781
5.38334,0.157088
5.40001,0.156363
5.41668,0.155635
5.43334,0.154906
5.45001,0.154174
5.46668,0.15344
5.48334,0.152704
5.50001,0.151966
5.51668,0.151227
5.53334,0.150486
5.55001,0.149743
5.56668,0.148999
5.58334,0.148253
5.60001,0.147506
5.61668,0.146758
5.63334,0.146008
5.65001,0.145258
5.66668,0.144506
5.68334,0.143754
5.70001,0.143001
5.71668,0.142247
5.73334,0.141493
5.75001,0.140738
5.76668,0.139982
5.78334,0.139226
5.80001,0.13847
5.81668,0.137713
5.83334,0.136956
5.85001,0.136199
5.86668,0.135442
5.88334,0.134685
5.90001,0.133928
5.91668,0.133171
5.93334,0.132414
5.95001,0.131658
5.96668,0.130902
5.98334,0.130146
6.00001,0.129391
6.01668,0.128636
6.03334,0.127882
6.05001,0.127129
6.06668,0.126376
6.08334,0.125624
6.10001,0.124873
6.11668,0.124122
6.13334,0.123373
6.15001,0.122624
6.16668,0.121877
6.18334,0.121131
6.20001,0.120386
6.21668,0.119641
6.23334,0.118899
6.25001,0.118157
6.26668,0.117417
6.28334,0.116678
6.30001,0.115941
6.31668,0.115205
6.33334,0.114471
6.35001,0.113738
6.36668,0.113006
6.38334,0.112277
6.40001,0.111549
6.41668,0.110823
6.43334,0.110099
6.45001,0.109376
6.46668,0.108655
6.48334,0.107937
6.50001,0.10722
6.51668,0.106505
6.53334,0.105792
6.55001,0.105081
6.56668,0.104372
6.58334,0.103666
6.60001,0.102961
6.61668,0.102259
6.63334,0.101559
6.65001,0.100861
6.66668,0.100165
6.68334,0.0994719
6.70001,0.0987809
6.71668,0.0980924
6.73334,0.0974062
6.75001,0.0967225
6.76668,0.0960412
6.78334,0.0953624
6.80001,0.0946861
6.81668,0.0940123
6.83334,0.0933411
6.85001,0.0926725
6.86668,0.0920065
6.88334,0.0913432
6.90001,0.0906825
6.91668,0.0900245
6.93334,0.0893691
6.95001,0.0887165
6.96668,0.0880667
6.98334,0.0874196
7.00001,0.0867753
7.01668,0.0861338
7.03334,0.0854951
7.05001,0.0848593
7.06668,0.0842263
7.08334,0.0835962
7.10001,0.082969
7.11668,0.0823447
7.13334,0.0817233
7.15001,0.0811048
7.16668,0.0804893
7.18334,0.0798768
7.20001,0.0792672
7.21668,0.0786607
7.23334,0.0780571
7.25001,0.0774565
7.26668,0.076859
7.28334,0.0762645
7.30001,0.075673
7.31668,0.0750846
7.33334,0.0744992
7.35001,0.0739169
7.36668,0.0733377
7.38334,0.0727616
7.40001,0.0721885
7.41668,0.0716186
7.43334,0.0710517
7.45001,0.070488
7.46668,0.0699273
7.48334,0.0693698
7.50001,0.0688154
7.51668,0.0682641
7.53334,0.067716
7.55001,0.0671709
7.56668,0.066629
7.58334,0.0660903
7.60001,0.0655546
7.61668,0.0650221
7.63334,0.0644928
7.65001,0.0639665
7.66668,0.0634434
7.68334,0.0629234
7.70001,0.0624066
7.71668,0.0618929
7.73334,0.0613823
7.75001,0.0608748
7.76668,0.0603705
7.78334,0.0598693
7.80001,0.0593712
7.81668,0.0588762
7.83334,0.0583843
7.85001,0.0578955
7.86668,0.0574098
7.88334,0.0569272
7.90001,0.0564477
7.91668,0.0559713
7.93334,0.0554979
7.95001,0.0550277
7.96668,0.0545604
7.98334,0.0540963
8.00001,0.0536352
8.01668,0.0531771
8.03334,0.0527221
8.05001,0.0522701
8.06668,0.0518211
8.08334,0.0513752
8.10001,0.0509322
8.11668,0.0504923
8.13334,0.0500553
8.15001,0.0496213
8.16668,0.0491903
8.18334,0.0487622
8.20001,0.0483371
8.21668,0.0479149
8.23334,0.0474956
8.25001,0.0470793
8.26668,0.0466659
8.28334,0.0462554
8.30001,0.0458477
8.31668,0.045443
8.33334,0.0450411
8.35001,0.0446421
8.36667,0.0442459
8.38334,0.0438525
8.40001,0.043462
8.41667,0.0430743
8.43334,0.0426894
8.45001,0.0423073
8.46667,0.0419279
8.48334,0.0415514
8.50001,0.0411776
8.51667,0.0408065
8.53334,0.0404381
8.55001,0.0400725
8.56667,0.0397096
8.58334,0.0393494
8.60001,0.0389919
8.61667,0.038637
8.63334,0.0382848
8.65001,0.0379353
8.66667,0.0375883
8.68334,0.0372441
8.70001,0.0369024
8.71667,0.0365633
8.73334,0.0362268
8.75001,0.0358929
8.76667,0.0355615
8.78334,0.0352327
8.80001,0.0349064
8.81667,0.0345826
8.83334,0.0342614
8.85001,0.0339426
8.86667,0.0336264
8.88334,0.0333126
8.90001,0.0330012
8.91667,0.0326923
8.93334,0.0323859
8.95001,0.0320818
8.96667,0.0317802
8.98334,0.031481
9.00001,0.0311841
9.01667,0.0308897
9.03334,0.0305975
9.05001,0.0303078
9.06667,0.0300203
9.08334,0.0297352
9.10001,0.0294524
9.11667,0.0291719
9.13334,0.0288936
9.15001,0.0286177
9.16667,0.0283439
9.18334,0.0280725
9.20001,0.0278032
9.21667,0.0275362
9.23334,0.0272714
9.25001,0.0270087
9.26667,0.0267483
9.28334,0.02649
9.30001,0.0262339
9.31667,0.0259799
9.33334,0.025728
9.35001,0.0254782
9.36667,0.0252306
9.38334,0.024985
9.40001,0.0247416
9.41667,0.0245001
9.43334,0.0242608
9.45001,0.0240234
9.46667,0.0237881
9.48334,0.0235548
9.50001,0.0233236
9.51667,0.0230943
9.53334,0.0228669
9.55001,0.0226416
9.56667,0.0224182
9.58334,0.0221967
9.60001,0.0219771
9.61667,0.0217595
9.63334,0.0215438
9.65001,0.0213299
9.66667,0.021118
9.68334,0.0209078
9.70001,0.0206996
9.71667,0.0204932
9.73334,0.0202886
9.75001,0.0200858
9.76667,0.0198848
9.78334,0.0196856
9.80001,0.0194882
9.81667,0.0192925
9.83334,0.0190986
9.85001,0.0189064
9.86667,0.018716
9.88334,0.0185273
9.90001,0.0183402
9.91667,0.0181549
9.93334,0.0179712
9.95001,0.0177892
9.96667,0.0176089
9.98334,0.0174302
10,0.0172531
10.0167,0.0170777
10.0333,0.0169038
10.05,0.0167316
10.0667,0.0165609
10.0833,0.0163918
10.1,0.0162242
10.1167,0.0160582
10.1333,0.0158938
10.15,0.0157308
10.1667,0.0155694
10.1833,0.0154094
10.2,0.015251
10.2167,0.015094
10.2333,0.0149385
10.25,0.0147844
10.2667,0.0146318
10.2833,0.0144806
10.3,0.0143309
10.3167,0.0141825
10.3333,0.0140356
10.35,0.01389
10.3667,0.0137458
10.3833,0.0136029
10.4,0.0134614
10.4167,0.0133213
10.4333,0.0131825
10.45,0.013045
10.4667,0.0129088
10.4833,0.0127739
10.5,0.0126403
10.5167,0.0125079
10.5333,0.0123769
10.55,0.0122471
10.5667,0.0121185
10.5833,0.0119912
10.6,0.0118651
10.6167,0.0117402
10.6333,0.0116165
10.65,0.011494
10.6667,0.0113727
10.6833,0.0112525
10.7,0.0111336
10.7167,0.0110157
10.7333,0.010899
10.75,0.0107835
10.7667,0.0106691
10.7833,0.0105558
10.8,0.0104436
10.8167,0.0103325
10.8333,0.0102225
10.85,0.0101135
10.8667,0.0100056
10.8833,0.00989882
10.9,0.00979305
10.9167,0.00968832
10.9333,0.00958462
10.95,0.00948195
10.9667,0.00938028
10.9833,0.00927962
11,0.00917996
11.0167,0.00908128
11.0333,0.00898358
11.05,0.00888686
11.0667,0.00879109
11.0833,0.00869627
11.1,0.0086024
11.1167,0.00850946
11.1333,0.00841745
11.15,0.00832636
11.1667,0.00823618
11.1833,0.0081469
11.2,0.00805852
11.2167,0.00797102
11.2333,0.00788441
11.25,0.00779866
11.2667,0.00771378
11.2833,0.00762975
11.3,0.00754657
11.3167,0.00746423
11.3333,0.00738273
11.35,0.00730205
11.3667,0.00722218
11.3833,0.00714313
11.4,0.00706488
11.4167,0.00698743
11.4333,0.00691076
11.45,0.00683488
11.4667,0.00675977
11.4833,0.00668543
11.5,0.00661185
11.5167,0.00653902
11.5333,0.00646694
11.55,0.0063956
11.5667,0.00632499
11.5833,0.00625511
11.6,0.00618595
11.6167,0.0061175
11.6333,0.00604976
11.65,0.00598272
11.6667,0.00591637
11.6833,0.00585071
11.7,0.00578573
11.7167,0.00572143
11.7333,0.00565779
11.75,0.00559482
11.7667,0.0055325
11.7833,0.00547083
11.8,0.0054098
11.8167,0.00534942
11.8333,0.00528966
11.85,0.00523053
11.8667,0.00517202
11.8833,0.00511413
11.9,0.00505684
11.9167,0.00500016
11.9333,0.00494407
11.95,0.00488858
11.9667,0.00483367
11.9833,0.00477934
12,0.00472559
12.0167,0.0046724
12.0333,0.00461978
12.05,0.00456771
12.0667,0.0045162
12.0833,0.00446524
12.1,0.00441482
12.1167,0.00436494
12.1333,0.00431559
12.15,0.00426676
12.1667,0.00421846
12.1833,0.00417067
12.2,0.0041234
12.2167,0.00407663
12.2333,0.00403037
12.25,0.0039846
12.2667,0.00393932
12.2833,0.00389453
12.3,0.00385022
12.3167,0.00380639
12.3333,0.00376303
12.35,0.00372014
12.3667,0.00367772
12.3833,0.00363575
12.4,0.00359424
12.4167,0.00355317
12.4333,0.00351256
12.45,0.00347238
12.4667,0.00343264
12.4833,0.00339333
12.5,0.00335445
12.5167,0.00331599
12.5333,0.00327795
12.55,0.00324033
12.5667,0.00320311
12.5833,0.00316631
12.6,0.0031299
12.6167,0.00309389
12.6333,0.00305828
12.65,0.00302306
12.6667,0.00298822
12.6833,0.00295377
12.7,0.00291969
12.7167,0.00288599
12.7333,0.00285266
12.75,0.0028197
12.7667,0.0027871
12.7833,0.00275485
12.8,0.00272297
12.8167,0.00269143
12.8333,0.00266025
12.85,0.0026294
12.8667,0.0025989
12.8833,0.00256874
12.9,0.00253891
12.9167,0.00250941
12.9333,0.00248023
12.95,0.00245138
12.9667,0.00242286
12.9833,0.00239464
13,0.00236674
13.0167,0.00233915
13.0333,0.00231187
13.05,0.00228489
13.0667,0.00225822
13.0833,0.00223183
13.1,0.00220575
13.1167,0.00217995
13.1333,0.00215444
13.15,0.00212922
13.1667,0.00210428
13.1833,0.00207962
13.2,0.00205523
13.2167,0.00203112
13.2333,0.00200728
13.25,0.0019837
13.2667,0.00196039
13.2833,0.00193734
13.3,0.00191455
13.3167,0.00189201
13.3333,0.00186973
13.35,0.0018477
13.3667,0.00182592
13.3833,0.00180438
13.4,0.00178309
13.4167,0.00176203
13.4333,0.00174122
13.45,0.00172064
13.4667,0.00170029
13.4833,0.00168017
13.5,0.00166028
13.5167,0.00164061
13.5333,0.00162117
13.55,0.00160194
13.5667,0.00158294
13.5833,0.00156415
13.6,0.00154557
13.6167,0.00152721
13.6333,0.00150905
13.65,0.0014911
13.6667,0.00147336
13.6833,0.00145581
13.7,0.00143847
13.7167,0.00142133
13.7333,0.00140438
13.75,0.00138762
13.7667,0.00137106
13.7833,0.00135468
13.8,0.00133849
13.8167,0.00132249
13.8333,0.00130667
13.85,0.00129103
13.8667,0.00127558
13.8833,0.0012603
13.9,0.00124519
13.9167,0.00123026
13.9333,0.0012155
13.95,0.00120091
13.9667,0.00118649
13.9833,0.00117223
14,0.00115814
14.0167,0.00114422
14.0333,0.00113045
14.05,0.00111684
14.0667,0.00110339
14.0833,0.0010901
14.1,0.00107696
14.1167,0.00106397
14.1333,0.00105113
14.15,0.00103844
14.1667,0.0010259
14.1833,0.0010135
14.2,0.00100125
14.2167,0.000989145
14.2333,0.000977178
14.25,0.00096535
14.2667,0.00095366
14.2833,0.000942107
14.3,0.000930688
14.3167,0.000919403
14.3333,0.00090825
14.35,0.000897228
14.3667,0.000886334
14.3833,0.000875568
14.4,0.000864929
14.4167,0.000854414
14.4333,0.000844023
14.45,0.000833754
14.4667,0.000823606
14.4833,0.000813577
14.5,0.000803666
14.5167,0.000793871
14.5333,0.000784193
14.55,0.000774628
14.5667,0.000765176
14.5833,0.000755836
14.6,0.000746606
14.6167,0.000737485
14.6333,0.000728472
14.65,0.000719566
14.6667,0.000710765
14.6833,0.000702068
14.7,0.000693475
14.7167,0.000684983
14.7333,0.000676592
14.75,0.000668301
14.7667,0.000660108
14.7833,0.000652013
14.8,0.000644014
14.8167,0.00063611
14.8333,0.0006283
14.85,0.000620583
14.8667,0.000612958
14.8833,0.000605424
14.9,0.00059798
14.9167,0.000590624
14.9333,0.000583357
14.95,0.000576176
14.9667,0.000569081
14.9833,0.00056207
15,0.000555144
15.0167,0.0005483
15.0333,0.000541538
15.05,0.000534858
15.0667,0.000528257
15.0833,0.000521735
15.1,0.000515292
15.1167,0.000508926
15.1333,0.000502636
15.15,0.000496421
15.1667,0.000490282
15.1833,0.000484216
15.2,0.000478223
15.2167,0.000472302
15.2333,0.000466452
15.25,0.000460672
15.2667,0.000454962
15.2833,0.000449321
15.3,0.000443748
15.3167,0.000438241
15.3333,0.000432802
15.35,0.000427427
15.3667,0.000422118
15.3833,0.000416872
15.4,0.00041169
15.4167,0.000406571
15.4333,0.000401513
15.45,0.000396517
15.4667,0.00039158
15.4833,0.000386704
15.5,0.000381886
15.5167,0.000377127
15.5333,0.000372425
15.55,0.00036778
15.5667,0.000363192
15.5833,0.000358659
15.6,0.000354181
15.6167,0.000349757
15.6333,0.000345387
15.65,0.00034107
15.6667,0.000336805
15.6833,0.000332593
15.7,0.000328431
15.7167,0.00032432
15.7333,0.000320259
15.75,0.000316247
15.7667,0.000312284
15.7833,0.000308369
15.8,0.000304502
15.8167,0.000300682
15.8333,0.000296908
15.85,0.000293181
15.8667,0.000289499
15.8833,0.000285862
15.9,0.000282269
15.9167,0.00027872
15.9333,0.000275214
15.95,0.000271752
15.9667,0.000268331
15.9833,0.000264953
16,0.000261615
16.0167,0.000258319
16.0333,0.000255063
16.05,0.000251847
16.0667,0.00024867
16.0833,0.000245532
16.1,0.000242433
16.1167,0.000239371
16.1333,0.000236348
16.15,0.000233361
16.1667,0.000230411
16.1833,0.000227497
16.2,0.000224619
16.2167,0.000221777
16.2333,0.00021897
16.25,0.000216197
16.2667,0.000213458
16.2833,0.000210753
16.3,0.000208081
16.3167,0.000205443
16.3333,0.000202837
16.35,0.000200263
16.3667,0.000197721
16.3833,0.00019521
16.4,0.000192731
16.4167,0.000190282
16.4333,0.000187863
16.45,0.000185474
16.4667,0.000183115
16.4833,0.000180786
16.5,0.000178485
16.5167,0.000176212
16.5333,0.000173968
16.55,0.000171752
16.5667,0.000169563
16.5833,0.000167402
16.6,0.000165267
16.6167,0.000163159
16.6333,0.000161077
16.65,0.000159022
16.6667,0.000156991
16.6833,0.000154986
16.7,0.000153006
16.7167,0.000151051
16.7333,0.00014912
16.75,0.000147214
16.7667,0.000145331
16.7833,0.000143472
16.8,0.000141635
16.8167,0.000139822
16.8333,0.000138032
16.85,0.000136264
16.8667,0.000134518
16.8833,0.000132794
16.9,0.000131092
16.9167,0.000129411
16.9333,0.000127751
16.95,0.000126112
16.9667,0.000124494
16.9833,0.000122896
17,0.000121318
17.0167,0.000119759
17.0333,0.000118221
17.05,0.000116702
17.0667,0.000115202
17.0833,0.00011372
17.1,0.000112258
17.1167,0.000110814
17.1333,0.000109388
17.15,0.00010798
17.1667,0.00010659
17.1833,0.000105217
17.2,0.000103862
17.2167,0.000102524
17.2333,0.000101202
17.25,9.98977e-05
17.2667,9.86096e-05
17.2833,9.73378e-05
17.3,9.60821e-05
17.3167,9.48423e-05
17.3333,9.36181e-05
17.35,9.24094e-05
17.3667,9.12161e-05
17.3833,9.00378e-05
17.4,8.88745e-05
17.4167,8.77259e-05
17.4333,8.65919e-05
17.45,8.54723e-05
17.4667,8.43668e-05
17.4833,8.32754e-05
17.5,8.21978e-05
17.5167,8.11339e-05
17.5333,8.00835e-05
17.55,7.90464e-05
17.5667,7.80225e-05
17.5833,7.70116e-05
17.6,7.60135e-05
17.6167,7.50282e-05
17.6333,7.40553e-05
17.65,7.30948e-05
17.6667,7.21465e-05
17.6833,7.12103e-05
17.7,7.0286e-05
17.7167,6.93735e-05
17.7333,6.84725e-05
17.75,6.75831e-05
17.7667,6.67049e-05
17.7833,6.5838e-05
17.8,6.49821e-05
17.8167,6.41371e-05
17.8333,6.33028e-05
17.85,6.24792e-05
17.8667,6.16661e-05
17.8833,6.08634e-05
17.9,6.00708e-05
17.9167,5.92885e-05
17.9333,5.8516e-05
17.95,5.77535e-05
17.9667,5.70007e-05
17.9833,5.62575e-05
18,5.55237e-05
18.0167,5.47994e-05
18.0333,5.40843e-05
18.05,5.33784e-05
18.0667,5.26814e-05
18.0833,5.19934e-05
18.1,5.13142e-05
18.1167,5.06437e-05
18.1333,4.99817e-05
18.15,4.93283e-05
18.1667,4.86832e-05
18.1833,4.80463e-05
18.2,4.74176e-05
18.2167,4.6797e-05
18.2333,4.61843e-05
18.25,4.55795e-05
18.2667,4.49825e-05
18.2833,4.43931e-05
18.3,4.38112e-05
18.3167,4.32369e-05
18.3333,4.26699e-05
18.35,4.21101e-05
18.3667,4.15576e-05
18.3833,4.10122e-05
18.4,4.04738e-05
18.4167,3.99423e-05
18.4333,3.94176e-05
18.45,3.88997e-05
18.4667,3.83885e-05
18.4833,3.78839e-05
18.5,3.73857e-05
18.5167,3.6894e-05
18.5333,3.64086e-05
18.55,3.59295e-05
18.5667,3.54565e-05
18.5833,3.49897e-05
18.6,3.45288e-05
18.6167,3.4074e-05
18.6333,3.3625e-05
18.65,3.31818e-05
18.6667,3.27443e-05
18.6833,3.23125e-05
18.7,3.18863e-05
18.7167,3.14656e-05
18.7333,3.10503e-05
18.75,3.06404e-05
18.7667,3.02359e-05
18.7833,2.98365e-05
18.8,2.94424e-05
18.8167,2.90533e-05
18.8333,2.86693e-05
18.85,2.82903e-05
18.8667,2.79163e-05
18.8833,2.7547e-05
18.9,2.71826e-05
18.9167,2.68229e-05
18.9333,2.64679e-05
18.95,2.61175e-05
18.9667,2.57717e-05
18.9833,2.54303e-05
19,2.50934e-05
19.0167,2.47609e-05
19.0333,2.44328e-05
19.05,2.41089e-05
19.0667,2.37892e-05
19.0833,2.34737e-05
19.1,2.31623e-05
19.1167,2.2855e-05
19.1333,2.25517e-05
19.15,2.22524e-05
19.1667,2.1957e-05
19.1833,2.16654e-05
19.2,2.13776e-05
19.2167,2.10937e-05
19.2333,2.08134e-05
19.25,2.05368e-05
19.2667,2.02638e-05
19.2833,1.99944e-05
19.3,1.97285e-05
19.3167,1.94661e-05
19.3333,1.92072e-05
19.35,1.89516e-05
19.3667,1.86994e-05
19.3833,1.84505e-05
19.4,1.82049e-05
19.4167,1.79625e-05
19.4333,1.77232e-05
19.45,1.74871e-05
19.4667,1.72542e-05
19.4833,1.70242e-05
19.5,1.67973e-05
19.5167,1.65734e-05
19.5333,1.63524e-05
19.55,1.61344e-05
19.5667,1.59192e-05
19.5833,1.57068e-05
19.6,1.54972e-05
19.6167,1.52904e-05
19.6333,1.50863e-05
19.65,1.48849e-05
19.6667,1.46862e-05
19.6833,1.449e-05
19.7,1.42965e-05
19.7167,1.41055e-05
19.7333,1.3917e-05
19.75,1.3731e-05
19.7667,1.35475e-05
19.7833,1.33664e-05
19.8,1.31876e-05
19.8167,1.30112e-05
19.8333,1.28372e-05
19.85,1.26654e-05
19.8667,1.24959e-05
19.8833,1.23287e-05
19.9,1.21636e-05
19.9167,1.20008e-05
19.9333,1.18401e-05
19.95,1.16815e-05
19.9667,1.1525e-05
19.9833,1.13705e-05
20,1.12181e-05
20.0167,1.10678e-05
20.0333,1.09194e-05
20.05,1.07729e-05
20.0667,1.06285e-05
20.0833,1.04859e-05
20.1,1.03452e-05
20.1167,1.02063e-05
20.1333,1.00693e-05
20.15,9.93414e-06
20.1667,9.80073e-06
20.1833,9.66909e-06
20.2,9.5392e-06
20.2167,9.41102e-06
20.2333,9.28454e-06
20.25,9.15973e-06
20.2667,9.03658e-06
20.2833,8.91505e-06
20.3,8.79514e-06
20.3167,8.67681e-06
20.3333,8.56005e-06
20.35,8.44484e-06
20.3667,8.33115e-06
20.3833,8.21897e-06
20.4,8.10828e-06
20.4167,7.99906e-06
20.4333,7.89128e-06
20.45,7.78493e-06
20.4667,7.67999e-06
20.4833,7.57645e-06
20.5,7.47428e-06
20.5167,7.37346e-06
20.5333,7.27399e-06
20.55,7.17583e-06
20.5667,7.07898e-06
20.5833,6.98341e-06
20.6,6.88912e-06
20.6167,6.79607e-06
20.6333,6.70427e-06
20.65,6.61368e-06
20.6667,6.5243e-06
20.6833,6.4361e-06
20.7,6.34908e-06
20.7167,6.26322e-06
20.7333,6.1785e-06
20.75,6.09491e-06
20.7667,6.01243e-06
20.7833,5.93105e-06
20.8,5.85076e-06
20.8167,5.77153e-06
20.8333,5.69336e-06
20.85,5.61623e-06
20.8667,5.54014e-06
20.8833,5.46505e-06
20.9,5.39097e-06
20.9167,5.31788e-06
20.9333,5.24576e-06
20.95,5.17461e-06
20.9667,5.10441e-06
20.9833,5.03514e-06
21,4.9668e-06
21.0167,4.89938e-06
21.0333,4.83286e-06
21.05,4.76723e-06
21.0667,4.70247e-06
21.0833,4.63858e-06
21.1,4.57555e-06
21.1167,4.51337e-06
21.1333,4.45201e-06
21.15,4.39148e-06
21.1667,4.33176e-06
21.1833,4.27285e-06
21.2,4.21472e-06
21.2167,4.15737e-06
21.2333,4.10079e-06
21.25,4.04498e-06
21.2667,3.98991e-06
21.2833,3.93558e-06
21.3,3.88198e-06
21.3167,3.82911e-06
21.3333,3.77694e-06
21.35,3.72548e-06
21.3667,3.67471e-06
21.3833,3.62462e-06
21.4,3.57521e-06
21.4167,3.52646e-06
21.4333,3.47837e-06
21.45,3.43093e-06
21.4667,3.38413e-06
21.4833,3.33795e-06
21.5,3.29241e-06
21.5167,3.24747e-06
21.5333,3.20314e-06
21.55,3.15942e-06
21.5667,3.11628e-06
21.5833,3.07372e-06
21.6,3.03174e-06
21.6167,2.99033e-06
21.6333,2.94947e-06
21.65,2.90917e-06
21.6667,2.86941e-06
21.6833,2.8302e-06
21.7,2.79151e-06
21.7167,2.75334e-06
21.7333,2.71569e-06
21.75,2.67856e-06
21.7667,2.64192e-06
21.7833,2.60578e-06
21.8,2.57013e-06
21.8167,2.53496e-06
21.8333,2.50027e-06
21.85,2.46605e-06
21.8667,2.4323e-06
21.8833,2.399e-06
21.9,2.36615e-06
21.9167,2.33375e-06
21.9333,2.30179e-06
21.95,2.27026e-06
21.9667,2.23916e-06
21.9833,2.20848e-06
22,2.17821e-06
22.0167,2.14836e-06
22.0333,2.11891e-06
22.05,2.08987e-06
22.0667,2.06121e-06
22.0833,2.03295e-06
22.1,2.00507e-06
22.1167,1.97757e-06
22.1333,1.95044e-06
22.15,1.92368e-06
22.1667,1.89729e-06
22.1833,1.87125e-06
22.2,1.84556e-06
22.2167,1.82023e-06
22.2333,1.79524e-06
22.25,1.77059e-06
22.2667,1.74627e-06
22.2833,1.72229e-06
22.3,1.69863e-06
22.3167,1.67529e-06
22.3333,1.65227e-06
22.35,1.62956e-06
22.3667,1.60716e-06
22.3833,1.58507e-06
22.4,1.56328e-06
22.4167,1.54178e-06
22.4333,1.52057e-06
22.45,1.49966e-06
22.4667,1.47902e-06
22.4833,1.45867e-06
22.5,1.4386e-06
22.5167,1.4188e-06
22.5333,1.39926e-06
22.55,1.38e-06
22.5667,1.36099e-06
22.5833,1.34225e-06
22.6,1.32376e-06
22.6167,1.30552e-06
22.6333,1.28753e-06
22.65,1.26978e-06
22.6667,1.25228e-06
22.6833,1.23501e-06
22.7,1.21798e-06
22.7167,1.20118e-06
22.7333,1.18461e-06
22.75,1.16827e-06
22.7667,1.15215e-06
22.7833,1.13625e-06
22.8,1.12056e-06
22.8167,1.10509e-06
22.8333,1.08983e-06
22.85,1.07478e-06
22.8667,1.05993e-06
22.8833,1.04528e-06
22.9,1.03084e-06
22.9167,1.01659e-06
22.9333,1.00254e-06
22.95,9.88675e-07
22.9667,9.75003e-07
22.9833,9.61517e-07
23,9.48215e-07
23.0167,9.35094e-07
23.0333,9.22153e-07
23.05,9.09389e-07
23.0667,8.96799e-07
23.0833,8.84381e-07
23.1,8.72133e-07
23.1167,8.60052e-07
23.1333,8.48137e-07
23.15,8.36384e-07
23.1667,8.24793e-07
23.1833,8.13359e-07
23.2,8.02083e-07
23.2167,7.90961e-07
23.2333,7.79991e-07
23.25,7.69171e-07
23.2667,7.585e-07
23.2833,7.47974e-07
23.3,7.37593e-07
23.3167,7.27355e-07
23.3333,7.17257e-07
23.35,7.07297e-07
23.3667,6.97474e-07
23.3833,6.87786e-07
23.4,6.78231e-07
23.4167,6.68807e-07
23.4333,6.59513e-07
23.45,6.50346e-07
23.4667,6.41305e-07
23.4833,6.32389e-07
23.5,6.23595e-07
23.5167,6.14922e-07
23.5333,6.06369e-07
23.55,5.97933e-07
23.5667,5.89614e-07
23.5833,5.81409e-07
23.6,5.73317e-07
23.6167,5.65336e-07
23.6333,5.57466e-07
23.65,5.49704e-07
23.6667,5.42049e-07
23.6833,5.34499e-07
23.7,5.27054e-07
23.7167,5.19712e-07
23.7333,5.12471e-07
23.75,5.05329e-07
23.7667,4.98287e-07
23.7833,4.91342e-07
23.8,4.84493e-07
23.8167,4.77738e-07
23.8333,4.71077e-07
23.85,4.64508e-07
23.8667,4.5803e-07
23.8833,4.51641e-07
23.9,4.45341e-07
23.9167,4.39128e-07
23.9333,4.33001e-07
23.95,4.26959e-07
23.9667,4.21e-07
23.9833,4.15124e-07
24,4.0933e-07
24.0167,4.03615e-07
24.0333,3.9798e-07
24.05,3.92423e-07
24.0667,3.86943e-07
24.0833,3.81539e-07
24.1,3.7621e-07
24.1167,3.70955e-07
24.1333,3.65773e-07
24.15,3.60663e-07
24.1667,3.55623e-07
24.1833,3.50654e-07
24.2,3.45753e-07
24.2167,3.40921e-07
24.2333,3.36155e-07
24.25,3.31456e-07
24.2667,3.26822e-07
24.2833,3.22253e-07
24.3,3.17746e-07
24.3167,3.13303e-07
24.3333,3.08921e-07
24.35,3.046e-07
24.3667,3.00339e-07
24.3833,2.96137e-07
24.4,2.91994e-07
24.4167,2.87908e-07
24.4333,2.83879e-07
24.45,2.79906e-07
24.4667,2.75988e-07
24.4833,2.72125e-07
24.5,2.68315e-07
24.5167,2.64558e-07
24.5333,2.60853e-07
24.55,2.572e-07
24.5667,2.53598e-07
24.5833,2.50046e-07
24.6,2.46543e-07
24.6167,2.43089e-07
24.6333,2.39683e-07
24.65,2.36324e-07
24.6667,2.33012e-07
24.6833,2.29745e-07
24.7,2.26525e-07
24.7167,2.23349e-07
24.7333,2.20217e-07
24.75,2.17129e-07
24.7667,2.14084e-07
24.7833,2.11081e-07
24.8,2.08119e-07
24.8167,2.05199e-07
24.8333,2.0232e-07
24.85,1.9948e-07
24.8667,1.9668e-07
24.8833,1.93919e-07
24.9,1.91197e-07
24.9167,1.88512e-07
24.9333,1.85865e-07
24.95,1.83254e-07
24.9667,1.8068e-07
24.9833,1.78141e-07
25,1.75638e-07
25.0167,1.73169e-07
25.0333,1.70735e-07
25.05,1.68335e-07
25.0667,1.65968e-07
25.0833,1.63634e-07
25.1,1.61333e-07
25.1167,1.59064e-07
25.1333,1.56826e-07
25.15,1.54619e-07
25.1667,1.52443e-07
25.1833,1.50298e-07
25.2,1.48182e-07
25.2167,1.46096e-07
25.2333,1.44038e-07
25.25,1.4201e-07
25.2667,1.40009e-07
25.2833,1.38037e-07
25.3,1.36092e-07
25.3167,1.34174e-07
25.3333,1.32283e-07
25.35,1.30418e-07
25.3667,1.28579e-07
25.3833,1.26766e-07
25.4,1.24978e-07
25.4167,1.23215e-07
25.4333,1.21477e-07
25.45,1.19762e-07
25.4667,1.18072e-07
25.4833,1.16406e-07
25.5,1.14762e-07
25.5167,1.13142e-07
25.5333,1.11544e-07
25.55,1.09969e-07
25.5667,1.08415e-07
25.5833,1.06884e-07
25.6,1.05373e-07
25.6167,1.03884e-07
25.6333,1.02416e-07
25.65,1.00968e-07
25.6667,9.95405e-08
25.6833,9.81329e-08
25.7,9.67451e-08
25.7167,9.53767e-08
25.7333,9.40274e-08
25.75,9.26971e-08
25.7667,9.13854e-08
25.7833,9.00921e-08
25.8,8.88169e-08
25.8167,8.75596e-08
25.8333,8.632e-08
25.85,8.50978e-08
25.8667,8.38927e-08
25.8833,8.27045e-08
25.9,8.1533e-08
25.9167,8.0378e-08
25.9333,7.92392e-08
25.95,7.81164e-08
25.9667,7.70094e-08
25.9833,7.5918e-08
26,7.48419e-08
26.0167,7.3781e-08
26.0333,7.2735e-08
26.05,7.17037e-08
26.0667,7.06869e-08
26.0833,6.96844e-08
26.1,6.86961e-08
26.1167,6.77217e-08
26.1333,6.6761e-08
26.15,6.58139e-08
26.1667,6.48801e-08
26.1833,6.39595e-08
26.2,6.30519e-08
26.2167,6.21571e-08
26.2333,6.12749e-08
26.25,6.04051e-08
26.2667,5.95476e-08
26.2833,5.87023e-08
26.3,5.78688e-08
26.3167,5.70472e-08
26.3333,5.62371e-08
26.35,5.54385e-08
26.3667,5.46512e-08
26.3833,5.3875e-08
26.4,5.31098e-08
26.4167,5.23553e-08
26.4333,5.16116e-08
26.45,5.08784e-08
26.4667,5.01555e-08
26.4833,4.94428e-08
26.5,4.87403e-08
26.5167,4.80476e-08
26.5333,4.73648e-08
26.55,4.66916e-08
26.5667,4.6028e-08
26.5833,4.53737e-08
26.6,4.47287e-08
26.6167,4.40929e-08
26.6333,4.3466e-08
26.65,4.2848e-08
26.6667,4.22387e-08
26.6833,4.16381e-08
26.7,4.10459e-08
26.7167,4.04622e-08
26.7333,3.98867e-08
26.75,3.93193e-08
26.7667,3.876e-08
26.7833,3.82086e-08
26.8,3.7665e-08
26.8167,3.71291e-08
26.8333,3.66008e-08
26.85,3.608e-08
26.8667,3.55665e-08
26.8833,3.50603e-08
26.9,3.45612e-08
26.9167,3.40693e-08
26.9333,3.35842e-08
26.95,3.31061e-08
26.9667,3.26347e-08
26.9833,3.217e-08
27,3.17119e-08
27.0167,3.12602e-08
27.0333,3.08149e-08
27.05,3.0376e-08
27.0667,2.99432e-08
27.0833,2.95166e-08
27.1,2.9096e-08
27.1167,2.86813e-08
27.1333,2.82726e-08
27.15,2.78696e-08
27.1667,2.74723e-08
27.1833,2.70806e-08
27.2,2.66945e-08
27.2167,2.63138e-08
27.2333,2.59385e-08
27.25,2.55685e-08
27.2667,2.52038e-08
27.2833,2.48442e-08
27.3,2.44897e-08
27.3167,2.41402e-08
27.3333,2.37957e-08
27.35,2.3456e-08
27.3667,2.31211e-08
27.3833,2.2791e-08
27.4,2.24656e-08
27.4167,2.21447e-08
27.4333,2.18284e-08
27.45,2.15166e-08
27.4667,2.12092e-08
27.4833,2.09061e-08
27.5,2.06073e-08
27.5167,2.03128e-08
27.5333,2.00224e-08
27.55,1.97361e-08
27.5667,1.94539e-08
27.5833,1.91757e-08
27.6,1.89014e-08
27.6167,1.8631e-08
27.6333,1.83644e-08
27.65,1.81016e-08
27.6667,1.78426e-08
27.6833,1.75872e-08
27.7,1.73354e-08
27.7167,1.70872e-08
27.7333,1.68425e-08
27.75,1.66013e-08
27.7667,1.63635e-08
27.7833,1.6129e-08
27.8,1.58979e-08
27.8167,1.56701e-08
27.8333,1.54455e-08
27.85,1.52241e-08
27.8667,1.50059e-08
27.8833,1.47907e-08
27.9,1.45786e-08
27.9167,1.43695e-08
27.9333,1.41634e-08
27.95,1.39602e-08
27.9667,1.37599e-08
27.9833,1.35624e-08
28,1.33678e-08
28.0167,1.31759e-08
28.0333,1.29868e-08
28.05,1.28003e-08
28.0667,1.26165e-08
28.0833,1.24353e-08
28.1,1.22567e-08
28.1167,1.20807e-08
28.1333,1.19071e-08
28.15,1.17361e-08
28.1667,1.15674e-08
28.1833,1.14012e-08
28.2,1.12373e-08
28.2167,1.10758e-08
28.2333,1.09166e-08
28.25,1.07597e-08
28.2667,1.0605e-08
28.2833,1.04525e-08
28.3,1.03022e-08
28.3167,1.0154e-08
28.3333,1.0008e-08
28.35,9.86401e-09
28.3667,9.72212e-09
28.3833,9.58225e-09
28.4,9.44439e-09
28.4167,9.30849e-09
28.4333,9.17455e-09
28.45,9.04252e-09
28.4667,8.91238e-09
28.4833,8.78411e-09
28.5,8.65767e-09
28.5167,8.53305e-09
28.5333,8.41021e-09
28.55,8.28913e-09
28.5667,8.16979e-09
28.5833,8.05216e-09
28.6,7.93622e-09
28.6167,7.82194e-09
28.6333,7.7093e-09
28.65,7.59828e-09
28.6667,7.48885e-09
28.6833,7.38099e-09
28.7,7.27468e-09
28.7167,7.16989e-09
28.7333,7.06661e-09
28.75,6.96482e-09
28.7667,6.86448e-09
28.7833,6.76559e-09
28.8,6.66812e-09
28.8167,6.57205e-09
28.8333,6.47735e-09
28.85,6.38402e-09
28.8667,6.29203e-09
28.8833,6.20137e-09
28.9,6.112e-09
28.9167,6.02392e-09
28.9333,5.9371e-09
28.95,5.85154e-09
28.9667,5.7672e-09
28.9833,5.68407e-09
29,5.60214e-09
29.0167,5.52139e-09
29.0333,5.44179e-09
29.05,5.36335e-09
29.0667,5.28602e-09
29.0833,5.20981e-09
29.1,5.1347e-09
29.1167,5.06066e-09
29.1333,4.98769e-09
29.15,4.91577e-09
29.1667,4.84487e-09
29.1833,4.775e-09
29.2,4.70613e-09
29.2167,4.63826e-09
29.2333,4.57135e-09
29.25,4.50541e-09
29.2667,4.44041e-09
29.2833,4.37635e-09
29.3,4.31321e-09
29.3167,4.25097e-09
29.3333,4.18963e-09
29.35,4.12917e-09
29.3667,4.06957e-09
29.3833,4.01084e-09
29.4,3.95294e-09
29.4167,3.89588e-09
29.4333,3.83963e-09
29.45,3.78419e-09
29.4667,3.72955e-09
29.4833,3.67569e-09
29.5,3.62261e-09
29.5167,3.57028e-09
29.5333,3.51871e-09
29.55,3.46788e-09
29.5667,3.41777e-09
29.5833,3.36839e-09
29.6,3.31971e-09
29.6167,3.27173e-09
29.6333,3.22444e-09
29.65,3.17783e-09
29.6667,3.13189e-09
29.6833,3.0866e-09
29.7,3.04197e-09
29.7167,2.99797e-09
29.7333,2.95461e-09
29.75,2.91187e-09
29.7667,2.86974e-09
29.7833,2.82821e-09
29.8,2.78728e-09
29.8167,2.74694e-09
29.8333,2.70718e-09
29.85,2.66798e-09
29.8667,2.62935e-09
29.8833,2.59128e-09
29.9,2.55375e-09
29.9167,2.51676e-09
29.9333,2.4803e-09
29.95,2.44436e-09
29.9667,2.40894e-09
29.9833,2.37402e-09
30,2.33961e-09
30.0167,2.3057e-09
30.0333,2.27226e-09
30.05,2.23931e-09
30.0667,2.20684e-09
30.0833,2.17483e-09
30.1,2.14328e-09
30.1167,2.11218e-09
30.1333,2.08153e-09
30.15,2.05132e-09
30.1667,2.02155e-09
30.1833,1.9922e-09
30.2,1.96328e-09
30.2167,1.93477e-09
30.2333,1.90667e-09
30.25,1.87898e-09
30.2667,1.85168e-09
30.2833,1.82478e-09
30.3,1.79827e-09
30.3167,1.77214e-09
30.3333,1.74638e-09
30.35,1.721e-09
30.3667,1.69598e-09
30.3833,1.67133e-09
30.4,1.64703e-09
30.4167,1.62308e-09
30.4333,1.59947e-09
30.45,1.57621e-09
30.4667,1.55328e-09
30.4833,1.53068e-09
30.5,1.50842e-09
30.5167,1.48647e-09
30.5333,1.46484e-09
30.55,1.44352e-09
30.5667,1.42251e-09
30.5833,1.40181e-09
30.6,1.3814e-09
30.6167,1.36129e-09
30.6333,1.34147e-09
30.65,1.32194e-09
30.6667,1.30269e-09
30.6833,1.28372e-09
30.7,1.26503e-09
30.7167,1.24661e-09
30.7333,1.22845e-09
30.75,1.21056e-09
30.7667,1.19292e-09
30.7833,1.17555e-09
30.8,1.15842e-09
30.8167,1.14155e-09
30.8333,1.12491e-09
30.85,1.10852e-09
30.8667,1.09237e-09
30.8833,1.07646e-09
30.9,1.06077e-09
30.9167,1.04531e-09
30.9333,1.03008e-09
30.95,1.01507e-09
30.9667,1.00028e-09
30.9833,9.85699e-10
31,9.71333e-10
31.0167,9.57177e-10
31.0333,9.43226e-10
31.05,9.29479e-10
31.0667,9.15931e-10
31.0833,9.02581e-10
31.1,8.89425e-10
31.1167,8.7646e-10
31.1333,8.63685e-10
31.15,8.51095e-10
31.1667,8.38689e-10
31.1833,8.26463e-10
31.2,8.14415e-10
31.2167,8.02543e-10
31.2333,7.90843e-10
31.25,7.79314e-10
31.2667,7.67953e-10
31.2833,7.56757e-10
31.3,7.45725e-10
31.3167,7.34852e-10
31.3333,7.24139e-10
31.35,7.13581e-10
31.3667,7.03177e-10
31.3833,6.92924e-10
31.4,6.82821e-10
31.4167,6.72864e-10
31.4333,6.63053e-10
31.45,6.53384e-10
31.4667,6.43856e-10
31.4833,6.34467e-10
31.5,6.25215e-10
31.5167,6.16096e-10
31.5333,6.07111e-10
31.55,5.98256e-10
31.5667,5.8953e-10
31.5833,5.80931e-10
31.6,5.72457e-10
31.6167,5.64106e-10
31.6333,5.55877e-10
31.65,5.47767e-10
31.6667,5.39775e-10
31.6833,5.31899e-10
31.7,5.24138e-10
31.7167,5.16489e-10
31.7333,5.08952e-10
31.75,5.01524e-10
31.7667,4.94204e-10
31.7833,4.8699e-10
31.8,4.79881e-10
31.8167,4.72875e-10
31.8333,4.65971e-10
31.85,4.59167e-10
31.8667,4.52461e-10
31.8833,4.45853e-10
31.9,4.39341e-10
31.9167,4.32924e-10
31.9333,4.26599e-10
31.95,4.20367e-10
31.9667,4.14225e-10
31.9833,4.08171e-10
32,4.02206e-10
32.0167,3.96327e-10
32.0333,3.90534e-10
32.05,3.84824e-10
32.0667,3.79198e-10
32.0833,3.73652e-10
32.1,3.68188e-10
32.1167,3.62802e-10
32.1333,3.57495e-10
32.15,3.52265e-10
32.1667,3.4711e-10
32.1833,3.42031e-10
32.2,3.37025e-10
32.2167,3.32091e-10
32.2333,3.27229e-10
32.25,3.22438e-10
32.2667,3.17716e-10
32.2833,3.13063e-10
32.3,3.08477e-10
32.3167,3.03958e-10
32.3333,2.99505e-10
32.35,2.95116e-10
32.3667,2.9079e-10
32.3833,2.86528e-10
32.4,2.82328e-10
32.4167,2.78188e-10
32.4333,2.74109e-10
32.45,2.70089e-10
32.4667,2.66127e-10
32.4833,2.62223e-10
32.5,2.58376e-10
32.5167,2.54585e-10
32.5333,2.50848e-10
32.55,2.47167e-10
32.5667,2.43538e-10
32.5833,2.39963e-10
32.6,2.3644e-10
32.6167,2.32968e-10
32.6333,2.29546e-10
32.65,2.26174e-10
32.6667,2.22852e-10
32.6833,2.19578e-10
32.7,2.16352e-10
32.7167,2.13173e-10
32.7333,2.1004e-10
32.75,2.06953e-10
32.7667,2.03911e-10
32.7833,2.00913e-10
32.8,1.97959e-10
32.8167,1.95049e-10
32.8333,1.92181e-10
32.85,1.89354e-10
32.8667,1.8657e-10
32.8833,1.83826e-10
32.9,1.81122e-10
32.9167,1.78457e-10
32.9333,1.75832e-10
32.95,1.73245e-10
32.9667,1.70696e-10
32.9833,1.68185e-10
33,1.6571e-10
33.0167,1.63271e-10
33.0333,1.60868e-10
33.05,1.58501e-10
33.0667,1.56168e-10
33.0833,1.5387e-10
33.1,1.51605e-10
33.1167,1.49373e-10
33.1333,1.47175e-10
33.15,1.45008e-10
33.1667,1.42874e-10
33.1833,1.4077e-10
33.2,1.38698e-10
33.2167,1.36656e-10
33.2333,1.34644e-10
33.25,1.32662e-10
33.2667,1.30709e-10
33.2833,1.28785e-10
33.3,1.26889e-10
33.3167,1.25021e-10
33.3333,1.2318e-10
33.35,1.21366e-10
33.3667,1.1958e-10
33.3833,1.17819e-10
33.4,1.16085e-10
33.4167,1.14375e-10
33.4333,1.12692e-10
33.45,1.11033e-10
33.4667,1.09398e-10
33.4833,1.07787e-10
33.5,1.062e-10
33.5167,1.04637e-10
33.5333,1.03097e-10
33.55,1.01579e-10
33.5667,1.00083e-10
33.5833,9.861e-11
33.6,9.71583e-11
33.6167,9.5728e-11
33.6333,9.43188e-11
33.65,9.29303e-11
33.6667,9.15623e-11
33.6833,9.02144e-11
33.7,8.88863e-11
33.7167,8.75778e-11
33.7333,8.62885e-11
33.75,8.50183e-11
33.7667,8.37667e-11
33.7833,8.25335e-11
33.8,8.13185e-11
33.8167,8.01214e-11
33.8333,7.89418e-11
33.85,7.77796e-11
33.8667,7.66345e-11
33.8833,7.55062e-11
33.9,7.43945e-11
33.9167,7.32991e-11
33.9333,7.22199e-11
33.95,7.11565e-11
33.9667,7.01087e-11
33.9833,6.90763e-11
34,6.8059e-11
34.0167,6.70567e-11
34.0333,6.60691e-11
34.05,6.5096e-11
34.0667,6.41371e-11
34.0833,6.31924e-11
34.1,6.22615e-11
34.1167,6.13442e-11
34.1333,6.04404e-11
34.15,5.95499e-11
34.1667,5.86724e-11
34.1833,5.78077e-11
34.2,5.69557e-11
34.2167,5.61163e-11
34.2333,5.52891e-11
34.25,5.4474e-11
34.2667,5.36709e-11
34.2833,5.28795e-11
34.3,5.20997e-11
34.3167,5.13314e-11
34.3333,5.05742e-11
34.35,4.98282e-11
34.3667,4.90931e-11
34.3833,4.83688e-11
34.4,4.7655e-11
34.4167,4.69517e-11
34.4333,4.62587e-11
34.45,4.55759e-11
34.4667,4.4903e-11
34.4833,4.424e-11
34.5,4.35867e-11
34.5167,4.29429e-11
34.5333,4.23086e-11
34.55,4.16836e-11
34.5667,4.10677e-11
34.5833,4.04608e-11
34.6,3.98628e-11
34.6167,3.92736e-11
34.6333,3.86929e-11
34.65,3.81208e-11
34.6667,3.75571e-11
34.6833,3.70016e-11
34.7,3.64543e-11
34.7167,3.5915e-11
34.7333,3.53836e-11
34.75,3.486e-11
34.7667,3.4344e-11
34.7833,3.38356e-11
34.8,3.33347e-11
34.8167,3.28412e-11
34.8333,3.23548e-11
34.85,3.18756e-11
34.8667,3.14035e-11
34.8833,3.09382e-11
34.9,3.04799e-11
34.9167,3.00282e-11
34.9333,2.95832e-11
34.95,2.91447e-11
34.9667,2.87127e-11
34.9833,2.8287e-11
35,2.78676e-11
35.0167,2.74543e-11
35.0333,2.70472e-11
35.05,2.6646e-11
35.0667,2.62508e-11
35.0833,2.58614e-11
35.1,2.54777e-11
35.1167,2.50997e-11
35.1333,2.47272e-11
35.15,2.43602e-11
35.1667,2.39987e-11
35.1833,2.36425e-11
35.2,2.32916e-11
35.2167,2.29458e-11
35.2333,2.26052e-11
35.25,2.22696e-11
35.2667,2.19389e-11
35.2833,2.16132e-11
35.3,2.12922e-11
35.3167,2.09761e-11
35.3333,2.06646e-11
35.35,2.03577e-11
35.3667,2.00553e-11
35.3833,1.97575e-11
35.4,1.9464e-11
35.4167,1.9175e-11
35.4333,1.88902e-11
35.45,1.86096e-11
35.4667,1.83332e-11
35.4833,1.80609e-11
35.5,1.77926e-11
35.5167,1.75283e-11
35.5333,1.72679e-11
35.55,1.70115e-11
35.5667,1.67588e-11
35.5833,1.65098e-11
35.6,1.62646e-11
35.6167,1.6023e-11
35.6333,1.57851e-11
35.65,1.55506e-11
35.6667,1.53196e-11
35.6833,1.50921e-11
35.7,1.4868e-11
35.7167,1.46472e-11
35.7333,1.44297e-11
35.75,1.42154e-11
35.7667,1.40043e-11
35.7833,1.37963e-11
35.8,1.35915e-11
35.8167,1.33896e-11
35.8333,1.31908e-11
35.85,1.2995e-11
35.8667,1.2802e-11
35.8833,1.2612e-11
35.9,1.24247e-11
35.9167,1.22403e-11
35.9333,1.20586e-11
35.95,1.18796e-11
35.9667,1.17032e-11
35.9833,1.15295e-11
36,1.13584e-11
36.0167,1.11898e-11
36.0333,1.10237e-11
36.05,1.08601e-11
36.0667,1.06989e-11
36.0833,1.05401e-11
36.1,1.03837e-11
36.1167,1.02296e-11
36.1333,1.00777e-11
36.15,9.92818e-12
36.1667,9.78083e-12
36.1833,9.63567e-12
36.2,9.49267e-12
36.2167,9.35179e-12
36.2333,9.21299e-12
36.25,9.07626e-12
36.2667,8.94155e-12
36.2833,8.80884e-12
36.3,8.67809e-12
36.3167,8.54928e-12
36.3333,8.42238e-12
36.35,8.29736e-12
36.3667,8.17419e-12
36.3833,8.05284e-12
36.4,7.93329e-12
36.4167,7.8155e-12
36.4333,7.69946e-12
36.45,7.58514e-12
36.4667,7.4725e-12
36.4833,7.36153e-12
36.5,7.2522e-12
36.5167,7.14449e-12
36.5333,7.03836e-12
36.55,6.93381e-12
36.5667,6.83079e-12
36.5833,6.7293e-12
36.6,6.62931e-12
36.6167,6.53079e-12
36.6333,6.43373e-12
36.65,6.33809e-12
36.6667,6.24387e-12
36.6833,6.15104e-12
36.7,6.05958e-12
36.7167,5.96947e-12
36.7333,5.88068e-12
36.75,5.79321e-12
36.7667,5.70703e-12
36.7833,5.62211e-12
36.8,5.53845e-12
36.8167,5.45602e-12
36.8333,5.37481e-12
36.85,5.29479e-12
36.8667,5.21596e-12
36.8833,5.13829e-12
36.9,5.06176e-12
36.9167,4.98636e-12
36.9333,4.91207e-12
36.95,4.83888e-12
36.9667,4.76677e-12
36.9833,4.69572e-12
37,4.62572e-12
37.0167,4.55675e-12
37.0333,4.4888e-12
37.05,4.42186e-12
37.0667,4.3559e-12
37.0833,4.29092e-12
37.1,4.22689e-12
37.1167,4.16381e-12
37.1333,4.10167e-12
37.15,4.04044e-12
37.1667,3.98012e-12
37.1833,3.92069e-12
37.2,3.86214e-12
37.2167,3.80445e-12
37.2333,3.74762e-12
37.25,3.69163e-12
37.2667,3.63647e-12
37.2833,3.58213e-12
37.3,3.52859e-12
37.3167,3.47585e-12
37.3333,3.42389e-12
37.35,3.3727e-12
37.3667,3.32227e-12
37.3833,3.27259e-12
37.4,3.22364e-12
37.4167,3.17542e-12
37.4333,3.12792e-12
37.45,3.08113e-12
37.4667,3.03503e-12
37.4833,2.98962e-12
37.5,2.94489e-12
37.5167,2.90082e-12
37.5333,2.85741e-12
37.55,2.81464e-12
37.5667,2.77251e-12
37.5833,2.73101e-12
37.6,2.69013e-12
37.6167,2.64986e-12
37.6333,2.61019e-12
37.65,2.57112e-12
37.6667,2.53262e-12
37.6833,2.49471e-12
37.7,2.45736e-12
37.7167,2.42056e-12
37.7333,2.38432e-12
37.75,2.34862e-12
37.7667,2.31346e-12
37.7833,2.27882e-12
37.8,2.2447e-12
37.8167,2.21109e-12
37.8333,2.17799e-12
37.85,2.14538e-12
37.8667,2.11326e-12
37.8833,2.08162e-12
37.9,2.05046e-12
37.9167,2.01976e-12
37.9333,1.98953e-12
37.95,1.95975e-12
37.9667,1.93041e-12
37.9833,1.90152e-12
38,1.87306e-12
38.0167,1.84503e-12
38.0333,1.81741e-12
38.05,1.79022e-12
38.0667,1.76343e-12
38.0833,1.73704e-12
38.1,1.71105e-12
38.1167,1.68545e-12
38.1333,1.66024e-12
38.15,1.6354e-12
38.1667,1.61094e-12
38.1833,1.58684e-12
38.2,1.56311e-12
38.2167,1.53973e-12
38.2333,1.5167e-12
38.25,1.49402e-12
38.2667,1.47168e-12
38.2833,1.44968e-12
38.3,1.428e-12
38.3167,1.40665e-12
38.3333,1.38562e-12
38.35,1.36491e-12
38.3667,1.34451e-12
38.3833,1.32441e-12
38.4,1.30461e-12
38.4167,1.28511e-12
38.4333,1.26591e-12
38.45,1.24699e-12
38.4667,1.22835e-12
38.4833,1.20999e-12
38.5,1.19191e-12
38.5167,1.1741e-12
38.5333,1.15655e-12
38.55,1.13927e-12
38.5667,1.12225e-12
38.5833,1.10548e-12
38.6,1.08896e-12
38.6167,1.07268e-12
38.6333,1.05665e-12
38.65,1.04086e-12
38.6667,1.02531e-12
38.6833,1.00998e-12
38.7,9.94889e-13
38.7167,9.8002e-13
38.7333,9.65372e-13
38.75,9.50942e-13
38.7667,9.36727e-13
38.7833,9.22724e-13
38.8,9.08929e-13
38.8167,8.9534e-13
38.8333,8.81953e-13
38.85,8.68765e-13
38.8667,8.55773e-13
38.8833,8.42974e-13
38.9,8.30365e-13
38.9167,8.17944e-13
38.9333,8.05707e-13
38.95,7.93652e-13
38.9667,7.81776e-13
38.9833,7.70077e-13
39,7.58551e-13
39.0167,7.47196e-13
39.0333,7.36009e-13
39.05,7.24989e-13
39.0667,7.14132e-13
39.0833,7.03436e-13
39.1,6.92899e-13
39.1167,6.82518e-13
39.1333,6.72291e-13
39.15,6.62216e-13
39.1667,6.5229e-13
39.1833,6.42511e-13
39.2,6.32878e-13
39.2167,6.23387e-13
39.2333,6.14037e-13
39.25,6.04826e-13
39.2667,5.95751e-13
39.2833,5.86811e-13
39.3,5.78004e-13
39.3167,5.69327e-13
39.3333,5.60779e-13
39.35,5.52358e-13
39.3667,5.44062e-13
39.3833,5.35889e-13
39.4,5.27838e-13
39.4167,5.19906e-13
39.4333,5.12092e-13
39.45,5.04394e-13
39.4667,4.96811e-13
39.4833,4.89341e-13
39.5,4.81981e-13
39.5167,4.74731e-13
39.5333,4.67589e-13
39.55,4.60554e-13
39.5667,4.53623e-13
39.5833,4.46796e-13
39.6,4.4007e-13
39.6167,4.33444e-13
39.6333,4.26918e-13
39.65,4.20489e-13
39.6667,4.14156e-13
39.6833,4.07917e-13
39.7,4.01772e-13
39.7167,3.95719e-13
39.7333,3.89756e-13
39.75,3.83882e-13
39.7667,3.78097e-13
39.7833,3.72398e-13
39.8,3.66784e-13
39.8167,3.61255e-13
39.8333,3.55809e-13
39.85,3.50444e-13
39.8667,3.4516e-13
39.8833,3.39955e-13
39.9,3.34828e-13
39.9167,3.29779e-13
39.9333,3.24805e-13
39.95,3.19907e-13
39.9667,3.15082e-13
39.9833,3.10329e-13
40,3.05649e-13
40.0167,3.01038e-13
40.0333,2.96498e-13
40.05,2.92025e-13
40.0667,2.87621e-13
40.0833,2.83282e-13
40.1,2.7901e-13
40.1167,2.74801e-13
40.1333,2.70657e-13
40.15,2.66575e-13
40.1667,2.62554e-13
40.1833,2.58595e-13
40.2,2.54695e-13
40.2167,2.50854e-13
40.2333,2.47072e-13
40.25,2.43347e-13
40.2667,2.39678e-13
40.2833,2.36064e-13
40.3,2.32506e-13
40.3167,2.29001e-13
40.3333,2.25549e-13
40.35,2.2215e-13
40.3667,2.18802e-13
40.3833,2.15505e-13
40.4,2.12258e-13
40.4167,2.0906e-13
40.4333,2.0591e-13
40.45,2.02809e-13
40.4667,1.99754e-13
40.4833,1.96745e-13
40.5,1.93782e-13
40.5167,1.90864e-13
40.5333,1.8799e-13
40.55,1.8516e-13
40.5667,1.82373e-13
40.5833,1.79627e-13
40.6,1.76924e-13
40.6167,1.74261e-13
40.6333,1.71639e-13
40.65,1.69056e-13
40.6667,1.66512e-13
40.6833,1.64007e-13
40.7,1.61539e-13
40.7167,1.59109e-13
40.7333,1.56716e-13
40.75,1.54359e-13
40.7667,1.52037e-13
40.7833,1.4975e-13
40.8,1.47498e-13
40.8167,1.4528e-13
40.8333,1.43095e-13
40.85,1.40944e-13
40.8667,1.38824e-13
40.8833,1.36737e-13
40.9,1.34681e-13
40.9167,1.32656e-13
40.9333,1.30661e-13
40.95,1.28696e-13
40.9667,1.26761e-13
40.9833,1.24855e-13
41,1.22978e-13
41.0167,1.21129e-13
41.0333,1.19307e-13
41.05,1.17513e-13
41.0667,1.15746e-13
41.0833,1.14005e-13
41.1,1.1229e-13
41.1167,1.10601e-13
41.1333,1.08938e-13
41.15,1.07299e-13
41.1667,1.05685e-13
41.1833,1.04094e-13
41.2,1.02528e-13
41.2167,1.00985e-13
41.2333,9.9465e-14
41.25,9.79678e-14
41.2667,9.64929e-14
41.2833,9.50401e-14
41.3,9.36089e-14
41.3167,9.21991e-14
41.3333,9.08103e-14
41.35,8.94422e-14
41.3667,8.80945e-14
41.3833,8.67669e-14
41.4,8.54591e-14
41.4167,8.41708e-14
41.4333,8.29016e-14
41.45,8.16514e-14
41.4667,8.04198e-14
41.4833,7.92066e-14
41.5,7.80114e-14
41.5167,7.68341e-14
41.5333,7.56743e-14
41.55,7.45317e-14
41.5667,7.34062e-14
41.5833,7.22974e-14
41.6,7.12052e-14
41.6167,7.01292e-14
41.6333,6.90693e-14
41.65,6.80252e-14
41.6667,6.69967e-14
41.6833,6.59834e-14
41.7,6.49853e-14
41.7167,6.40021e-14
41.7333,6.30336e-14
41.75,6.20795e-14
41.7667,6.11397e-14
41.7833,6.02139e-14
41.8,5.93019e-14
41.8167,5.84036e-14
41.8333,5.75187e-14
41.85,5.6647e-14
41.8667,5.57884e-14
41.8833,5.49426e-14
41.9,5.41095e-14
41.9167,5.32889e-14
41.9333,5.24806e-14
41.95,5.16844e-14
41.9667,5.09001e-14
41.9833,5.01277e-14
42,4.93668e-14
42.0167,4.86174e-14
42.0333,4.78792e-14
42.05,4.71522e-14
42.0667,4.64361e-14
42.0833,4.57307e-14
42.1,4.5036e-14
42.1167,4.43518e-14
42.1333,4.36779e-14
42.15,4.30142e-14
42.1667,4.23605e-14
42.1833,4.17166e-14
42.2,4.10825e-14
42.2167,4.0458e-14
42.2333,3.9843e-14
42.25,3.92373e-14
42.2667,3.86407e-14
42.2833,3.80532e-14
42.3,3.74746e-14
42.3167,3.69047e-14
42.3333,3.63435e-14
42.35,3.57909e-14
42.3667,3.52466e-14
42.3833,3.47106e-14
42.4,3.41828e-14
42.4167,3.3663e-14
42.4333,3.31511e-14
42.45,3.2647e-14
42.4667,3.21506e-14
42.4833,3.16617e-14
42.5,3.11803e-14
42.5167,3.07062e-14
42.5333,3.02394e-14
42.55,2.97797e-14
42.5667,2.9327e-14
42.5833,2.88812e-14
42.6,2.84422e-14
42.6167,2.80099e-14
42.6333,2.75842e-14
42.65,2.71651e-14
42.6667,2.67523e-14
42.6833,2.63458e-14
42.7,2.59456e-14
42.7167,2.55514e-14
42.7333,2.51633e-14
42.75,2.47811e-14
42.7667,2.44048e-14
42.7833,2.40342e-14
42.8,2.36693e-14
42.8167,2.33099e-14
42.8333,2.2956e-14
42.85,2.26076e-14
42.8667,2.22645e-14
42.8833,2.19266e-14
42.9,2.15938e-14
42.9167,2.12662e-14
42.9333,2.09435e-14
42.95,2.06258e-14
42.9667,2.03129e-14
42.9833,2.00048e-14
43,1.97013e-14
43.0167,1.94025e-14
43.0333,1.91083e-14
43.05,1.88185e-14
43.0667,1.85332e-14
43.0833,1.82522e-14
43.1,1.79754e-14
43.1167,1.77029e-14
43.1333,1.74345e-14
43.15,1.71702e-14
43.1667,1.69098e-14
43.1833,1.66535e-14
43.2,1.6401e-14
43.2167,1.61524e-14
43.2333,1.59075e-14
43.25,1.56663e-14
43.2667,1.54288e-14
43.2833,1.51949e-14
43.3,1.49645e-14
43.3167,1.47376e-14
43.3333,1.45141e-14
43.35,1.4294e-14
43.3667,1.40772e-14
43.3833,1.38637e-14
43.4,1.36534e-14
43.4167,1.34462e-14
43.4333,1.32422e-14
43.45,1.30412e-14
43.4667,1.28433e-14
43.4833,1.26484e-14
43.5,1.24563e-14
43.5167,1.22672e-14
43.5333,1.20809e-14
43.55,1.18974e-14
43.5667,1.17167e-14
43.5833,1.15386e-14
43.6,1.13633e-14
43.6167,1.11905e-14
43.6333,1.10204e-14
43.65,1.08527e-14
43.6667,1.06876e-14
43.6833,1.0525e-14
43.7,1.03648e-14
43.7167,1.0207e-14
43.7333,1.00516e-14
43.75,9.89848e-15
43.7667,9.74765e-15
43.7833,9.59908e-15
43.8,9.45274e-15
43.8167,9.30857e-15
43.8333,9.16657e-15
43.85,9.02668e-15
43.8667,8.88888e-15
43.8833,8.75315e-15
43.9,8.61944e-15
43.9167,8.48773e-15
43.9333,8.35799e-15
43.95,8.23019e-15
43.9667,8.1043e-15
43.9833,7.98029e-15
44,7.85814e-15
44.0167,7.73782e-15
44.0333,7.61929e-15
44.05,7.50254e-15
44.0667,7.38754e-15
44.0833,7.27426e-15
44.1,7.16268e-15
44.1167,7.05277e-15
44.1333,6.94451e-15
44.15,6.83787e-15
44.1667,6.73284e-15
44.1833,6.62938e-15
44.2,6.52747e-15
44.2167,6.4271e-15
44.2333,6.32824e-15
44.25,6.23086e-15
44.2667,6.13496e-15
44.2833,6.04049e-15
44.3,5.94745e-15
44.3167,5.85582e-15
44.3333,5.76557e-15
44.35,5.67668e-15
44.3667,5.58913e-15
44.3833,5.50291e-15
44.4,5.41799e-15
44.4167,5.33436e-15
44.4333,5.252e-15
44.45,5.17088e-15
44.4667,5.091e-15
44.4833,5.01233e-15
44.5,4.93485e-15
44.5167,4.85856e-15
44.5333,4.78342e-15
44.55,4.70943e-15
44.5667,4.63656e-15
44.5833,4.56481e-15
44.6,4.49415e-15
44.6167,4.42456e-15
44.6333,4.35604e-15
44.65,4.28857e-15
44.6667,4.22213e-15
44.6833,4.1567e-15
44.7,4.09228e-15
44.7167,4.02885e-15
44.7333,3.96638e-15
44.75,3.90487e-15
44.7667,3.84431e-15
44.7833,3.78468e-15
44.8,3.72596e-15
44.8167,3.66814e-15
44.8333,3.61121e-15
44.85,3.55516e-15
44.8667,3.49997e-15
44.8833,3.44563e-15
44.9,3.39212e-15
44.9167,3.33944e-15
44.9333,3.28757e-15
44.95,3.2365e-15
44.9667,3.18621e-15
44.9833,3.1367e-15
45,3.08795e-15
45.0167,3.03996e-15
45.0333,2.9927e-15
45.05,2.94617e-15
45.0667,2.90036e-15
45.0833,2.85526e-15
45.1,2.81085e-15
45.1167,2.76713e-15
45.1333,2.72408e-15
45.15,2.68169e-15
45.1667,2.63995e-15
45.1833,2.59886e-15
45.2,2.55841e-15
45.2167,2.51857e-15
45.2333,2.47935e-15
45.25,2.44073e-15
45.2667,2.40271e-15
45.2833,2.36527e-15
45.3,2.32841e-15
45.3167,2.29211e-15
45.3333,2.25638e-15
45.35,2.22119e-15
45.3667,2.18654e-15
45.3833,2.15242e-15
45.4,2.11883e-15
45.4167,2.08575e-15
45.4333,2.05318e-15
45.45,2.02111e-15
45.4667,1.98953e-15
45.4833,1.95843e-15
45.5,1.92781e-15
45.5167,1.89765e-15
45.5333,1.86796e-15
45.55,1.83872e-15
45.5667,1.80992e-15
45.5833,1.78156e-15
45.6,1.75364e-15
45.6167,1.72614e-15
45.6333,1.69906e-15
45.65,1.67239e-15
45.6667,1.64613e-15
45.6833,1.62026e-15
45.7,1.59479e-15
45.7167,1.5697e-15
45.7333,1.545e-15
45.75,1.52066e-15
45.7667,1.4967e-15
45.7833,1.4731e-15
45.8,1.44985e-15
45.8167,1.42696e-15
45.8333,1.40441e-15
45.85,1.38221e-15
45.8667,1.36033e-15
45.8833,1.33879e-15
45.9,1.31757e-15
45.9167,1.29667e-15
45.9333,1.27609e-15
45.95,1.25581e-15
45.9667,1.23585e-15
45.9833,1.21618e-15
46,1.1968e-15
46.0167,1.17772e-15
46.0333,1.15892e-15
46.05,1.14041e-15
46.0667,1.12217e-15
46.0833,1.10421e-15
46.1,1.08652e-15
46.1167,1.06909e-15
46.1333,1.05192e-15
46.15,1.03501e-15
46.1667,1.01836e-15
46.1833,1.00195e-15
46.2,9.85793e-16
46.2167,9.69875e-16
46.2333,9.54196e-16
46.25,9.38752e-16
46.2667,9.2354e-16
46.2833,9.08555e-16
46.3,8.93796e-16
46.3167,8.79257e-16
46.3333,8.64937e-16
46.35,8.50832e-16
46.3667,8.36939e-16
46.3833,8.23254e-16
46.4,8.09775e-16
46.4167,7.96498e-16
46.4333,7.83422e-16
46.45,7.70541e-16
46.4667,7.57855e-16
46.4833,7.4536e-16
46.5,7.33053e-16
46.5167,7.20932e-16
46.5333,7.08994e-16
46.55,6.97236e-16
46.5667,6.85656e-16
46.5833,6.74251e-16
46.6,6.63018e-16
46.6167,6.51956e-16
46.6333,6.41061e-16
46.65,6.30332e-16
46.6667,6.19765e-16
46.6833,6.09359e-16
46.7,5.99112e-16
46.7167,5.8902e-16
46.7333,5.79083e-16
46.75,5.69296e-16
46.7667,5.5966e-16
46.7833,5.5017e-16
46.8,5.40826e-16
46.8167,5.31625e-16
46.8333,5.22565e-16
46.85,5.13645e-16
46.8667,5.04861e-16
46.8833,4.96212e-16
46.9,4.87696e-16
46.9167,4.79312e-16
46.9333,4.71057e-16
46.95,4.6293e-16
46.9667,4.54928e-16
46.9833,4.4705e-16
47,4.39295e-16
47.0167,4.31659e-16
47.0333,4.24142e-16
47.05,4.16742e-16
47.0667,4.09457e-16
47.0833,4.02286e-16
47.1,3.95227e-16
47.1167,3.88277e-16
47.1333,3.81437e-16
47.15,3.74703e-16
47.1667,3.68075e-16
47.1833,3.61551e-16
47.2,3.55129e-16
47.2167,3.48808e-16
47.2333,3.42586e-16
47.25,3.36462e-16
47.2667,3.30435e-16
47.2833,3.24503e-16
47.3,3.18664e-16
47.3167,3.12918e-16
47.3333,3.07262e-16
47.35,3.01696e-16
47.3667,2.96218e-16
47.3833,2.90827e-16
47.4,2.85521e-16
47.4167,2.80299e-16
47.4333,2.75161e-16
47.45,2.70104e-16
47.4667,2.65127e-16
47.4833,2.6023e-16
47.5,2.5541e-16
47.5167,2.50668e-16
47.5333,2.46001e-16
47.55,2.41408e-16
47.5667,2.36888e-16
47.5833,2.32441e-16
47.6,2.28065e-16
47.6167,2.23758e-16
47.6333,2.19521e-16
47.65,2.15351e-16
47.6667,2.11248e-16
47.6833,2.0721e-16
47.7,2.03237e-16
47.7167,1.99327e-16
47.7333,1.9548e-16
47.75,1.91695e-16
47.7667,1.8797e-16
47.7833,1.84305e-16
47.8,1.80698e-16
47.8167,1.77149e-16
47.8333,1.73657e-16
47.85,1.70221e-16
47.8667,1.66839e-16
47.8833,1.63512e-16
47.9,1.60238e-16
47.9167,1.57016e-16
47.9333,1.53846e-16
47.95,1.50727e-16
47.9667,1.47657e-16
47.9833,1.44636e-16
48,1.41664e-16
48.0167,1.38739e-16
48.0333,1.35861e-16
48.05,1.33029e-16
48.0667,1.30242e-16
48.0833,1.27499e-16
48.1,1.248e-16
48.1167,1.22144e-16
48.1333,1.19531e-16
48.15,1.16959e-16
48.1667,1.14429e-16
48.1833,1.11939e-16
48.2,1.09488e-16
48.2167,1.07077e-16
48.2333,1.04704e-16
48.25,1.02369e-16
48.2667,1.00071e-16
48.2833,9.78106e-17
48.3,9.55859e-17
48.3167,9.33968e-17
48.3333,9.12429e-17
48.35,8.91236e-17
48.3667,8.70383e-17
48.3833,8.49866e-17
48.4,8.2968e-17
48.4167,8.0982e-17
48.4333,7.90282e-17
48.45,7.7106e-17
48.4667,7.52152e-17
48.4833,7.33551e-17
48.5,7.15255e-17
48.5167,6.9726e-17
48.5333,6.7956e-17
48.55,6.62153e-17
48.5667,6.45035e-17
48.5833,6.28203e-17
48.6,6.11652e-17
48.6167,5.9538e-17
48.6333,5.79383e-17
48.65,5.63659e-17
48.6667,5.48203e-17
48.6833,5.33014e-17
48.7,5.18089e-17
48.7167,5.03424e-17
48.7333,4.89017e-17
48.75,4.74866e-17
48.7667,4.60969e-17
48.7833,4.47322e-17
48.8,4.33923e-17
48.8167,4.20772e-17
48.8333,4.07864e-17
48.85,3.95199e-17
48.8667,3.82774e-17
48.8833,3.70588e-17
48.9,3.58639e-17
48.9167,3.46925e-17
48.9333,3.35444e-17
48.95,3.24195e-17
48.9667,3.13176e-17
48.9833,3.02385e-17
49,2.91822e-17
49.0167,2.81484e-17
49.0333,2.71371e-17
49.05,2.6148e-17
49.0667,2.5181e-17
49.0833,2.4236e-17
49.1,2.33128e-17
49.1167,2.24112e-17
49.1333,2.15312e-17
49.15,2.06725e-17
49.1667,1.98349e-17
49.1833,1.90184e-17
49.2,1.82227e-17
49.2167,1.74476e-17
49.2333,1.66929e-17
49.25,1.59585e-17
49.2667,1.52441e-17
49.2833,1.45495e-17
49.3,1.38745e-17
49.3167,1.32188e-17
49.3333,1.25822e-17
49.35,1.19645e-17
49.3667,1.13653e-17
49.3833,1.07844e-17
49.4,1.02216e-17
49.4167,9.67651e-18
49.4333,9.14886e-18
49.45,8.63838e-18
49.4667,8.14474e-18
49.4833,7.66765e-18
49.5,7.2068e-18
49.5167,6.76188e-18
49.5333,6.33257e-18
49.55,5.91857e-18
49.5667,5.51959e-18
49.5833,5.13531e-18
49.6,4.76545e-18
49.6167,4.40974e-18
49.6333,4.0679e-18
49.65,3.7397e-18
49.6667,3.4249e-18
49.6833,3.1233e-18
49.7,2.83473e-18
49.7167,2.55904e-18
49.7333,2.29614e-18
49.75,2.04595e-18
49.7667,1.80846e-18
49.7833,1.58373e-18
49.8,1.37184e-18
49.8167,1.17299e-18
49.8333,9.87424e-19
49.85,8.15494e-19
49.8667,6.57647e-19
49.8833,5.14446e-19
49.9,3.86577e-19
49.9167,2.74872e-19
49.9333,1.80318e-19
49.95,1.0408e-19
49.9667,4.75194e-20
49.9833,1.22177e-20
