1e-05,5.3118e-09
0.0166767,0.0194947
0.0333433,0.0714156
0.05001,0.147162
0.0666767,0.239548
0.0833433,0.342621
0.10001,0.451498
0.116677,0.562225
0.133343,0.671643
0.15001,0.777279
0.166677,0.877241
0.183343,0.970132
0.20001,1.05497
0.216677,1.13112
0.233343,1.19823
0.25001,1.25618
0.266677,1.30506
0.283343,1.34508
0.30001,1.37658
0.316677,1.39999
0.333343,1.4158
0.35001,1.42455
0.366677,1.42679
0.383343,1.4231
0.40001,1.41405
0.416677,1.4002
0.433343,1.38211
0.45001,1.36028
0.466677,1.33523
0.483343,1.30743
0.50001,1.27731
0.516677,1.24529
0.533343,1.21173
0.55001,1.17698
0.566677,1.14135
0.583343,1.10511
0.60001,1.06853
0.616677,1.03182
0.633343,0.995174
0.65001,0.958767
0.666677,0.922745
0.683343,0.887235
0.70001,0.852344
0.716677,0.818161
0.733343,0.784759
0.75001,0.752197
0.766677,0.720522
0.783343,0.689766
0.80001,0.659955
0.816677,0.631104
0.833343,0.60322
0.85001,0.576305
0.866676,0.550353
0.883343,0.525355
0.90001,0.501298
0.916676,0.478165
0.933343,0.455936
0.95001,0.43459
0.966676,0.414103
0.983343,0.394452
1.00001,0.375611
1.01668,0.357554
1.03334,0.340257
1.05001,0.323692
1.06668,0.307836
1.08334,0.292662
1.10001,0.278145
1.11668,0.264263
1.13334,0.25099
1.15001,0.238305
1.16668,0.226185
1.18334,0.214609
1.20001,0.203556
1.21668,0.193006
1.23334,0.182939
1.25001,0.173337
1.26668,0.16418
1.28334,0.155452
1.30001,0.147136
1.31668,0.139214
1.33334,0.131671
1.35001,0.124491
1.36668,0.117659
1.38334,0.111161
1.40001,0.104983
1.41668,0.0991106
1.43334,0.093532
1.45001,0.088234
1.46668,0.0832045
1.48334,0.0784319
1.50001,0.0739048
1.51668,0.0696123
1.53334,0.065544
1.55001,0.0616897
1.56668,0.0580398
1.58334,0.0545847
1.60001,0.0513156
1.61668,0.0482237
1.63334,0.0453007
1.65001,0.0425386
1.66668,0.0399297
1.68334,0.0374665
1.70001,0.0351419
1.71668,0.0329492
1.73334,0.0308818
1.75001,0.0289334
1.76668,0.027098
1.78334,0.0253699
1.80001,0.0237434
1.81668,0.0222134
1.83334,0.0207748
1.85001,0.0194228
1.86668,0.0181527
1.88334,0.0169601
1.90001,0.0158408
1.91668,0.0147908
1.93334,0.0138063
1.95001,0.0128836
1.96668,0.0120192
1.98334,0.0112098
2.00001,0.0104523
2.01668,0.00974363
2.03334,0.00908097
2.05001,0.00846159
2.06668,0.00788294
2.08334,0.00734255
2.10001,0.00683813
2.11668,0.00636748
2.13334,0.00592851
2.15001,0.00551926
2.16668,0.00513787
2.18334,0.00478258
2.20001,0.00445173
2.21668,0.00414375
2.23334,0.00385716
2.25001,0.00359056
2.26668,0.00334265
2.28334,0.00311217
2.30001,0.00289797
2.31668,0.00269896
2.33334,0.00251409
2.35001,0.00234242
2.36668,0.00218303
2.38334,0.00203507
2.40001,0.00189774
2.41668,0.00177031
2.43334,0.00165206
2.45001,0.00154236
2.46668,0.00144059
2.48334,0.00134618
2.50001,0.0012586
2.51668,0.00117736
2.53334,0.00110199
2.55001,0.00103206
2.56668,0.000967174
2.58334,0.000906958
2.60001,0.000851065
2.61668,0.000799173
2.63334,0.000750983
2.65001,0.000706218
2.66668,0.000664618
2.68334,0.000625946
2.70001,0.000589979
2.71668,0.000556512
2.73334,0.000525354
2.75001,0.00049633
2.76668,0.000469276
2.78334,0.000444042
2.80001,0.000420486
2.81668,0.000398482
2.83334,0.000377908
2.85001,0.000358655
2.86668,0.000340621
2.88334,0.000323711
2.90001,0.00030784
2.91668,0.000292926
2.93334,0.000278896
2.95001,0.000265681
2.96668,0.000253219
2.98334,0.000241452
3.00001,0.000230326
3.01668,0.000219793
3.03334,0.000209807
3.05001,0.000200327
3.06668,0.000191315
3.08334,0.000182735
3.10001,0.000174557
3.11668,0.000166749
3.13334,0.000159287
3.15001,0.000152144
3.16668,0.0001453
3.18334,0.000138733
3.20001,0.000132426
3.21668,0.000126361
3.23334,0.000120524
3.25001,0.000114901
3.26668,0.000109479
3.28334,0.000104249
3.30001,9.9199e-05
3.31668,9.43217e-05
3.33334,8.9609e-05
3.35001,8.50542e-05
3.36668,8.06513e-05
3.38334,7.6395e-05
3.40001,7.22807e-05
3.41668,6.83044e-05
3.43334,6.44628e-05
3.45001,6.07529e-05
3.46668,5.71721e-05
3.48334,5.37182e-05
3.50001,5.03894e-05
3.51668,4.71839e-05
3.53334,4.41003e-05
3.55001,4.11372e-05
3.56668,3.82936e-05
3.58334,3.55683e-05
3.60001,3.29601e-05
3.61668,3.0468e-05
3.63334,2.80909e-05
3.65001,2.58277e-05
3.66668,2.3677e-05
3.68334,2.16376e-05
3.70001,1.9708e-05
3.71668,1.78867e-05
3.73334,1.61719e-05
3.75001,1.45618e-05
3.76668,1.30544e-05
3.78334,1.16474e-05
3.80001,1.03387e-05
3.81668,9.1257e-06
3.83334,8.00571e-06
3.85001,6.97596e-06
3.86668,6.03349e-06
3.88334,5.17521e-06
3.90001,4.39789e-06
3.91668,3.69818e-06
3.93334,3.07262e-06
3.95001,2.51765e-06
3.96668,2.02963e-06
3.98334,1.60486e-06
4.00001,1.23958e-06
4.01668,9.29978e-07
4.03334,6.72248e-07
4.05001,4.62567e-07
4.06668,2.97124e-07
4.08334,1.7214e-07
4.10001,8.38819e-08
4.11668,2.86762e-08
4.13334,2.92838e-09
4.15001,3.13551e-09
4.16668,2.59012e-08
4.18334,6.7949e-08
4.20001,1.26135e-07
4.21668,1.97459e-07
4.23334,2.79075e-07
4.25001,3.68302e-07
4.26668,4.62631e-07
4.28334,5.5973e-07
4.30001,6.57454e-07
4.31668,7.53845e-07
4.33334,8.47138e-07
4.35001,9.35762e-07
4.36668,1.01834e-06
4.38334,1.09368e-06
4.40001,1.1608e-06
4.41668,1.21888e-06
4.43334,1.26731e-06
4.45001,1.30563e-06
4.46668,1.33357e-06
4.48334,1.35101e-06
4.50001,1.35799e-06
4.51668,1.35469e-06
4.53334,1.34142e-06
4.55001,1.31862e-06
4.56668,1.28683e-06
4.58334,1.2467e-06
4.60001,1.19895e-06
4.61668,1.1444e-06
4.63334,1.08389e-06
4.65001,1.01835e-06
4.66668,9.48715e-07
4.68334,8.75958e-07
4.70001,8.01058e-07
4.71668,7.24992e-07
4.73334,6.48727e-07
4.75001,5.73209e-07
4.76668,4.99351e-07
4.78334,4.28026e-07
4.80001,3.60059e-07
4.81668,2.96219e-07
4.83334,2.37212e-07
4.85001,1.83679e-07
4.86668,1.36186e-07
4.88334,9.52248e-08
4.90001,6.12086e-08
4.91668,3.44692e-08
4.93334,1.52566e-08
4.95001,3.73876e-09
4.96668,1.67938e-12
4.98334,4.05093e-09
5.00001,1.58134e-08
5.01668,3.514e-08
5.03334,6.18088e-08
5.05001,9.55288e-08
5.06668,1.35944e-07
5.08334,1.8264e-07
5.10001,2.35146e-07
5.11668,2.92943e-07
5.13334,3.55469e-07
5.15001,4.22123e-07
5.16668,4.92275e-07
5.18334,5.65271e-07
5.20001,6.40438e-07
5.21668,7.17091e-07
5.23334,7.94539e-07
5.25001,8.72096e-07
5.26668,9.4908e-07
5.28334,1.02482e-06
5.30001,1.09867e-06
5.31668,1.17001e-06
5.33334,1.23824e-06
5.35001,1.30279e-06
5.36668,1.36315e-06
5.38334,1.41884e-06
5.40001,1.46942e-06
5.41668,1.51451e-06
5.43334,1.55377e-06
5.45001,1.58693e-06
5.46668,1.61375e-06
5.48334,1.63407e-06
5.50001,1.64778e-06
5.51668,1.65481e-06
5.53334,1.65518e-06
5.55001,1.64893e-06
5.56668,1.63616e-06
5.58334,1.61706e-06
5.60001,1.59181e-06
5.61668,1.56068e-06
5.63334,1.52398e-06
5.65001,1.48203e-06
5.66668,1.43523e-06
5.68334,1.38397e-06
5.70001,1.32871e-06
5.71668,1.26991e-06
5.73334,1.20804e-06
5.75001,1.14363e-06
5.76668,1.07716e-06
5.78334,1.00917e-06
5.80001,9.4018e-07
5.81668,8.70699e-07
5.83334,8.01243e-07
5.85001,7.32312e-07
5.86668,6.6439e-07
5.88334,5.97944e-07
5.90001,5.33417e-07
5.91668,4.71228e-07
5.93334,4.11765e-07
5.95001,3.55388e-07
5.96668,3.02422e-07
5.98334,2.53157e-07
6.00001,2.07846e-07
6.01668,1.66706e-07
6.03334,1.29912e-07
6.05001,9.76028e-08
6.06668,6.98761e-08
6.08334,4.67909e-08
6.10001,2.83674e-08
6.11668,1.4588e-08
6.13334,5.39791e-09
6.15001,7.06958e-10
6.16668,3.90983e-10
6.18334,4.2937e-09
6.20001,1.22287e-08
6.21668,2.39819e-08
6.23334,3.93135e-08
6.25001,5.79611e-08
6.26668,7.96418e-08
6.28334,1.04055e-07
6.30001,1.30887e-07
6.31668,1.5981e-07
6.33334,1.9049e-07
6.35001,2.22584e-07
6.36668,2.55749e-07
6.38334,2.8964e-07
6.40001,3.23916e-07
6.41668,3.5824e-07
6.43334,3.92284e-07
6.45001,4.2573e-07
6.46668,4.58272e-07
6.48334,4.89621e-07
6.50001,5.19503e-07
6.51668,5.47664e-07
6.53334,5.73871e-07
6.55001,5.97911e-07
6.56668,6.19596e-07
6.58334,6.38762e-07
6.60001,6.55269e-07
6.61668,6.69004e-07
6.63334,6.79879e-07
6.65001,6.87833e-07
6.66668,6.9283e-07
6.68334,6.94862e-07
6.70001,6.93944e-07
6.71668,6.90116e-07
6.73334,6.83444e-07
6.75001,6.74014e-07
6.76668,6.61935e-07
6.78334,6.47337e-07
6.80001,6.30367e-07
6.81668,6.11189e-07
6.83334,5.89985e-07
6.85001,5.66946e-07
6.86668,5.42277e-07
6.88334,5.16194e-07
6.90001,4.88917e-07
6.91668,4.60675e-07
6.93334,4.31697e-07
6.95001,4.02215e-07
6.96668,3.72461e-07
6.98334,3.42662e-07
7.00001,3.13043e-07
7.01668,2.83821e-07
7.03334,2.55205e-07
7.05001,2.27395e-07
7.06668,2.0058e-07
7.08334,1.74935e-07
7.10001,1.50623e-07
7.11668,1.27792e-07
7.13334,1.06574e-07
7.15001,8.7084e-08
7.16668,6.9422e-08
7.18334,5.36697e-08
7.20001,3.98915e-08
7.21668,2.81341e-08
7.23334,1.84268e-08
7.25001,1.07816e-08
7.26668,5.19332e-09
7.28334,1.64025e-09
7.30001,8.46985e-11
7.31668,4.73674e-10
7.33334,2.73965e-09
7.35001,6.80149e-09
7.36668,1.25654e-08
7.38334,1.9926e-08
7.40001,2.87675e-08
7.41668,3.89648e-08
7.43334,5.03846e-08
7.45001,6.28871e-08
7.46668,7.63268e-08
7.48334,9.05541e-08
7.50001,1.05416e-07
7.51668,1.20759e-07
7.53334,1.36429e-07
7.55001,1.52271e-07
7.56668,1.68134e-07
7.58334,1.83871e-07
7.60001,1.99337e-07
7.61668,2.14395e-07
7.63334,2.28913e-07
7.65001,2.42767e-07
7.66668,2.5584e-07
7.68334,2.68027e-07
7.70001,2.79229e-07
7.71668,2.8936e-07
7.73334,2.98345e-07
7.75001,3.06118e-07
7.76668,3.12625e-07
7.78334,3.17826e-07
7.80001,3.2169e-07
7.81668,3.24199e-07
7.83334,3.25347e-07
7.85001,3.25138e-07
7.86668,3.23589e-07
7.88334,3.20727e-07
7.90001,3.1659e-07
7.91668,3.11224e-07
7.93334,3.04687e-07
7.95001,2.97044e-07
7.96668,2.88367e-07
7.98334,2.78737e-07
8.00001,2.68242e-07
8.01668,2.56972e-07
8.03334,2.45024e-07
8.05001,2.32499e-07
8.06668,2.195e-07
8.08334,2.06132e-07
8.10001,1.925e-07
8.11668,1.7871e-07
8.13334,1.64867e-07
8.15001,1.51074e-07
8.16668,1.37431e-07
8.18334,1.24036e-07
8.20001,1.10982e-07
8.21668,9.83551e-08
8.23334,8.62396e-08
8.25001,7.47115e-08
8.26668,6.3841e-08
8.28334,5.36912e-08
8.30001,4.4318e-08
8.31668,3.57697e-08
8.33334,2.80867e-08
8.35001,2.13017e-08
8.36667,1.54393e-08
8.38334,1.05161e-08
8.40001,6.54079e-09
8.41667,3.51412e-09
8.43334,1.4293e-09
8.45001,2.72125e-10
8.46667,2.12344e-11
8.48334,6.48513e-10
8.50001,2.11945e-09
8.51667,4.39357e-09
8.53334,7.42491e-09
8.55001,1.11625e-08
8.56667,1.55509e-08
8.58334,2.05307e-08
8.60001,2.60392e-08
8.61667,3.20108e-08
8.63334,3.83779e-08
8.65001,4.50712e-08
8.66667,5.20203e-08
8.68334,5.91545e-08
8.70001,6.64032e-08
8.71667,7.36966e-08
8.73334,8.09659e-08
8.75001,8.81444e-08
8.76667,9.51676e-08
8.78334,1.01974e-07
8.80001,1.08504e-07
8.81667,1.14703e-07
8.83334,1.20521e-07
8.85001,1.25909e-07
8.86667,1.30827e-07
8.88334,1.35237e-07
8.90001,1.39106e-07
8.91667,1.42407e-07
8.93334,1.45119e-07
8.95001,1.47224e-07
8.96667,1.48711e-07
8.98334,1.49576e-07
9.00001,1.49816e-07
9.01667,1.49437e-07
9.03334,1.48449e-07
9.05001,1.46865e-07
9.06667,1.44706e-07
9.08334,1.41995e-07
9.10001,1.3876e-07
9.11667,1.35032e-07
9.13334,1.30845e-07
9.15001,1.26239e-07
9.16667,1.21254e-07
9.18334,1.15933e-07
9.20001,1.10321e-07
9.21667,1.04465e-07
9.23334,9.84117e-08
9.25001,9.22099e-08
9.26667,8.59079e-08
9.28334,7.95541e-08
9.30001,7.31962e-08
9.31667,6.68808e-08
9.33334,6.06534e-08
9.35001,5.45576e-08
9.36667,4.86351e-08
9.38334,4.29252e-08
9.40001,3.74647e-08
9.41667,3.22875e-08
9.43334,2.74242e-08
9.45001,2.29027e-08
9.46667,1.8747e-08
9.48334,1.49778e-08
9.50001,1.16123e-08
9.51667,8.66398e-09
9.53334,6.1426e-09
9.55001,4.05432e-09
9.56667,2.40169e-09
9.58334,1.1837e-09
9.60001,3.95856e-10
9.61667,3.03524e-11
9.63334,7.61712e-11
9.65001,5.19261e-10
9.66667,1.34272e-09
9.68334,2.52699e-09
9.70001,4.05009e-09
9.71667,5.88783e-09
9.73334,8.01408e-09
9.75001,1.0401e-08
9.76667,1.30193e-08
9.78334,1.58386e-08
9.80001,1.88274e-08
9.81667,2.19538e-08
9.83334,2.51855e-08
9.85001,2.849e-08
9.86667,3.18351e-08
9.88334,3.51887e-08
9.90001,3.85199e-08
9.91667,4.17983e-08
9.93334,4.49947e-08
9.95001,4.80813e-08
9.96667,5.10317e-08
9.98334,5.38215e-08
10,5.64278e-08
10.0167,5.883e-08
10.0333,6.10094e-08
10.05,6.29497e-08
10.0667,6.46369e-08
10.0833,6.60594e-08
10.1,6.7208e-08
10.1167,6.8076e-08
10.1333,6.8659e-08
10.15,6.89553e-08
10.1667,6.89655e-08
10.1833,6.86925e-08
10.2,6.81416e-08
10.2167,6.73201e-08
10.2333,6.62377e-08
10.25,6.49058e-08
10.2667,6.33377e-08
10.2833,6.15485e-08
10.3,5.95547e-08
10.3167,5.73743e-08
10.3333,5.50262e-08
10.35,5.25307e-08
10.3667,4.99087e-08
10.3833,4.71816e-08
10.4,4.43714e-08
10.4167,4.15004e-08
10.4333,3.85907e-08
10.45,3.56645e-08
10.4667,3.27436e-08
10.4833,2.98492e-08
10.5,2.70018e-08
10.5167,2.42214e-08
10.5333,2.15266e-08
10.55,1.89352e-08
10.5667,1.64637e-08
10.5833,1.4127e-08
10.6,1.1939e-08
10.6167,9.91176e-09
10.6333,8.05595e-09
10.65,6.38053e-09
10.6667,4.89284e-09
10.6833,3.59853e-09
10.7,2.50157e-09
10.7167,1.60426e-09
10.7333,9.07249e-10
10.75,4.09565e-10
10.7667,1.08665e-10
10.7833,4.89075e-13
10.8,7.95338e-11
10.8167,3.38926e-10
10.8333,7.70512e-10
10.85,1.36495e-09
10.8667,2.11182e-09
10.8833,2.99972e-09
10.9,4.01639e-09
10.9167,5.14882e-09
10.9333,6.38338e-09
10.95,7.70594e-09
10.9667,9.102e-09
10.9833,1.05568e-08
11,1.20554e-08
11.0167,1.3583e-08
11.0333,1.51248e-08
11.05,1.66661e-08
11.0667,1.81929e-08
11.0833,1.96912e-08
11.1,2.1148e-08
11.1167,2.25505e-08
11.1333,2.3887e-08
11.15,2.51464e-08
11.1667,2.63184e-08
11.1833,2.7394e-08
11.2,2.83648e-08
11.2167,2.92236e-08
11.2333,2.99643e-08
11.25,3.05819e-08
11.2667,3.10726e-08
11.2833,3.14335e-08
11.3,3.1663e-08
11.3167,3.17606e-08
11.3333,3.17269e-08
11.35,3.15636e-08
11.3667,3.12733e-08
11.3833,3.08599e-08
11.4,3.03278e-08
11.4167,2.96827e-08
11.4333,2.8931e-08
11.45,2.80796e-08
11.4667,2.71365e-08
11.4833,2.611e-08
11.5,2.5009e-08
11.5167,2.38429e-08
11.5333,2.26215e-08
11.55,2.13546e-08
11.5667,2.00523e-08
11.5833,1.8725e-08
11.6,1.73829e-08
11.6167,1.6036e-08
11.6333,1.46943e-08
11.65,1.33675e-08
11.6667,1.2065e-08
11.6833,1.07958e-08
11.7,9.56832e-09
11.7167,8.39058e-09
11.7333,7.26998e-09
11.75,6.21328e-09
11.7667,5.2266e-09
11.7833,4.31533e-09
11.8,3.48415e-09
11.8167,2.73698e-09
11.8333,2.07697e-09
11.85,1.50651e-09
11.8667,1.02722e-09
11.8833,6.39944e-10
11.9,3.44766e-10
11.9167,1.41041e-10
11.9333,2.74043e-11
11.95,1.80274e-12
11.9667,6.15281e-11
11.9833,2.03253e-10
12,4.23074e-10
12.0167,7.16553e-10
12.0333,1.07877e-09
12.05,1.50436e-09
12.0667,1.9876e-09
12.0833,2.52241e-09
12.1,3.10245e-09
12.1167,3.72118e-09
12.1333,4.37189e-09
12.15,5.04776e-09
12.1667,5.74193e-09
12.1833,6.44757e-09
12.2,7.1579e-09
12.2167,7.86625e-09
12.2333,8.56614e-09
12.25,9.2513e-09
12.2667,9.91571e-09
12.2833,1.05537e-08
12.3,1.11598e-08
12.3167,1.17292e-08
12.3333,1.22572e-08
12.35,1.27397e-08
12.3667,1.31731e-08
12.3833,1.35541e-08
12.4,1.38801e-08
12.4167,1.41489e-08
12.4333,1.43589e-08
12.45,1.4509e-08
12.4667,1.45984e-08
12.4833,1.46272e-08
12.5,1.45957e-08
12.5167,1.45049e-08
12.5333,1.4356e-08
12.55,1.41509e-08
12.5667,1.38919e-08
12.5833,1.35816e-08
12.6,1.32231e-08
12.6167,1.28196e-08
12.6333,1.23749e-08
12.65,1.18928e-08
12.6667,1.13776e-08
12.6833,1.08336e-08
12.7,1.02653e-08
12.7167,9.6773e-09
12.7333,9.07428e-09
12.75,8.46095e-09
12.7667,7.842e-09
12.7833,7.22207e-09
12.8,6.60573e-09
12.8167,5.99739e-09
12.8333,5.40133e-09
12.85,4.82162e-09
12.8667,4.26212e-09
12.8833,3.72642e-09
12.9,3.21787e-09
12.9167,2.73949e-09
12.9333,2.29403e-09
12.95,1.88387e-09
12.9667,1.51108e-09
12.9833,1.17738e-09
13,8.84121e-10
13.0167,6.32319e-10
13.0333,4.2262e-10
13.05,2.55325e-10
13.0667,1.30386e-10
13.0833,4.74194e-11
13.1,5.7135e-12
13.1167,4.24455e-12
13.1333,4.1691e-11
13.15,1.16451e-10
13.1667,2.26663e-10
13.1833,3.70225e-10
13.2,5.44817e-10
13.2167,7.47926e-10
13.2333,9.7687e-10
13.25,1.22882e-09
13.2667,1.50083e-09
13.2833,1.78987e-09
13.3,2.09283e-09
13.3167,2.40657e-09
13.3333,2.72793e-09
13.35,3.05376e-09
13.3667,3.38097e-09
13.3833,3.70649e-09
13.4,4.02737e-09
13.4167,4.34075e-09
13.4333,4.64388e-09
13.45,4.9342e-09
13.4667,5.20926e-09
13.4833,5.46683e-09
13.5,5.70485e-09
13.5167,5.92148e-09
13.5333,6.11508e-09
13.55,6.28424e-09
13.5667,6.4278e-09
13.5833,6.54481e-09
13.6,6.63457e-09
13.6167,6.69662e-09
13.6333,6.73074e-09
13.65,6.73695e-09
13.6667,6.71548e-09
13.6833,6.6668e-09
13.7,6.59161e-09
13.7167,6.49078e-09
13.7333,6.3654e-09
13.75,6.21674e-09
13.7667,6.04622e-09
13.7833,5.85543e-09
13.8,5.64609e-09
13.8167,5.42003e-09
13.8333,5.1792e-09
13.85,4.92562e-09
13.8667,4.66138e-09
13.8833,4.3886e-09
13.9,4.10945e-09
13.9167,3.8261e-09
13.9333,3.54069e-09
13.95,3.25537e-09
13.9667,2.97221e-09
13.9833,2.69324e-09
14,2.4204e-09
14.0167,2.15555e-09
14.0333,1.90043e-09
14.05,1.65667e-09
14.0667,1.42577e-09
14.0833,1.20911e-09
14.1,1.00789e-09
14.1167,8.23183e-10
14.1333,6.55904e-10
14.15,5.06799e-10
14.1667,3.76454e-10
14.1833,2.65294e-10
14.2,1.73577e-10
14.2167,1.01401e-10
14.2333,4.8705e-11
14.25,1.52749e-11
14.2667,7.46604e-13
14.2833,4.61373e-12
14.3,2.62348e-11
14.3167,6.48417e-11
14.3333,1.19548e-10
14.35,1.89361e-10
14.3667,2.73187e-10
14.3833,3.6985e-10
14.4,4.78097e-10
14.4167,5.9661e-10
14.4333,7.24021e-10
14.45,8.58922e-10
14.4667,9.99879e-10
14.4833,1.14544e-09
14.5,1.29415e-09
14.5167,1.44457e-09
14.5333,1.59527e-09
14.55,1.74485e-09
14.5667,1.89196e-09
14.5833,2.0353e-09
14.6,2.17362e-09
14.6167,2.30575e-09
14.6333,2.43059e-09
14.65,2.54713e-09
14.6667,2.65444e-09
14.6833,2.7517e-09
14.7,2.83818e-09
14.7167,2.91327e-09
14.7333,2.97643e-09
14.75,3.02728e-09
14.7667,3.06551e-09
14.7833,3.09094e-09
14.8,3.10349e-09
14.8167,3.10319e-09
14.8333,3.09019e-09
14.85,3.06473e-09
14.8667,3.02713e-09
14.8833,2.97785e-09
14.9,2.91738e-09
14.9167,2.84634e-09
14.9333,2.76541e-09
14.95,2.67532e-09
14.9667,2.57689e-09
14.9833,2.47097e-09
15,2.35848e-09
15.0167,2.24033e-09
15.0333,2.11752e-09
15.05,1.99101e-09
15.0667,1.86182e-09
15.0833,1.73093e-09
15.1,1.59933e-09
15.1167,1.46802e-09
15.1333,1.33793e-09
15.15,1.20999e-09
15.1667,1.08509e-09
15.1833,9.64073e-10
15.2,8.47727e-10
15.2167,7.36792e-10
15.2333,6.31945e-10
15.25,5.33797e-10
15.2667,4.42894e-10
15.2833,3.5971e-10
15.3,2.84647e-10
15.3167,2.18031e-10
15.3333,1.60115e-10
15.35,1.11075e-10
15.3667,7.10132e-11
15.3833,3.99557e-11
15.4,1.78575e-11
15.4167,4.60255e-12
15.4333,7.01433e-15
15.45,3.8221e-12
15.4667,1.57377e-11
15.4833,3.53861e-11
15.5,6.23467e-11
15.5167,9.615e-11
15.5333,1.36283e-10
15.55,1.82194e-10
15.5667,2.33297e-10
15.5833,2.88981e-10
15.6,3.48608e-10
15.6167,4.11528e-10
15.6333,4.77076e-10
15.65,5.44584e-10
15.6667,6.13381e-10
15.6833,6.82803e-10
15.7,7.52196e-10
15.7167,8.20921e-10
15.7333,8.8836e-10
15.75,9.53917e-10
15.7667,1.01703e-09
15.7833,1.07716e-09
15.8,1.13381e-09
15.8167,1.18653e-09
15.8333,1.2349e-09
15.85,1.27856e-09
15.8667,1.31717e-09
15.8833,1.35046e-09
15.9,1.37822e-09
15.9167,1.40026e-09
15.9333,1.41645e-09
15.95,1.42674e-09
15.9667,1.43108e-09
15.9833,1.42952e-09
16,1.42213e-09
16.0167,1.40902e-09
16.0333,1.39037e-09
16.05,1.36638e-09
16.0667,1.3373e-09
16.0833,1.30342e-09
16.1,1.26506e-09
16.1167,1.22258e-09
16.1333,1.17633e-09
16.15,1.12674e-09
16.1667,1.07421e-09
16.1833,1.0192e-09
16.2,9.62132e-10
16.2167,9.03478e-10
16.2333,8.43695e-10
16.25,7.83241e-10
16.2667,7.22573e-10
16.2833,6.62139e-10
16.3,6.02376e-10
16.3167,5.43704e-10
16.3333,4.86529e-10
16.35,4.31233e-10
16.3667,3.78175e-10
16.3833,3.27689e-10
16.4,2.8008e-10
16.4167,2.35622e-10
16.4333,1.9456e-10
16.45,1.57104e-10
16.4667,1.23431e-10
16.4833,9.36827e-11
16.5,6.79678e-11
16.5167,4.63589e-11
16.5333,2.88946e-11
16.55,1.55792e-11
16.5667,6.38384e-12
16.5833,1.24749e-12
16.6,7.80355e-14
16.6167,2.75384e-12
16.6333,9.1254e-12
16.65,1.90172e-11
16.6667,3.22297e-11
16.6833,4.85414e-11
16.7,6.77114e-11
16.7167,8.94814e-11
16.7333,1.13578e-10
16.75,1.39717e-10
16.7667,1.67602e-10
16.7833,1.96932e-10
16.8,2.27399e-10
16.8167,2.58695e-10
16.8333,2.90512e-10
16.85,3.22544e-10
16.8667,3.5449e-10
16.8833,3.8606e-10
16.9,4.16969e-10
16.9167,4.46947e-10
16.9333,4.75736e-10
16.95,5.03095e-10
16.9667,5.28799e-10
16.9833,5.52641e-10
17,5.74436e-10
17.0167,5.94018e-10
17.0333,6.11243e-10
17.05,6.25989e-10
17.0667,6.38159e-10
17.0833,6.47678e-10
17.1,6.54494e-10
17.1167,6.58579e-10
17.1333,6.59928e-10
17.15,6.58559e-10
17.1667,6.54512e-10
17.1833,6.47848e-10
17.2,6.38648e-10
17.2167,6.27014e-10
17.2333,6.13064e-10
17.25,5.96935e-10
17.2667,5.78777e-10
17.2833,5.58755e-10
17.3,5.37046e-10
17.3167,5.13838e-10
17.3333,4.89326e-10
17.35,4.63713e-10
17.3667,4.37207e-10
17.3833,4.10019e-10
17.4,3.8236e-10
17.4167,3.54444e-10
17.4333,3.26478e-10
17.45,2.98669e-10
17.4667,2.71216e-10
17.4833,2.44312e-10
17.5,2.18141e-10
17.5167,1.92877e-10
17.5333,1.68683e-10
17.55,1.4571e-10
17.5667,1.24095e-10
17.5833,1.03961e-10
17.6,8.54174e-11
17.6167,6.85576e-11
17.6333,5.34592e-11
17.65,4.01841e-11
17.6667,2.87782e-11
17.6833,1.92713e-11
17.7,1.16774e-11
17.7167,5.99473e-12
17.7333,2.20652e-12
17.75,2.81084e-13
17.7667,1.72651e-13
17.7833,1.82199e-12
17.8,5.15724e-12
17.8167,1.00947e-11
17.8333,1.65399e-11
17.85,2.43885e-11
17.8667,3.35273e-11
17.8833,4.38355e-11
17.9,5.51858e-11
17.9167,6.74454e-11
17.9333,8.04774e-11
17.95,9.41418e-11
17.9667,1.08297e-10
17.9833,1.228e-10
18,1.3751e-10
18.0167,1.52285e-10
18.0333,1.66989e-10
18.05,1.81487e-10
18.0667,1.9565e-10
18.0833,2.09355e-10
18.1,2.22484e-10
18.1167,2.34929e-10
18.1333,2.46586e-10
18.15,2.57364e-10
18.1667,2.67179e-10
18.1833,2.75956e-10
18.2,2.83632e-10
18.2167,2.90153e-10
18.2333,2.95477e-10
18.25,2.99571e-10
18.2667,3.02415e-10
18.2833,3.03998e-10
18.3,3.0432e-10
18.3167,3.03393e-10
18.3333,3.01236e-10
18.35,2.9788e-10
18.3667,2.93365e-10
18.3833,2.8774e-10
18.4,2.81061e-10
18.4167,2.73393e-10
18.4333,2.64806e-10
18.45,2.55379e-10
18.4667,2.45195e-10
18.4833,2.3434e-10
18.5,2.22906e-10
18.5167,2.10986e-10
18.5333,1.98678e-10
18.55,1.86078e-10
18.5667,1.73285e-10
18.5833,1.60396e-10
18.6,1.47507e-10
18.6167,1.34712e-10
18.6333,1.22103e-10
18.65,1.09768e-10
18.6667,9.77907e-11
18.6833,8.62498e-11
18.7,7.52196e-11
18.7167,6.47679e-11
18.7333,5.49567e-11
18.75,4.58414e-11
18.7667,3.74703e-11
18.7833,2.9885e-11
18.8,2.31195e-11
18.8167,1.72007e-11
18.8333,1.21479e-11
18.85,7.9731e-12
18.8667,4.68111e-12
18.8833,2.26943e-12
18.9,7.28629e-13
18.9167,4.25499e-14
18.9333,1.88572e-13
18.95,1.13796e-12
18.9667,2.85624e-12
18.9833,5.30359e-12
19,8.4353e-12
19.0167,1.22022e-11
19.0333,1.65513e-11
19.05,2.14261e-11
19.0667,2.67671e-11
19.0833,3.25127e-11
19.1,3.85994e-11
19.1167,4.49622e-11
19.1333,5.15358e-11
19.15,5.82543e-11
19.1667,6.50526e-11
19.1833,7.1866e-11
19.2,7.86314e-11
19.2167,8.52877e-11
19.2333,9.17757e-11
19.25,9.80391e-11
19.2667,1.04025e-10
19.2833,1.09683e-10
19.3,1.14968e-10
19.3167,1.19837e-10
19.3333,1.24254e-10
19.35,1.28184e-10
19.3667,1.31601e-10
19.3833,1.34479e-10
19.4,1.36802e-10
19.4167,1.38554e-10
19.4333,1.39728e-10
19.45,1.4032e-10
19.4667,1.40331e-10
19.4833,1.39768e-10
19.5,1.3864e-10
19.5167,1.36964e-10
19.5333,1.34757e-10
19.55,1.32045e-10
19.5667,1.28853e-10
19.5833,1.25212e-10
19.6,1.21156e-10
19.6167,1.16721e-10
19.6333,1.11946e-10
19.65,1.06871e-10
19.6667,1.0154e-10
19.6833,9.59948e-11
19.7,9.02811e-11
19.7167,8.44438e-11
19.7333,7.85278e-11
19.75,7.25781e-11
19.7667,6.66389e-11
19.7833,6.07534e-11
19.8,5.49633e-11
19.8167,4.93088e-11
19.8333,4.38282e-11
19.85,3.85573e-11
19.8667,3.35296e-11
19.8833,2.87758e-11
19.9,2.43239e-11
19.9167,2.01985e-11
19.9333,1.64213e-11
19.95,1.30106e-11
19.9667,9.98135e-12
19.9833,7.34507e-12
20,5.10993e-12
20.0167,3.28066e-12
20.0333,1.85865e-12
20.05,8.42003e-13
20.0667,2.25617e-13
20.0833,1.32087e-15
20.1,1.57998e-13
20.1167,6.81751e-13
20.1333,1.55607e-12
20.15,2.76204e-12
20.1667,4.27853e-12
20.1833,6.08243e-12
20.2,8.14885e-12
20.2167,1.04514e-11
20.2333,1.29624e-11
20.25,1.56532e-11
20.2667,1.84942e-11
20.2833,2.14556e-11
20.3,2.45069e-11
20.3167,2.76181e-11
20.3333,3.07588e-11
20.35,3.38997e-11
20.3667,3.70116e-11
20.3833,4.00666e-11
20.4,4.30376e-11
20.4167,4.58992e-11
20.4333,4.8627e-11
20.45,5.11986e-11
20.4667,5.35931e-11
20.4833,5.57917e-11
20.5,5.77776e-11
20.5167,5.9536e-11
20.5333,6.10544e-11
20.55,6.23224e-11
20.5667,6.33322e-11
20.5833,6.40779e-11
20.6,6.45561e-11
20.6167,6.47657e-11
20.6333,6.47078e-11
20.65,6.43858e-11
20.6667,6.38049e-11
20.6833,6.29727e-11
20.7,6.18985e-11
20.7167,6.05934e-11
20.7333,5.90705e-11
20.75,5.7344e-11
20.7667,5.54298e-11
20.7833,5.33448e-11
20.8,5.11073e-11
20.8167,4.87362e-11
20.8333,4.62513e-11
20.85,4.36728e-11
20.8667,4.10212e-11
20.8833,3.83176e-11
20.9,3.55826e-11
20.9167,3.28368e-11
20.9333,3.01007e-11
20.95,2.73939e-11
20.9667,2.47356e-11
20.9833,2.21442e-11
21,1.9637e-11
21.0167,1.72303e-11
21.0333,1.49392e-11
21.05,1.27778e-11
21.0667,1.07584e-11
21.0833,8.89214e-12
21.1,7.18869e-12
21.1167,5.6561e-12
21.1333,4.30091e-12
21.15,3.12807e-12
21.1667,2.14097e-12
21.1833,1.34142e-12
21.2,7.29715e-13
21.2167,3.04613e-13
21.2333,6.34278e-14
21.25,2.06014e-15
21.2667,1.15072e-13
21.2833,3.95759e-13
21.3,8.36235e-13
21.3167,1.42752e-12
21.3333,2.15964e-12
21.35,3.02173e-12
21.3667,4.00213e-12
21.3833,5.08851e-12
21.4,6.268e-12
21.4167,7.52724e-12
21.4333,8.85257e-12
21.45,1.02301e-11
21.4667,1.16459e-11
21.4833,1.3086e-11
21.5,1.45365e-11
21.5167,1.59838e-11
21.5333,1.74147e-11
21.55,1.88163e-11
21.5667,2.01764e-11
21.5833,2.14832e-11
21.6,2.27259e-11
21.6167,2.3894e-11
21.6333,2.49784e-11
21.65,2.59704e-11
21.6667,2.68625e-11
21.6833,2.76483e-11
21.7,2.8322e-11
21.7167,2.88793e-11
21.7333,2.93167e-11
21.75,2.96318e-11
21.7667,2.98232e-11
21.7833,2.98908e-11
21.8,2.98351e-11
21.8167,2.96581e-11
21.8333,2.93623e-11
21.85,2.89515e-11
21.8667,2.84302e-11
21.8833,2.78038e-11
21.9,2.70782e-11
21.9167,2.62604e-11
21.9333,2.53578e-11
21.95,2.43784e-11
21.9667,2.33305e-11
21.9833,2.22232e-11
22,2.10655e-11
22.0167,1.98668e-11
22.0333,1.86367e-11
22.05,1.73849e-11
22.0667,1.61208e-11
22.0833,1.4854e-11
22.1,1.35938e-11
22.1167,1.23492e-11
22.1333,1.11291e-11
22.15,9.94171e-12
22.1667,8.79503e-12
22.1833,7.69643e-12
22.2,6.65278e-12
22.2167,5.67034e-12
22.2333,4.75472e-12
22.25,3.91089e-12
22.2667,3.14311e-12
22.2833,2.45496e-12
22.3,1.84928e-12
22.3167,1.32818e-12
22.3333,8.93048e-13
22.35,5.44565e-13
22.3667,2.8269e-13
22.3833,1.06695e-13
22.4,1.51827e-14
22.4167,6.11371e-15
22.4333,7.68376e-14
22.45,2.24129e-13
22.4667,4.44225e-13
22.4833,7.3287e-13
22.5,1.08536e-12
22.5167,1.49659e-12
22.5333,1.9611e-12
22.55,2.47315e-12
22.5667,3.02672e-12
22.5833,3.61562e-12
22.6,4.23352e-12
22.6167,4.874e-12
22.6333,5.53061e-12
22.65,6.1969e-12
22.6667,6.86652e-12
22.6833,7.53322e-12
22.7,8.19092e-12
22.7167,8.83376e-12
22.7333,9.45613e-12
22.75,1.00527e-11
22.7667,1.06185e-11
22.7833,1.11489e-11
22.8,1.16396e-11
22.8167,1.20868e-11
22.8333,1.24873e-11
22.85,1.28379e-11
22.8667,1.31364e-11
22.8833,1.33807e-11
22.9,1.35693e-11
22.9167,1.37013e-11
22.9333,1.37762e-11
22.95,1.37939e-11
22.9667,1.3755e-11
22.9833,1.36602e-11
23,1.35111e-11
23.0167,1.33093e-11
23.0333,1.3057e-11
23.05,1.27569e-11
23.0667,1.24117e-11
23.0833,1.20248e-11
23.1,1.15995e-11
23.1167,1.11397e-11
23.1333,1.06493e-11
23.15,1.01324e-11
23.1667,9.59324e-12
23.1833,9.03623e-12
23.2,8.46577e-12
23.2167,7.8863e-12
23.2333,7.30222e-12
23.25,6.71791e-12
23.2667,6.13764e-12
23.2833,5.56556e-12
23.3,5.00567e-12
23.3167,4.46179e-12
23.3333,3.93751e-12
23.35,3.43619e-12
23.3667,2.96093e-12
23.3833,2.51455e-12
23.4,2.09959e-12
23.4167,1.71825e-12
23.4333,1.37243e-12
23.45,1.06369e-12
23.4667,7.93275e-13
23.4833,5.62077e-13
23.5,3.70661e-13
23.5167,2.19259e-13
23.5333,1.07778e-13
23.55,3.58084e-14
23.5667,2.63489e-15
23.5833,7.24832e-15
23.6,4.83615e-14
23.6167,1.24426e-13
23.6333,2.33649e-13
23.65,3.74018e-13
23.6667,5.43314e-13
23.6833,7.39142e-13
23.7,9.58949e-13
23.7167,1.20005e-12
23.7333,1.45965e-12
23.75,1.73488e-12
23.7667,2.0228e-12
23.7833,2.32043e-12
23.8,2.62481e-12
23.8167,2.93297e-12
23.8333,3.24197e-12
23.85,3.54896e-12
23.8667,3.85116e-12
23.8833,4.14587e-12
23.9,4.43054e-12
23.9167,4.70275e-12
23.9333,4.96023e-12
23.95,5.2009e-12
23.9667,5.42283e-12
23.9833,5.62431e-12
24,5.80384e-12
24.0167,5.96012e-12
24.0333,6.09207e-12
24.05,6.19884e-12
24.0667,6.2798e-12
24.0833,6.33454e-12
24.1,6.36289e-12
24.1167,6.3649e-12
24.1333,6.34082e-12
24.15,6.29112e-12
24.1667,6.21648e-12
24.1833,6.11777e-12
24.2,5.99604e-12
24.2167,5.85249e-12
24.2333,5.6885e-12
24.25,5.5056e-12
24.2667,5.30541e-12
24.2833,5.08969e-12
24.3,4.86028e-12
24.3167,4.6191e-12
24.3333,4.36814e-12
24.35,4.1094e-12
24.3667,3.84494e-12
24.3833,3.57679e-12
24.4,3.30699e-12
24.4167,3.03756e-12
24.4333,2.77044e-12
24.45,2.50755e-12
24.4667,2.25071e-12
24.4833,2.00165e-12
24.5,1.76201e-12
24.5167,1.53332e-12
24.5333,1.31698e-12
24.55,1.11426e-12
24.5667,9.26284e-13
24.5833,7.5405e-13
24.6,5.98394e-13
24.6167,4.60004e-13
24.6333,3.39413e-13
24.65,2.36999e-13
24.6667,1.52986e-13
24.6833,8.74465e-14
24.7,4.0302e-14
24.7167,1.13301e-14
24.7333,1.68123e-16
24.75,6.31958e-15
24.7667,2.91613e-14
24.7833,6.79512e-14
24.8,1.21837e-13
24.8167,1.89867e-13
24.8333,2.70997e-13
24.85,3.64102e-13
24.8667,4.67991e-13
24.8833,5.81409e-13
24.9,7.03058e-13
24.9167,8.31603e-13
24.9333,9.65685e-13
24.95,1.10393e-12
24.9667,1.24496e-12
24.9833,1.38742e-12
25,1.52996e-12
25.0167,1.67126e-12
25.0333,1.81006e-12
25.05,1.94511e-12
25.0667,2.07527e-12
25.0833,2.19941e-12
25.1,2.31653e-12
25.1167,2.42567e-12
25.1333,2.52596e-12
25.15,2.61665e-12
25.1667,2.69705e-12
25.1833,2.76659e-12
25.2,2.82481e-12
25.2167,2.87132e-12
25.2333,2.90586e-12
25.25,2.92827e-12
25.2667,2.9385e-12
25.2833,2.93658e-12
25.3,2.92267e-12
25.3167,2.89699e-12
25.3333,2.85989e-12
25.35,2.81178e-12
25.3667,2.75317e-12
25.3833,2.68463e-12
25.4,2.60682e-12
25.4167,2.52045e-12
25.4333,2.42628e-12
25.45,2.32514e-12
25.4667,2.21789e-12
25.4833,2.10541e-12
25.5,1.98864e-12
25.5167,1.8685e-12
25.5333,1.74593e-12
25.55,1.62189e-12
25.5667,1.4973e-12
25.5833,1.3731e-12
25.6,1.25018e-12
25.6167,1.1294e-12
25.6333,1.01161e-12
25.65,8.97599e-13
25.6667,7.88105e-13
25.6833,6.8382e-13
25.7,5.85378e-13
25.7167,4.93352e-13
25.7333,4.08248e-13
25.75,3.30506e-13
25.7667,2.60498e-13
25.7833,1.98525e-13
25.8,1.44816e-13
25.8167,9.95277e-14
25.8333,6.27482e-14
25.85,3.4494e-14
25.8667,1.47134e-14
25.8833,3.28821e-15
25.9,3.62084e-17
25.9167,4.71418e-15
25.9333,1.70212e-14
25.95,3.66026e-14
25.9667,6.30537e-14
25.9833,9.59244e-14
26,1.34724e-13
26.0167,1.78925e-13
26.0333,2.27971e-13
26.05,2.81277e-13
26.0667,3.38239e-13
26.0833,3.98238e-13
26.1,4.60645e-13
26.1167,5.24825e-13
26.1333,5.90144e-13
26.15,6.55974e-13
26.1667,7.21697e-13
26.1833,7.86709e-13
26.2,8.50428e-13
26.2167,9.12292e-13
26.2333,9.71771e-13
26.25,1.02836e-12
26.2667,1.0816e-12
26.2833,1.13106e-12
26.3,1.17636e-12
26.3167,1.21713e-12
26.3333,1.2531e-12
26.35,1.28399e-12
26.3667,1.30961e-12
26.3833,1.3298e-12
26.4,1.34444e-12
26.4167,1.35346e-12
26.4333,1.35687e-12
26.45,1.35468e-12
26.4667,1.34697e-12
26.4833,1.33386e-12
26.5,1.31552e-12
26.5167,1.29216e-12
26.5333,1.264e-12
26.55,1.23132e-12
26.5667,1.19444e-12
26.5833,1.15369e-12
26.6,1.10943e-12
26.6167,1.06204e-12
26.6333,1.01192e-12
26.65,9.59497e-13
26.6667,9.05183e-13
26.6833,8.49418e-13
26.7,7.92636e-13
26.7167,7.35273e-13
26.7333,6.77761e-13
26.75,6.20523e-13
26.7667,5.63972e-13
26.7833,5.08505e-13
26.8,4.54503e-13
26.8167,4.02327e-13
26.8333,3.52315e-13
26.85,3.04778e-13
26.8667,2.60004e-13
26.8833,2.18248e-13
26.9,1.79739e-13
26.9167,1.44673e-13
26.9333,1.13212e-13
26.95,8.54877e-14
26.9667,6.15988e-14
26.9833,4.16103e-14
27,2.55545e-14
27.0167,1.34318e-14
27.0333,5.21103e-15
27.05,8.30543e-16
27.0667,1.99513e-16
27.0833,3.19928e-15
27.1,9.68494e-15
27.1167,1.94871e-14
27.1333,3.2414e-14
27.15,4.8253e-14
27.1667,6.67736e-14
27.1833,8.7729e-14
27.2,1.10859e-13
27.2167,1.3589e-13
27.2333,1.62544e-13
27.25,1.90532e-13
27.2667,2.19562e-13
27.2833,2.49343e-13
27.3,2.79581e-13
27.3167,3.09988e-13
27.3333,3.40279e-13
27.35,3.70178e-13
27.3667,3.99419e-13
27.3833,4.27744e-13
27.4,4.54913e-13
27.4167,4.80697e-13
27.4333,5.04885e-13
27.45,5.27285e-13
27.4667,5.4772e-13
27.4833,5.66038e-13
27.5,5.82104e-13
27.5167,5.95805e-13
27.5333,6.07051e-13
27.55,6.15774e-13
27.5667,6.21927e-13
27.5833,6.25486e-13
27.6,6.2645e-13
27.6167,6.24838e-13
27.6333,6.20689e-13
27.65,6.14065e-13
27.6667,6.05045e-13
27.6833,5.93728e-13
27.7,5.80227e-13
27.7167,5.64674e-13
27.7333,5.47214e-13
27.75,5.28004e-13
27.7667,5.07214e-13
27.7833,4.85022e-13
27.8,4.61616e-13
27.8167,4.37189e-13
27.8333,4.11938e-13
27.85,3.86063e-13
27.8667,3.59766e-13
27.8833,3.33248e-13
27.9,3.06708e-13
27.9167,2.80339e-13
27.9333,2.5433e-13
27.95,2.28865e-13
27.9667,2.04115e-13
27.9833,1.80246e-13
28,1.57411e-13
28.0167,1.35751e-13
28.0333,1.15395e-13
28.05,9.64592e-14
28.0667,7.90446e-14
28.0833,6.32383e-14
28.1,4.91123e-14
28.1167,3.67237e-14
28.1333,2.61142e-14
28.15,1.73104e-14
28.1667,1.03236e-14
28.1833,5.15073e-15
28.2,1.77394e-15
28.2167,1.616e-16
28.2333,2.68705e-16
28.25,2.03756e-15
28.2667,5.39854e-15
28.2833,1.02709e-14
28.3,1.65638e-14
28.3167,2.41771e-14
28.3333,3.30024e-14
28.35,4.29243e-14
28.3667,5.38209e-14
28.3833,6.55659e-14
28.4,7.80288e-14
28.4167,9.10763e-14
28.4333,1.04574e-13
28.45,1.18386e-13
28.4667,1.32377e-13
28.4833,1.46416e-13
28.5,1.60371e-13
28.5167,1.74116e-13
28.5333,1.87528e-13
28.55,2.00492e-13
28.5667,2.12895e-13
28.5833,2.24636e-13
28.6,2.35619e-13
28.6167,2.45756e-13
28.6333,2.54969e-13
28.65,2.63188e-13
28.6667,2.70354e-13
28.6833,2.76418e-13
28.7,2.81341e-13
28.7167,2.85092e-13
28.7333,2.87653e-13
28.75,2.89016e-13
28.7667,2.89181e-13
28.7833,2.8816e-13
28.8,2.85974e-13
28.8167,2.82653e-13
28.8333,2.78236e-13
28.85,2.72769e-13
28.8667,2.66308e-13
28.8833,2.58914e-13
28.9,2.50657e-13
28.9167,2.41609e-13
28.9333,2.31851e-13
28.95,2.21465e-13
28.9667,2.10539e-13
28.9833,1.99163e-13
29,1.87428e-13
29.0167,1.75427e-13
29.0333,1.63253e-13
29.05,1.50998e-13
29.0667,1.38754e-13
29.0833,1.2661e-13
29.1,1.14653e-13
29.1167,1.02965e-13
29.1333,9.16258e-14
29.15,8.07104e-14
29.1667,7.0288e-14
29.1833,6.04229e-14
29.2,5.1173e-14
29.2167,4.25902e-14
29.2333,3.47199e-14
29.25,2.76006e-14
29.2667,2.1264e-14
29.2833,1.57347e-14
29.3,1.10304e-14
29.3167,7.16167e-15
29.3333,4.13224e-15
29.35,1.939e-15
29.3667,5.72241e-16
29.3833,1.58747e-17
29.4,2.47719e-16
29.4167,1.23981e-15
29.4333,2.95878e-15
29.45,5.36621e-15
29.4667,8.41909e-15
29.4833,1.20703e-14
29.5,1.62688e-14
29.5167,2.09608e-14
29.5333,2.60895e-14
29.55,3.15958e-14
29.5667,3.74194e-14
29.5833,4.34983e-14
29.6,4.97704e-14
29.6167,5.61731e-14
29.6333,6.26445e-14
29.65,6.91232e-14
29.6667,7.55494e-14
29.6833,8.18652e-14
29.7,8.80146e-14
29.7167,9.39444e-14
29.7333,9.96045e-14
29.75,1.04948e-13
29.7667,1.09931e-13
29.7833,1.14515e-13
29.8,1.18664e-13
29.8167,1.22348e-13
29.8333,1.2554e-13
29.85,1.28218e-13
29.8667,1.30366e-13
29.8833,1.3197e-13
29.9,1.33023e-13
29.9167,1.33523e-13
29.9333,1.3347e-13
29.95,1.32872e-13
29.9667,1.31739e-13
29.9833,1.30085e-13
30,1.2793e-13
30.0167,1.25295e-13
30.0333,1.22209e-13
30.05,1.18698e-13
30.0667,1.14796e-13
30.0833,1.10538e-13
30.1,1.05961e-13
30.1167,1.01104e-13
30.1333,9.60061e-14
30.15,9.07105e-14
30.1667,8.52591e-14
30.1833,7.9695e-14
30.2,7.40609e-14
30.2167,6.83996e-14
30.2333,6.27529e-14
30.25,5.71619e-14
30.2667,5.16661e-14
30.2833,4.63036e-14
30.3,4.11105e-14
30.3167,3.61207e-14
30.3333,3.13657e-14
30.35,2.68746e-14
30.3667,2.26734e-14
30.3833,1.87855e-14
30.4,1.52309e-14
30.4167,1.20269e-14
30.4333,9.18729e-15
30.45,6.72265e-15
30.4667,4.64039e-15
30.4833,2.94467e-15
30.5,1.63644e-15
30.5167,7.13563e-16
30.5333,1.70848e-16
30.55,1.98515e-19
30.5667,1.90733e-16
30.5833,7.2894e-16
30.6,1.59885e-15
30.6167,2.7822e-15
30.6333,4.25867e-15
30.65,6.00606e-15
30.6667,8.00053e-15
30.6833,1.02168e-14
30.7,1.26284e-14
30.7167,1.5208e-14
30.7333,1.79274e-14
30.75,2.0758e-14
30.7667,2.3671e-14
30.7833,2.66377e-14
30.8,2.96293e-14
30.8167,3.26179e-14
30.8333,3.55758e-14
30.85,3.84766e-14
30.8667,4.12948e-14
30.8833,4.40059e-14
30.9,4.65873e-14
30.9167,4.90176e-14
30.9333,5.12772e-14
30.95,5.33484e-14
30.9667,5.52155e-14
30.9833,5.68645e-14
31,5.82837e-14
31.0167,5.94638e-14
31.0333,6.03971e-14
31.05,6.10786e-14
31.0667,6.15052e-14
31.0833,6.16761e-14
31.1,6.15926e-14
31.1167,6.1258e-14
31.1333,6.06777e-14
31.15,5.9859e-14
31.1667,5.88109e-14
31.1833,5.75445e-14
31.2,5.60719e-14
31.2167,5.44072e-14
31.2333,5.25655e-14
31.25,5.05632e-14
31.2667,4.84175e-14
31.2833,4.61467e-14
31.3,4.37696e-14
31.3167,4.13055e-14
31.3333,3.87742e-14
31.35,3.61954e-14
31.3667,3.3589e-14
31.3833,3.09745e-14
31.4,2.83713e-14
31.4167,2.57981e-14
31.4333,2.32731e-14
31.45,2.08136e-14
31.4667,1.8436e-14
31.4833,1.61559e-14
31.5,1.39875e-14
31.5167,1.19438e-14
31.5333,1.00367e-14
31.55,8.27654e-15
31.5667,6.67233e-15
31.5833,5.23162e-15
31.6,3.96045e-15
31.6167,2.86339e-15
31.6333,1.94349e-15
31.65,1.20233e-15
31.6667,6.40008e-16
31.6833,2.55203e-16
31.7,4.51993e-17
31.7167,5.95194e-18
31.7333,1.32145e-16
31.75,4.17265e-16
31.7667,8.53682e-16
31.7833,1.43273e-15
31.8,2.14482e-15
31.8167,2.97951e-15
31.8333,3.92562e-15
31.85,4.97135e-15
31.8667,6.10436e-15
31.8833,7.31191e-15
31.9,8.58097e-15
31.9167,9.89828e-15
31.9333,1.12505e-14
31.95,1.26244e-14
31.9667,1.40068e-14
31.9833,1.53848e-14
32,1.67457e-14
32.0167,1.80774e-14
32.0333,1.93683e-14
32.05,2.06072e-14
32.0667,2.17839e-14
32.0833,2.28885e-14
32.1,2.39124e-14
32.1167,2.48474e-14
32.1333,2.56866e-14
32.15,2.64238e-14
32.1667,2.70537e-14
32.1833,2.75723e-14
32.2,2.79762e-14
32.2167,2.82635e-14
32.2333,2.84329e-14
32.25,2.84842e-14
32.2667,2.84183e-14
32.2833,2.8237e-14
32.3,2.79429e-14
32.3167,2.75396e-14
32.3333,2.70315e-14
32.35,2.64238e-14
32.3667,2.57224e-14
32.3833,2.49339e-14
32.4,2.40653e-14
32.4167,2.31243e-14
32.4333,2.21191e-14
32.45,2.10582e-14
32.4667,1.99502e-14
32.4833,1.88042e-14
32.5,1.76292e-14
32.5167,1.64345e-14
32.5333,1.52291e-14
32.55,1.40221e-14
32.5667,1.28224e-14
32.5833,1.16385e-14
32.6,1.04788e-14
32.6167,9.3512e-15
32.6333,8.26313e-15
32.65,7.22164e-15
32.6667,6.23319e-15
32.6833,5.3037e-15
32.7,4.43845e-15
32.7167,3.6421e-15
32.7333,2.91864e-15
32.75,2.27141e-15
32.7667,1.70303e-15
32.7833,1.21545e-15
32.8,8.09925e-16
32.8167,4.87013e-16
32.8333,2.46609e-16
32.85,8.79486e-17
32.8667,9.63325e-18
32.8833,9.65389e-18
32.9,8.5423e-17
32.9167,2.33808e-16
32.9333,4.51171e-16
32.95,7.33406e-16
32.9667,1.07598e-15
32.9833,1.474e-15
33,1.92223e-15
33.0167,2.41514e-15
33.0333,2.947e-15
33.05,3.51189e-15
33.0667,4.10376e-15
33.0833,4.71647e-15
33.1,5.34388e-15
33.1167,5.97986e-15
33.1333,6.61834e-15
33.15,7.2534e-15
33.1667,7.87926e-15
33.1833,8.49035e-15
33.2,9.08134e-15
33.2167,9.6472e-15
33.2333,1.01832e-14
33.25,1.0685e-14
33.2667,1.11486e-14
33.2833,1.15703e-14
33.3,1.19471e-14
33.3167,1.22761e-14
33.3333,1.25551e-14
33.35,1.27823e-14
33.3667,1.29563e-14
33.3833,1.30763e-14
33.4,1.31417e-14
33.4167,1.31527e-14
33.4333,1.31097e-14
33.45,1.30136e-14
33.4667,1.28658e-14
33.4833,1.2668e-14
33.5,1.24223e-14
33.5167,1.21313e-14
33.5333,1.17976e-14
33.55,1.14245e-14
33.5667,1.10152e-14
33.5833,1.05733e-14
33.6,1.01027e-14
33.6167,9.60723e-15
33.6333,9.09103e-15
33.65,8.55824e-15
33.6667,8.01308e-15
33.6833,7.45977e-15
33.7,6.90254e-15
33.7167,6.34553e-15
33.7333,5.79281e-15
33.75,5.24833e-15
33.7667,4.71588e-15
33.7833,4.19908e-15
33.8,3.70133e-15
33.8167,3.22581e-15
33.8333,2.77546e-15
33.85,2.35293e-15
33.8667,1.96061e-15
33.8833,1.60056e-15
33.9,1.27457e-15
33.9167,9.84103e-16
33.9333,7.30292e-16
33.95,5.13961e-16
33.9667,3.35614e-16
33.9833,1.9544e-16
34,9.33168e-17
34.0167,2.88216e-17
34.0333,1.24085e-18
34.05,9.58287e-18
34.0667,5.25921e-17
34.0833,1.28765e-16
34.1,2.3637e-16
34.1167,3.73462e-16
34.1333,5.37907e-16
34.15,7.27402e-16
34.1667,9.39499e-16
34.1833,1.17162e-15
34.2,1.4211e-15
34.2167,1.68517e-15
34.2333,1.96105e-15
34.25,2.24588e-15
34.2667,2.53684e-15
34.2833,2.8311e-15
34.3,3.12586e-15
34.3167,3.4184e-15
34.3333,3.70609e-15
34.35,3.98636e-15
34.3667,4.25679e-15
34.3833,4.51509e-15
34.4,4.75911e-15
34.4167,4.98688e-15
34.4333,5.19658e-15
34.45,5.38661e-15
34.4667,5.55555e-15
34.4833,5.70218e-15
34.5,5.82549e-15
34.5167,5.9247e-15
34.5333,5.99923e-15
34.55,6.04872e-15
34.5667,6.07302e-15
34.5833,6.0722e-15
34.6,6.04652e-15
34.6167,5.99647e-15
34.6333,5.92269e-15
34.65,5.82605e-15
34.6667,5.70755e-15
34.6833,5.56837e-15
34.7,5.40984e-15
34.7167,5.23342e-15
34.7333,5.04069e-15
34.75,4.83332e-15
34.7667,4.61309e-15
34.7833,4.38183e-15
34.8,4.14144e-15
34.8167,3.89384e-15
34.8333,3.64099e-15
34.85,3.38484e-15
34.8667,3.12732e-15
34.8833,2.87036e-15
34.9,2.61581e-15
34.9167,2.36549e-15
34.9333,2.12112e-15
34.95,1.88436e-15
34.9667,1.65676e-15
34.9833,1.43976e-15
35,1.23467e-15
35.0167,1.04272e-15
35.0333,8.64945e-16
35.05,7.02292e-16
35.0667,5.5554e-16
35.0833,4.25331e-16
35.1,3.12156e-16
35.1167,2.16361e-16
35.1333,1.38144e-16
35.15,7.75584e-17
35.1667,3.45138e-17
35.1833,8.78321e-18
35.2,6.21352e-21
35.2167,7.69538e-18
35.2333,3.12431e-17
35.25,6.99293e-17
35.2667,1.2293e-16
35.2833,1.89325e-16
35.3,2.6811e-16
35.3167,3.58204e-16
35.3333,4.58462e-16
35.35,5.67682e-16
35.3667,6.84619e-16
35.3833,8.07997e-16
35.4,9.36515e-16
35.4167,1.06886e-15
35.4333,1.20373e-15
35.45,1.33981e-15
35.4667,1.47583e-15
35.4833,1.61053e-15
35.5,1.7427e-15
35.5167,1.87118e-15
35.5333,1.99486e-15
35.55,2.11269e-15
35.5667,2.2237e-15
35.5833,2.327e-15
35.6,2.42177e-15
35.6167,2.5073e-15
35.6333,2.58294e-15
35.65,2.64815e-15
35.6667,2.7025e-15
35.6833,2.74565e-15
35.7,2.77734e-15
35.7167,2.79745e-15
35.7333,2.80592e-15
35.75,2.8028e-15
35.7667,2.78825e-15
35.7833,2.76251e-15
35.8,2.72589e-15
35.8167,2.67881e-15
35.8333,2.62176e-15
35.85,2.5553e-15
35.8667,2.48006e-15
35.8833,2.39671e-15
35.9,2.30602e-15
35.9167,2.20875e-15
35.9333,2.10574e-15
35.95,1.99784e-15
35.9667,1.88593e-15
35.9833,1.77091e-15
36,1.65368e-15
36.0167,1.53513e-15
36.0333,1.41617e-15
36.05,1.29767e-15
36.0667,1.18048e-15
36.0833,1.06544e-15
36.1,9.53337e-16
36.1167,8.44921e-16
36.1333,7.40898e-16
36.15,6.41921e-16
36.1667,5.48589e-16
36.1833,4.61442e-16
36.2,3.80956e-16
36.2167,3.07545e-16
36.2333,2.41557e-16
36.25,1.8327e-16
36.2667,1.32896e-16
36.2833,9.05783e-17
36.3,5.63921e-17
36.3167,3.03462e-17
36.3333,1.23838e-17
36.35,2.38512e-18
36.3667,1.69305e-19
36.3833,5.49769e-18
36.4,1.80769e-17
36.4167,3.75623e-17
36.4333,6.35625e-17
36.45,9.56427e-17
36.4667,1.3333e-16
36.4833,1.76117e-16
36.5,2.23469e-16
36.5167,2.74825e-16
36.5333,3.29606e-16
36.55,3.8722e-16
36.5667,4.47063e-16
36.5833,5.0853e-16
36.6,5.71016e-16
36.6167,6.33921e-16
36.6333,6.96656e-16
36.65,7.58646e-16
36.6667,8.19338e-16
36.6833,8.78198e-16
36.7,9.34722e-16
36.7167,9.88434e-16
36.7333,1.03889e-15
36.75,1.0857e-15
36.7667,1.12848e-15
36.7833,1.16691e-15
36.8,1.20071e-15
36.8167,1.22965e-15
36.8333,1.25352e-15
36.85,1.27219e-15
36.8667,1.28555e-15
36.8833,1.29354e-15
36.9,1.29616e-15
36.9167,1.29344e-15
36.9333,1.28546e-15
36.95,1.27234e-15
36.9667,1.25425e-15
36.9833,1.23137e-15
37,1.20394e-15
37.0167,1.17223e-15
37.0333,1.13654e-15
37.05,1.09719e-15
37.0667,1.05453e-15
37.0833,1.00892e-15
37.1,9.60754e-16
37.1167,9.10427e-16
37.1333,8.58347e-16
37.15,8.04929e-16
37.1667,7.50589e-16
37.1833,6.95745e-16
37.2,6.40806e-16
37.2167,5.86177e-16
37.2333,5.32251e-16
37.25,4.79406e-16
37.2667,4.28003e-16
37.2833,3.78386e-16
37.3,3.30873e-16
37.3167,2.85761e-16
37.3333,2.43321e-16
37.35,2.03793e-16
37.3667,1.67393e-16
37.3833,1.34303e-16
37.4,1.04677e-16
37.4167,7.8635e-17
37.4333,5.62681e-17
37.45,3.76345e-17
37.4667,2.27615e-17
37.4833,1.16457e-17
37.5,4.25357e-18
37.5167,5.22866e-19
37.5333,3.63362e-19
37.55,3.65844e-18
37.5667,1.02666e-17
37.5833,2.00232e-17
37.6,3.27422e-17
37.6167,4.82183e-17
37.6333,6.62288e-17
37.65,8.65361e-17
37.6667,1.0889e-16
37.6833,1.33028e-16
37.7,1.58682e-16
37.7167,1.85577e-16
37.7333,2.13433e-16
37.75,2.4197e-16
37.7667,2.7091e-16
37.7833,2.99975e-16
37.8,3.28896e-16
37.8167,3.57409e-16
37.8333,3.85259e-16
37.85,4.12205e-16
37.8667,4.38015e-16
37.8833,4.62475e-16
37.9,4.85385e-16
37.9167,5.06561e-16
37.9333,5.25839e-16
37.95,5.43074e-16
37.9667,5.58141e-16
37.9833,5.70935e-16
38,5.81371e-16
38.0167,5.89388e-16
38.0333,5.94943e-16
38.05,5.98016e-16
38.0667,5.98609e-16
38.0833,5.96743e-16
38.1,5.92458e-16
38.1167,5.85815e-16
38.1333,5.76892e-16
38.15,5.65785e-16
38.1667,5.52607e-16
38.1833,5.37484e-16
38.2,5.20557e-16
38.2167,5.01978e-16
38.2333,4.8191e-16
38.25,4.60525e-16
38.2667,4.38004e-16
38.2833,4.14532e-16
38.3,3.90297e-16
38.3167,3.65493e-16
38.3333,3.40311e-16
38.35,3.14944e-16
38.3667,2.89582e-16
38.3833,2.64408e-16
38.4,2.39605e-16
38.4167,2.15344e-16
38.4333,1.9179e-16
38.45,1.691e-16
38.4667,1.47418e-16
38.4833,1.26879e-16
38.5,1.07604e-16
38.5167,8.97015e-17
38.5333,7.3267e-17
38.55,5.83817e-17
38.5667,4.51126e-17
38.5833,3.35122e-17
38.6,2.36183e-17
38.6167,1.54543e-17
38.6333,9.02915e-18
38.65,4.33764e-18
38.6667,1.36089e-18
38.6833,6.66996e-20
38.7,4.10192e-19
38.7167,2.33443e-18
38.7333,5.77117e-18
38.75,1.06417e-17
38.7667,1.68576e-17
38.7833,2.43217e-17
38.8,3.29294e-17
38.8167,4.2569e-17
38.8333,5.31234e-17
38.85,6.44708e-17
38.8667,7.64858e-17
38.8833,8.90405e-17
38.9,1.02006e-16
38.9167,1.15252e-16
38.9333,1.28651e-16
38.95,1.42075e-16
38.9667,1.554e-16
38.9833,1.68505e-16
39,1.81274e-16
39.0167,1.93596e-16
39.0333,2.05366e-16
39.05,2.16487e-16
39.0667,2.26869e-16
39.0833,2.36428e-16
39.1,2.45092e-16
39.1167,2.52794e-16
39.1333,2.59481e-16
39.15,2.65106e-16
39.1667,2.69632e-16
39.1833,2.73034e-16
39.2,2.75295e-16
39.2167,2.76408e-16
39.2333,2.76376e-16
39.25,2.75211e-16
39.2667,2.72935e-16
39.2833,2.69578e-16
39.3,2.65178e-16
39.3167,2.59782e-16
39.3333,2.53443e-16
39.35,2.46223e-16
39.3667,2.38186e-16
39.3833,2.29407e-16
39.4,2.1996e-16
39.4167,2.09927e-16
39.4333,1.99391e-16
39.45,1.88439e-16
39.4667,1.77159e-16
39.4833,1.6564e-16
39.5,1.53971e-16
39.5167,1.42241e-16
39.5333,1.30536e-16
39.55,1.18942e-16
39.5667,1.07541e-16
39.5833,9.64123e-17
39.6,8.56314e-17
39.6167,7.52687e-17
39.6333,6.53901e-17
39.65,5.60559e-17
39.6667,4.73207e-17
39.6833,3.92332e-17
39.7,3.18356e-17
39.7167,2.51638e-17
39.7333,1.92467e-17
39.75,1.41068e-17
39.7667,9.75972e-18
39.7833,6.21439e-18
39.8,3.47308e-18
39.8167,1.5316e-18
39.8333,3.79437e-19
39.85,2.89809e-27
39.8667,3.70908e-19
39.8833,1.46429e-18
39.9,3.24716e-18
39.9167,5.68174e-18
39.9333,8.72597e-18
39.95,1.23338e-17
39.9667,1.64559e-17
39.9833,2.10397e-17
40,2.60305e-17
40.0167,3.13712e-17
40.0333,3.70035e-17
40.05,4.28681e-17
40.0667,4.8905e-17
40.0833,5.50543e-17
40.1,6.12567e-17
40.1167,6.74536e-17
40.1333,7.3588e-17
40.15,7.96045e-17
40.1667,8.54501e-17
40.1833,9.10742e-17
40.2,9.64294e-17
40.2167,1.01471e-16
40.2333,1.06159e-16
40.25,1.10456e-16
40.2667,1.14329e-16
40.2833,1.1775e-16
40.3,1.20694e-16
40.3167,1.2314e-16
40.3333,1.25075e-16
40.35,1.26486e-16
40.3667,1.27369e-16
40.3833,1.2772e-16
40.4,1.27542e-16
40.4167,1.26844e-16
40.4333,1.25635e-16
40.45,1.2393e-16
40.4667,1.2175e-16
40.4833,1.19116e-16
40.5,1.16055e-16
40.5167,1.12595e-16
40.5333,1.08767e-16
40.55,1.04607e-16
40.5667,1.00149e-16
40.5833,9.54325e-17
40.6,9.04958e-17
40.6167,8.53794e-17
40.6333,8.01243e-17
40.65,7.47718e-17
40.6667,6.9363e-17
40.6833,6.39389e-17
40.7,5.85394e-17
40.7167,5.32038e-17
40.7333,4.79697e-17
40.75,4.28732e-17
40.7667,3.79486e-17
40.7833,3.32278e-17
40.8,2.87405e-17
40.8167,2.4514e-17
40.8333,2.05725e-17
40.85,1.69376e-17
40.8667,1.36281e-17
40.8833,1.06593e-17
40.9,8.04376e-18
40.9167,5.79085e-18
40.9333,3.90672e-18
40.95,2.39448e-18
40.9667,1.25416e-18
40.9833,4.82817e-19
41,7.45937e-20
41.0167,2.08732e-20
41.0333,3.10389e-19
41.05,9.29384e-19
41.0667,1.86178e-18
41.0833,3.08934e-18
41.1,4.59191e-18
41.1167,6.34757e-18
41.1333,8.3329e-18
41.15,1.05232e-17
41.1667,1.28925e-17
41.1833,1.54144e-17
41.2,1.80614e-17
41.2167,2.08059e-17
41.2333,2.36202e-17
41.25,2.64766e-17
41.2667,2.93475e-17
41.2833,3.22061e-17
41.3,3.50262e-17
41.3167,3.77824e-17
41.3333,4.04506e-17
41.35,4.30079e-17
41.3667,4.54327e-17
41.3833,4.77051e-17
41.4,4.98067e-17
41.4167,5.17213e-17
41.4333,5.34342e-17
41.45,5.49328e-17
41.4667,5.62066e-17
41.4833,5.72472e-17
41.5,5.80483e-17
41.5167,5.86055e-17
41.5333,5.8917e-17
41.55,5.89825e-17
41.5667,5.88041e-17
41.5833,5.83859e-17
41.6,5.77338e-17
41.6167,5.68555e-17
41.6333,5.57605e-17
41.65,5.44599e-17
41.6667,5.29663e-17
41.6833,5.12936e-17
41.7,4.9457e-17
41.7167,4.74727e-17
41.7333,4.53578e-17
41.75,4.31302e-17
41.7667,4.08084e-17
41.7833,3.84111e-17
41.8,3.59575e-17
41.8167,3.34667e-17
41.8333,3.0958e-17
41.85,2.84501e-17
41.8667,2.59615e-17
41.8833,2.35101e-17
41.9,2.11131e-17
41.9167,1.8787e-17
41.9333,1.65472e-17
41.95,1.44083e-17
41.9667,1.23834e-17
41.9833,1.04846e-17
42,8.72283e-18
42.0167,7.10737e-18
42.0333,5.64631e-18
42.05,4.34622e-18
42.0667,3.21226e-18
42.0833,2.2481e-18
42.1,1.45596e-18
42.1167,8.36642e-19
42.1333,3.89504e-19
42.15,1.12546e-19
42.1667,2.43857e-21
42.1833,5.45827e-20
42.2,2.63178e-19
42.2167,6.21295e-19
42.2333,1.12096e-18
42.25,1.75324e-18
42.2667,2.50835e-18
42.2833,3.37572e-18
42.3,4.34412e-18
42.3167,5.40179e-18
42.3333,6.53648e-18
42.35,7.73562e-18
42.3667,8.98642e-18
42.3833,1.02759e-17
42.4,1.15912e-17
42.4167,1.29194e-17
42.4333,1.42479e-17
42.45,1.55642e-17
42.4667,1.68563e-17
42.4833,1.81127e-17
42.5,1.93225e-17
42.5167,2.04753e-17
42.5333,2.15613e-17
42.55,2.25718e-17
42.5667,2.34987e-17
42.5833,2.43348e-17
42.6,2.50737e-17
42.6167,2.57101e-17
42.6333,2.62397e-17
42.65,2.66591e-17
42.6667,2.69657e-17
42.6833,2.71584e-17
42.7,2.72365e-17
42.7167,2.72006e-17
42.7333,2.70523e-17
42.75,2.67939e-17
42.7667,2.64286e-17
42.7833,2.59606e-17
42.8,2.53947e-17
42.8167,2.47366e-17
42.8333,2.39925e-17
42.85,2.31692e-17
42.8667,2.22741e-17
42.8833,2.13152e-17
42.9,2.03005e-17
42.9167,1.92387e-17
42.9333,1.81384e-17
42.95,1.70087e-17
42.9667,1.58584e-17
42.9833,1.46965e-17
43,1.35319e-17
43.0167,1.23733e-17
43.0333,1.12292e-17
43.05,1.01078e-17
43.0667,9.01697e-18
43.0833,7.96403e-18
43.1,6.95594e-18
43.1167,5.99914e-18
43.1333,5.09947e-18
43.15,4.26219e-18
43.1667,3.49192e-18
43.1833,2.79263e-18
43.2,2.16763e-18
43.2167,1.61954e-18
43.2333,1.15028e-18
43.25,7.61101e-19
43.2667,4.52564e-19
43.2833,2.24558e-19
43.3,7.63166e-20
43.3167,6.44234e-21
43.3333,1.29293e-20
43.35,9.3195e-20
43.3667,2.44115e-19
43.3833,4.62059e-19
43.4,7.42934e-19
43.4167,1.08223e-18
43.4333,1.47505e-18
43.45,1.9162e-18
43.4667,2.40018e-18
43.4833,2.92128e-18
43.5,3.47362e-18
43.5167,4.05118e-18
43.5333,4.64791e-18
43.55,5.25768e-18
43.5667,5.87446e-18
43.5833,6.49224e-18
43.6,7.10517e-18
43.6167,7.70757e-18
43.6333,8.29397e-18
43.65,8.85916e-18
43.6667,9.3982e-18
43.6833,9.90651e-18
43.7,1.03799e-17
43.7167,1.08144e-17
43.7333,1.12066e-17
43.75,1.15536e-17
43.7667,1.18528e-17
43.7833,1.2102e-17
43.8,1.22996e-17
43.8167,1.24444e-17
43.8333,1.25358e-17
43.85,1.25734e-17
43.8667,1.25576e-17
43.8833,1.2489e-17
43.9,1.23688e-17
43.9167,1.21983e-17
43.9333,1.19797e-17
43.95,1.17151e-17
43.9667,1.14072e-17
43.9833,1.10591e-17
44,1.06738e-17
44.0167,1.0255e-17
44.0333,9.80632e-18
44.05,9.33169e-18
44.0667,8.83517e-18
44.0833,8.3209e-18
44.1,7.79311e-18
44.1167,7.25605e-18
44.1333,6.71399e-18
44.15,6.17112e-18
44.1667,5.63158e-18
44.1833,5.0994e-18
44.2,4.57845e-18
44.2167,4.07244e-18
44.2333,3.58486e-18
44.25,3.11898e-18
44.2667,2.67781e-18
44.2833,2.26411e-18
44.3,1.88033e-18
44.3167,1.52861e-18
44.3333,1.21078e-18
44.35,9.28359e-19
44.3667,6.8252e-19
44.3833,4.74108e-19
44.4,3.03636e-19
44.4167,1.71289e-19
44.4333,7.69292e-20
44.45,2.01032e-20
44.4667,5.51065e-23
44.4833,1.57385e-20
44.5,6.58322e-20
44.5167,1.48757e-19
44.5333,2.62695e-19
44.55,4.05611e-19
44.5667,5.75271e-19
44.5833,7.6927e-19
44.6,9.85053e-19
44.6167,1.21994e-18
44.6333,1.47115e-18
44.65,1.73583e-18
44.6667,2.01107e-18
44.6833,2.29395e-18
44.7,2.58154e-18
44.7167,2.87095e-18
44.7333,3.15931e-18
44.75,3.44386e-18
44.7667,3.7219e-18
44.7833,3.99087e-18
44.8,4.24834e-18
44.8167,4.49201e-18
44.8333,4.71977e-18
44.85,4.9297e-18
44.8667,5.12004e-18
44.8833,5.28928e-18
44.9,5.43609e-18
44.9167,5.55937e-18
44.9333,5.65826e-18
44.95,5.73213e-18
44.9667,5.78056e-18
44.9833,5.80338e-18
45,5.80064e-18
45.0167,5.77261e-18
45.0333,5.71978e-18
45.05,5.64286e-18
45.0667,5.54274e-18
45.0833,5.4205e-18
45.1,5.2774e-18
45.1167,5.11486e-18
45.1333,4.93444e-18
45.15,4.73783e-18
45.1667,4.52683e-18
45.1833,4.30334e-18
45.2,4.06932e-18
45.2167,3.82681e-18
45.2333,3.57787e-18
45.25,3.32457e-18
45.2667,3.069e-18
45.2833,2.81322e-18
45.3,2.55926e-18
45.3167,2.30908e-18
45.3333,2.06458e-18
45.35,1.82757e-18
45.3667,1.59976e-18
45.3833,1.38274e-18
45.4,1.17798e-18
45.4167,9.86801e-19
45.4333,8.10388e-19
45.45,6.49764e-19
45.4667,5.05794e-19
45.4833,3.79177e-19
45.5,2.70445e-19
45.5167,1.79963e-19
45.5333,1.07925e-19
45.55,5.43605e-20
45.5667,1.9136e-20
45.5833,1.95936e-21
45.6,2.38622e-21
45.6167,1.98273e-20
45.6333,5.35567e-20
45.65,1.02721e-19
45.6667,1.66349e-19
45.6833,2.43365e-19
45.7,3.32598e-19
45.7167,4.32794e-19
45.7333,5.42631e-19
45.75,6.6073e-19
45.7667,7.85669e-19
45.7833,9.15997e-19
45.8,1.05025e-18
45.8167,1.18695e-18
45.8333,1.32464e-18
45.85,1.46188e-18
45.8667,1.59727e-18
45.8833,1.72946e-18
45.9,1.85715e-18
45.9167,1.9791e-18
45.9333,2.09417e-18
45.95,2.20129e-18
45.9667,2.2995e-18
45.9833,2.38792e-18
46,2.46579e-18
46.0167,2.53246e-18
46.0333,2.58741e-18
46.05,2.63021e-18
46.0667,2.66058e-18
46.0833,2.67834e-18
46.1,2.68344e-18
46.1167,2.67595e-18
46.1333,2.65604e-18
46.15,2.62403e-18
46.1667,2.5803e-18
46.1833,2.52537e-18
46.2,2.45985e-18
46.2167,2.38441e-18
46.2333,2.29983e-18
46.25,2.20697e-18
46.2667,2.10673e-18
46.2833,2.00006e-18
46.3,1.88799e-18
46.3167,1.77155e-18
46.3333,1.6518e-18
46.35,1.52983e-18
46.3667,1.40671e-18
46.3833,1.28353e-18
46.4,1.16133e-18
46.4167,1.04115e-18
46.4333,9.23969e-19
46.45,8.1074e-19
46.4667,7.02352e-19
46.4833,5.99633e-19
46.5,5.0334e-19
46.5167,4.14156e-19
46.5333,3.32682e-19
46.55,2.59434e-19
46.5667,1.94837e-19
46.5833,1.39226e-19
46.6,9.28398e-20
46.6167,5.58257e-20
46.6333,2.82353e-20
46.65,1.00281e-20
46.6667,1.07322e-21
46.6833,1.15227e-21
46.7,9.96323e-21
46.7167,2.7125e-20
46.7333,5.21829e-20
46.75,8.4614e-20
46.7667,1.23834e-19
46.7833,1.69205e-19
46.8,2.20039e-19
46.8167,2.75612e-19
46.8333,3.35165e-19
46.85,3.97918e-19
46.8667,4.63074e-19
46.8833,5.29828e-19
46.9,5.97376e-19
46.9167,6.64923e-19
46.9333,7.31691e-19
46.95,7.96924e-19
46.9667,8.59896e-19
46.9833,9.19922e-19
47,9.76358e-19
47.0167,1.02861e-18
47.0333,1.07614e-18
47.05,1.11846e-18
47.0667,1.15516e-18
47.0833,1.18588e-18
47.1,1.21035e-18
47.1167,1.22834e-18
47.1333,1.23973e-18
47.15,1.24443e-18
47.1667,1.24246e-18
47.1833,1.23388e-18
47.2,1.21883e-18
47.2167,1.19753e-18
47.2333,1.17024e-18
47.25,1.1373e-18
47.2667,1.09909e-18
47.2833,1.05604e-18
47.3,1.00865e-18
47.3167,9.57432e-19
47.3333,9.0294e-19
47.35,8.45759e-19
47.3667,7.86493e-19
47.3833,7.25761e-19
47.4,6.64186e-19
47.4167,6.02396e-19
47.4333,5.41009e-19
47.45,4.80631e-19
47.4667,4.2185e-19
47.4833,3.65225e-19
47.5,3.11286e-19
47.5167,2.60523e-19
47.5333,2.13384e-19
47.55,1.7027e-19
47.5667,1.31531e-19
47.5833,9.746e-20
47.6,6.82946e-20
47.6167,4.42105e-20
47.6333,2.53225e-20
47.65,1.16829e-20
47.6667,3.28164e-21
47.6833,4.72844e-23
47.7,1.8482e-21
47.7167,8.49499e-21
47.7333,1.97434e-20
47.75,3.5298e-20
47.7667,5.48163e-20
47.7833,7.79137e-20
47.8,1.04169e-19
47.8167,1.33129e-19
47.8333,1.64315e-19
47.85,1.97232e-19
47.8667,2.31368e-19
47.8833,2.66208e-19
47.9,3.01236e-19
47.9167,3.35945e-19
47.9333,3.69837e-19
47.95,4.02436e-19
47.9667,4.3329e-19
47.9833,4.61978e-19
48,4.88113e-19
48.0167,5.11348e-19
48.0333,5.31381e-19
48.05,5.47954e-19
48.0667,5.60862e-19
48.0833,5.69949e-19
48.1,5.75115e-19
48.1167,5.76311e-19
48.1333,5.73545e-19
48.15,5.66876e-19
48.1667,5.56418e-19
48.1833,5.42332e-19
48.2,5.2483e-19
48.2167,5.04165e-19
48.2333,4.80634e-19
48.25,4.54567e-19
48.2667,4.26329e-19
48.2833,3.96309e-19
48.3,3.64917e-19
48.3167,3.3258e-19
48.3333,2.99732e-19
48.35,2.66811e-19
48.3667,2.34252e-19
48.3833,2.0248e-19
48.4,1.71904e-19
48.4167,1.42913e-19
48.4333,1.15869e-19
48.45,9.10999e-20
48.4667,6.88988e-20
48.4833,4.95166e-20
48.5,3.31591e-20
48.5167,1.99839e-20
48.5333,1.00981e-20
48.55,3.55629e-21
48.5667,3.59668e-22
48.5833,4.56003e-22
48.6,3.7402e-21
48.6167,1.00558e-20
48.6333,1.91974e-20
48.65,3.09137e-20
48.6667,4.49113e-20
48.6833,6.08599e-20
48.7,7.8397e-20
48.7167,9.71346e-20
48.7333,1.16665e-19
48.75,1.36569e-19
48.7667,1.56423e-19
48.7833,1.75805e-19
48.8,1.94305e-19
48.8167,2.11532e-19
48.8333,2.2712e-19
48.85,2.40739e-19
48.8667,2.52099e-19
48.8833,2.60956e-19
48.9,2.67122e-19
48.9167,2.70462e-19
48.9333,2.70905e-19
48.95,2.68441e-19
48.9667,2.63123e-19
48.9833,2.55067e-19
49,2.4445e-19
49.0167,2.31502e-19
49.0333,2.16509e-19
49.05,1.99799e-19
49.0667,1.81738e-19
49.0833,1.62723e-19
49.1,1.43168e-19
49.1167,1.23499e-19
49.1333,1.04139e-19
49.15,8.55028e-20
49.1667,6.79801e-20
49.1833,5.19299e-20
49.2,3.76692e-20
49.2167,2.54643e-20
49.2333,1.55235e-20
49.25,7.99036e-21
49.2667,2.93972e-21
49.2833,3.74269e-22
49.3,2.23949e-22
49.3167,2.34702e-21
49.3333,6.53337e-21
49.35,1.251e-20
49.3667,1.99485e-20
49.3833,2.84747e-20
49.4,3.76802e-20
49.4167,4.71353e-20
49.4333,5.64032e-20
49.45,6.50558e-20
49.4667,7.26892e-20
49.4833,7.89398e-20
49.5,8.34995e-20
49.5167,8.61302e-20
49.5333,8.66765e-20
49.55,8.50757e-20
49.5667,8.13656e-20
49.5833,7.56875e-20
49.6,6.82863e-20
49.6167,5.95051e-20
49.6333,4.97745e-20
49.65,3.95977e-20
49.6667,2.95285e-20
49.6833,2.01451e-20
49.7,1.20186e-20
49.7167,5.67667e-21
49.7333,1.56539e-21
49.75,8.15071e-24
49.7667,1.166e-21
49.7833,5.00104e-21
49.8,1.12466e-20
49.8167,1.93884e-20
49.8333,2.86621e-20
49.85,3.80731e-20
49.8667,4.64459e-20
49.8833,5.25127e-20
49.9,5.50491e-20
49.9167,5.30713e-20
49.9333,4.61059e-20
49.95,3.45489e-20
49.9667,2.01308e-20
49.9833,6.50752e-21
