1e-05,1.13404e-15
0.0166767,2.8032e-08
0.0333433,2.78568e-07
0.05001,1.14692e-06
0.0666767,3.19379e-06
0.0833433,7.11271e-06
0.10001,1.37015e-05
0.116677,2.38372e-05
0.133343,3.8454e-05
0.15001,5.85248e-05
0.166677,8.50443e-05
0.183343,0.000119015
0.20001,0.000161437
0.216677,0.000213296
0.233343,0.000275554
0.25001,0.000349146
0.266677,0.000434974
0.283343,0.0005339
0.30001,0.000646745
0.316677,0.000774287
0.333343,0.000917256
0.35001,0.00107634
0.366677,0.00125218
0.383343,0.00144536
0.40001,0.00165644
0.416677,0.00188592
0.433343,0.00213426
0.45001,0.00240188
0.466677,0.00268916
0.483343,0.00299644
0.50001,0.00332403
0.516677,0.00367219
0.533343,0.00404117
0.55001,0.00443117
0.566677,0.00484238
0.583343,0.00527496
0.60001,0.00572902
0.616677,0.00620467
0.633343,0.00670201
0.65001,0.0072211
0.666677,0.00776198
0.683343,0.00832469
0.70001,0.00890925
0.716677,0.00951565
0.733343,0.0101439
0.75001,0.0107939
0.766677,0.0114657
0.783343,0.0121593
0.80001,0.0128745
0.816677,0.0136113
0.833343,0.0143696
0.85001,0.0151493
0.866676,0.0159504
0.883343,0.0167727
0.90001,0.0176162
0.916676,0.0184806
0.933343,0.0193659
0.95001,0.0202719
0.966676,0.0211985
0.983343,0.0221455
1.00001,0.0231128
1.01668,0.0241001
1.03334,0.0251073
1.05001,0.0261341
1.06668,0.0271804
1.08334,0.028246
1.10001,0.0293306
1.11668,0.0304339
1.13334,0.0315558
1.15001,0.0326959
1.16668,0.0338539
1.18334,0.0350297
1.20001,0.0362228
1.21668,0.037433
1.23334,0.03866
1.25001,0.0399033
1.26668,0.0411628
1.28334,0.042438
1.30001,0.0437286
1.31668,0.0450341
1.33334,0.0463543
1.35001,0.0476888
1.36668,0.0490371
1.38334,0.0503989
1.40001,0.0517737
1.41668,0.0531611
1.43334,0.0545607
1.45001,0.0559721
1.46668,0.0573949
1.48334,0.0588285
1.50001,0.0602726
1.51668,0.0617268
1.53334,0.0631904
1.55001,0.0646632
1.56668,0.0661445
1.58334,0.0676341
1.60001,0.0691313
1.61668,0.0706357
1.63334,0.0721469
1.65001,0.0736644
1.66668,0.0751876
1.68334,0.0767161
1.70001,0.0782495
1.71668,0.0797872
1.73334,0.0813288
1.75001,0.0828738
1.76668,0.0844217
1.78334,0.085972
1.80001,0.0875243
1.81668,0.089078
1.83334,0.0906328
1.85001,0.0921881
1.86668,0.0937435
1.88334,0.0952984
1.90001,0.0968526
1.91668,0.0984054
1.93334,0.0999565
1.95001,0.101505
1.96668,0.103052
1.98334,0.104595
2.00001,0.106134
2.01668,0.10767
2.03334,0.109201
2.05001,0.110728
2.06668,0.112249
2.08334,0.113764
2.10001,0.115274
2.11668,0.116777
2.13334,0.118274
2.15001,0.119763
2.16668,0.121245
2.18334,0.122719
2.20001,0.124185
2.21668,0.125642
2.23334,0.12709
2.25001,0.128529
2.26668,0.129958
2.28334,0.131378
2.30001,0.132787
2.31668,0.134186
2.33334,0.135574
2.35001,0.13695
2.36668,0.138316
2.38334,0.13967
2.40001,0.141012
2.41668,0.142341
2.43334,0.143659
2.45001,0.144964
2.46668,0.146255
2.48334,0.147534
2.50001,0.1488
2.51668,0.150052
2.53334,0.15129
2.55001,0.152514
2.56668,0.153724
2.58334,0.15492
2.60001,0.156102
2.61668,0.157269
2.63334,0.158421
2.65001,0.159558
2.66668,0.16068
2.68334,0.161787
2.70001,0.162879
2.71668,0.163955
2.73334,0.165015
2.75001,0.16606
2.76668,0.167089
2.78334,0.168102
2.80001,0.169099
2.81668,0.17008
2.83334,0.171045
2.85001,0.171994
2.86668,0.172926
2.88334,0.173842
2.90001,0.174741
2.91668,0.175624
2.93334,0.17649
2.95001,0.177339
2.96668,0.178172
2.98334,0.178989
3.00001,0.179788
3.01668,0.180571
3.03334,0.181337
3.05001,0.182086
3.06668,0.182818
3.08334,0.183533
3.10001,0.184232
3.11668,0.184913
3.13334,0.185578
3.15001,0.186226
3.16668,0.186857
3.18334,0.187472
3.20001,0.188069
3.21668,0.18865
3.23334,0.189214
3.25001,0.189761
3.26668,0.190291
3.28334,0.190805
3.30001,0.191301
3.31668,0.191782
3.33334,0.192246
3.35001,0.192693
3.36668,0.193123
3.38334,0.193537
3.40001,0.193935
3.41668,0.194317
3.43334,0.194682
3.45001,0.195031
3.46668,0.195363
3.48334,0.19568
3.50001,0.19598
3.51668,0.196265
3.53334,0.196533
3.55001,0.196786
3.56668,0.197023
3.58334,0.197244
3.60001,0.19745
3.61668,0.19764
3.63334,0.197814
3.65001,0.197973
3.66668,0.198117
3.68334,0.198246
3.70001,0.19836
3.71668,0.198459
3.73334,0.198542
3.75001,0.198611
3.76668,0.198665
3.78334,0.198705
3.80001,0.19873
3.81668,0.198741
3.83334,0.198737
3.85001,0.19872
3.86668,0.198688
3.88334,0.198642
3.90001,0.198583
3.91668,0.198509
3.93334,0.198422
3.95001,0.198322
3.96668,0.198208
3.98334,0.198081
4.00001,0.197941
4.01668,0.197788
4.03334,0.197622
4.05001,0.197443
4.06668,0.197252
4.08334,0.197048
4.10001,0.196832
4.11668,0.196604
4.13334,0.196363
4.15001,0.196111
4.16668,0.195847
4.18334,0.195571
4.20001,0.195283
4.21668,0.194985
4.23334,0.194674
4.25001,0.194353
4.26668,0.194021
4.28334,0.193678
4.30001,0.193324
4.31668,0.19296
4.33334,0.192586
4.35001,0.192201
4.36668,0.191806
4.38334,0.191401
4.40001,0.190986
4.41668,0.190561
4.43334,0.190127
4.45001,0.189684
4.46668,0.189231
4.48334,0.188769
4.50001,0.188299
4.51668,0.187819
4.53334,0.187331
4.55001,0.186834
4.56668,0.186329
4.58334,0.185816
4.60001,0.185295
4.61668,0.184765
4.63334,0.184228
4.65001,0.183684
4.66668,0.183132
4.68334,0.182572
4.70001,0.182005
4.71668,0.181432
4.73334,0.180851
4.75001,0.180264
4.76668,0.17967
4.78334,0.179069
4.80001,0.178462
4.81668,0.177849
4.83334,0.17723
4.85001,0.176605
4.86668,0.175974
4.88334,0.175338
4.90001,0.174696
4.91668,0.174049
4.93334,0.173396
4.95001,0.172738
4.96668,0.172076
4.98334,0.171408
5.00001,0.170736
5.01668,0.170059
5.03334,0.169378
5.05001,0.168693
5.06668,0.168003
5.08334,0.167309
5.10001,0.166611
5.11668,0.16591
5.13334,0.165204
5.15001,0.164495
5.16668,0.163783
5.18334,0.163067
5.20001,0.162348
5.21668,0.161626
5.23334,0.160901
5.25001,0.160173
5.26668,0.159442
5.28334,0.158709
5.30001,0.157973
5.31668,0.157234
5.33334,0.156493
5.35001,0.15575
5.36668,0.155005
5.38334,0.154258
5.40001,0.153509
5.41668,0.152758
5.43334,0.152005
5.45001,0.15125
5.46668,0.150494
5.48334,0.149737
5.50001,0.148978
5.51668,0.148218
5.53334,0.147456
5.55001,0.146694
5.56668,0.14593
5.58334,0.145166
5.60001,0.144401
5.61668,0.143635
5.63334,0.142868
5.65001,0.142101
5.66668,0.141333
5.68334,0.140565
5.70001,0.139796
5.71668,0.139028
5.73334,0.138259
5.75001,0.137489
5.76668,0.13672
5.78334,0.135951
5.80001,0.135182
5.81668,0.134413
5.83334,0.133644
5.85001,0.132875
5.86668,0.132107
5.88334,0.131339
5.90001,0.130572
5.91668,0.129805
5.93334,0.129039
5.95001,0.128274
5.96668,0.127509
5.98334,0.126745
6.00001,0.125982
6.01668,0.12522
6.03334,0.124458
6.05001,0.123698
6.06668,0.122939
6.08334,0.122181
6.10001,0.121424
6.11668,0.120668
6.13334,0.119914
6.15001,0.119161
6.16668,0.118409
6.18334,0.117659
6.20001,0.11691
6.21668,0.116162
6.23334,0.115417
6.25001,0.114672
6.26668,0.11393
6.28334,0.113189
6.30001,0.11245
6.31668,0.111713
6.33334,0.110977
6.35001,0.110243
6.36668,0.109512
6.38334,0.108782
6.40001,0.108054
6.41668,0.107328
6.43334,0.106604
6.45001,0.105883
6.46668,0.105163
6.48334,0.104446
6.50001,0.103731
6.51668,0.103018
6.53334,0.102307
6.55001,0.101599
6.56668,0.100892
6.58334,0.100189
6.60001,0.0994874
6.61668,0.0987885
6.63334,0.098092
6.65001,0.097398
6.66668,0.0967066
6.68334,0.0960176
6.70001,0.0953312
6.71668,0.0946474
6.73334,0.0939663
6.75001,0.0932877
6.76668,0.0926118
6.78334,0.0919387
6.80001,0.0912682
6.81668,0.0906004
6.83334,0.0899355
6.85001,0.0892732
6.86668,0.0886138
6.88334,0.0879573
6.90001,0.0873035
6.91668,0.0866526
6.93334,0.0860046
6.95001,0.0853595
6.96668,0.0847173
6.98334,0.0840781
7.00001,0.0834418
7.01668,0.0828084
7.03334,0.0821781
7.05001,0.0815507
7.06668,0.0809264
7.08334,0.0803051
7.10001,0.0796868
7.11668,0.0790716
7.13334,0.0784594
7.15001,0.0778503
7.16668,0.0772443
7.18334,0.0766414
7.20001,0.0760416
7.21668,0.075445
7.23334,0.0748514
7.25001,0.074261
7.26668,0.0736737
7.28334,0.0730896
7.30001,0.0725087
7.31668,0.0719309
7.33334,0.0713563
7.35001,0.0707848
7.36668,0.0702166
7.38334,0.0696515
7.40001,0.0690896
7.41668,0.068531
7.43334,0.0679755
7.45001,0.0674232
7.46668,0.0668741
7.48334,0.0663282
7.50001,0.0657856
7.51668,0.0652461
7.53334,0.0647099
7.55001,0.0641768
7.56668,0.063647
7.58334,0.0631204
7.60001,0.062597
7.61668,0.0620768
7.63334,0.0615598
7.65001,0.061046
7.66668,0.0605354
7.68334,0.060028
7.70001,0.0595237
7.71668,0.0590227
7.73334,0.0585249
7.75001,0.0580302
7.76668,0.0575387
7.78334,0.0570504
7.80001,0.0565653
7.81668,0.0560833
7.83334,0.0556044
7.85001,0.0551288
7.86668,0.0546562
7.88334,0.0541868
7.90001,0.0537205
7.91668,0.0532573
7.93334,0.0527973
7.95001,0.0523403
7.96668,0.0518864
7.98334,0.0514357
8.00001,0.050988
8.01668,0.0505433
8.03334,0.0501018
8.05001,0.0496632
8.06668,0.0492278
8.08334,0.0487953
8.10001,0.0483659
8.11668,0.0479395
8.13334,0.047516
8.15001,0.0470956
8.16668,0.0466782
8.18334,0.0462637
8.20001,0.0458521
8.21668,0.0454436
8.23334,0.0450379
8.25001,0.0446352
8.26668,0.0442354
8.28334,0.0438384
8.30001,0.0434444
8.31668,0.0430533
8.33334,0.042665
8.35001,0.0422795
8.36667,0.0418969
8.38334,0.0415172
8.40001,0.0411402
8.41667,0.040766
8.43334,0.0403947
8.45001,0.0400261
8.46667,0.0396603
8.48334,0.0392972
8.50001,0.0389369
8.51667,0.0385792
8.53334,0.0382243
8.55001,0.0378721
8.56667,0.0375226
8.58334,0.0371758
8.60001,0.0368316
8.61667,0.0364901
8.63334,0.0361512
8.65001,0.0358149
8.66667,0.0354812
8.68334,0.0351502
8.70001,0.0348217
8.71667,0.0344958
8.73334,0.0341724
8.75001,0.0338516
8.76667,0.0335333
8.78334,0.0332175
8.80001,0.0329042
8.81667,0.0325934
8.83334,0.0322851
8.85001,0.0319792
8.86667,0.0316758
8.88334,0.0313748
8.90001,0.0310763
8.91667,0.0307801
8.93334,0.0304864
8.95001,0.030195
8.96667,0.029906
8.98334,0.0296194
9.00001,0.0293351
9.01667,0.0290531
9.03334,0.0287734
9.05001,0.0284961
9.06667,0.028221
9.08334,0.0279482
9.10001,0.0276777
9.11667,0.0274094
9.13334,0.0271433
9.15001,0.0268795
9.16667,0.0266179
9.18334,0.0263584
9.20001,0.0261012
9.21667,0.0258461
9.23334,0.0255932
9.25001,0.0253425
9.26667,0.0250938
9.28334,0.0248473
9.30001,0.0246029
9.31667,0.0243605
9.33334,0.0241203
9.35001,0.0238821
9.36667,0.023646
9.38334,0.0234119
9.40001,0.0231798
9.41667,0.0229498
9.43334,0.0227217
9.45001,0.0224957
9.46667,0.0222716
9.48334,0.0220495
9.50001,0.0218293
9.51667,0.021611
9.53334,0.0213947
9.55001,0.0211803
9.56667,0.0209678
9.58334,0.0207572
9.60001,0.0205484
9.61667,0.0203415
9.63334,0.0201365
9.65001,0.0199333
9.66667,0.0197319
9.68334,0.0195323
9.70001,0.0193346
9.71667,0.0191386
9.73334,0.0189443
9.75001,0.0187519
9.76667,0.0185611
9.78334,0.0183722
9.80001,0.0181849
9.81667,0.0179993
9.83334,0.0178155
9.85001,0.0176333
9.86667,0.0174528
9.88334,0.017274
9.90001,0.0170968
9.91667,0.0169212
9.93334,0.0167473
9.95001,0.016575
9.96667,0.0164043
9.98334,0.0162351
10,0.0160676
10.0167,0.0159016
10.0333,0.0157371
10.05,0.0155742
10.0667,0.0154128
10.0833,0.015253
10.1,0.0150946
10.1167,0.0149377
10.1333,0.0147823
10.15,0.0146284
10.1667,0.0144759
10.1833,0.0143249
10.2,0.0141753
10.2167,0.0140272
10.2333,0.0138804
10.25,0.0137351
10.2667,0.0135911
10.2833,0.0134485
10.3,0.0133073
10.3167,0.0131674
10.3333,0.0130289
10.35,0.0128917
10.3667,0.0127558
10.3833,0.0126212
10.4,0.012488
10.4167,0.012356
10.4333,0.0122253
10.45,0.0120958
10.4667,0.0119677
10.4833,0.0118407
10.5,0.011715
10.5167,0.0115905
10.5333,0.0114673
10.55,0.0113452
10.5667,0.0112244
10.5833,0.0111047
10.6,0.0109862
10.6167,0.0108688
10.6333,0.0107526
10.65,0.0106375
10.6667,0.0105236
10.6833,0.0104108
10.7,0.0102991
10.7167,0.0101885
10.7333,0.0100791
10.75,0.00997064
10.7667,0.00986331
10.7833,0.00975704
10.8,0.00965182
10.8167,0.00954765
10.8333,0.00944452
10.85,0.00934241
10.8667,0.00924133
10.8833,0.00914125
10.9,0.00904217
10.9167,0.00894408
10.9333,0.00884698
10.95,0.00875085
10.9667,0.00865568
10.9833,0.00856147
11,0.00846821
11.0167,0.00837589
11.0333,0.00828449
11.05,0.00819402
11.0667,0.00810447
11.0833,0.00801582
11.1,0.00792806
11.1167,0.0078412
11.1333,0.00775522
11.15,0.00767011
11.1667,0.00758586
11.1833,0.00750248
11.2,0.00741994
11.2167,0.00733825
11.2333,0.00725739
11.25,0.00717735
11.2667,0.00709814
11.2833,0.00701973
11.3,0.00694213
11.3167,0.00686533
11.3333,0.00678932
11.35,0.00671409
11.3667,0.00663963
11.3833,0.00656595
11.4,0.00649302
11.4167,0.00642085
11.4333,0.00634942
11.45,0.00627873
11.4667,0.00620878
11.4833,0.00613955
11.5,0.00607104
11.5167,0.00600325
11.5333,0.00593616
11.55,0.00586977
11.5667,0.00580408
11.5833,0.00573907
11.6,0.00567474
11.6167,0.00561108
11.6333,0.0055481
11.65,0.00548577
11.6667,0.0054241
11.6833,0.00536308
11.7,0.0053027
11.7167,0.00524296
11.7333,0.00518385
11.75,0.00512536
11.7667,0.00506749
11.7833,0.00501024
11.8,0.00495359
11.8167,0.00489755
11.8333,0.0048421
11.85,0.00478724
11.8667,0.00473296
11.8833,0.00467927
11.9,0.00462614
11.9167,0.00457359
11.9333,0.00452159
11.95,0.00447016
11.9667,0.00441927
11.9833,0.00436893
12,0.00431914
12.0167,0.00426987
12.0333,0.00422114
12.05,0.00417294
12.0667,0.00412525
12.0833,0.00407808
12.1,0.00403142
12.1167,0.00398526
12.1333,0.0039396
12.15,0.00389444
12.1667,0.00384977
12.1833,0.00380558
12.2,0.00376188
12.2167,0.00371865
12.2333,0.00367589
12.25,0.0036336
12.2667,0.00359177
12.2833,0.00355039
12.3,0.00350947
12.3167,0.003469
12.3333,0.00342896
12.35,0.00338937
12.3667,0.00335022
12.3833,0.00331149
12.4,0.00327319
12.4167,0.00323531
12.4333,0.00319784
12.45,0.00316079
12.4667,0.00312415
12.4833,0.00308792
12.5,0.00305208
12.5167,0.00301664
12.5333,0.00298159
12.55,0.00294693
12.5667,0.00291265
12.5833,0.00287875
12.6,0.00284523
12.6167,0.00281209
12.6333,0.00277931
12.65,0.00274689
12.6667,0.00271484
12.6833,0.00268314
12.7,0.00265179
12.7167,0.0026208
12.7333,0.00259015
12.75,0.00255984
12.7667,0.00252987
12.7833,0.00250024
12.8,0.00247094
12.8167,0.00244196
12.8333,0.00241331
12.85,0.00238499
12.8667,0.00235697
12.8833,0.00232928
12.9,0.00230189
12.9167,0.00227481
12.9333,0.00224804
12.95,0.00222157
12.9667,0.00219539
12.9833,0.00216952
13,0.00214393
13.0167,0.00211863
13.0333,0.00209361
13.05,0.00206888
13.0667,0.00204443
13.0833,0.00202025
13.1,0.00199635
13.1167,0.00197272
13.1333,0.00194935
13.15,0.00192625
13.1667,0.00190341
13.1833,0.00188083
13.2,0.00185851
13.2167,0.00183644
13.2333,0.00181462
13.25,0.00179305
13.2667,0.00177172
13.2833,0.00175064
13.3,0.00172979
13.3167,0.00170919
13.3333,0.00168881
13.35,0.00166867
13.3667,0.00164877
13.3833,0.00162908
13.4,0.00160963
13.4167,0.00159039
13.4333,0.00157137
13.45,0.00155258
13.4667,0.00153399
13.4833,0.00151562
13.5,0.00149746
13.5167,0.00147951
13.5333,0.00146177
13.55,0.00144423
13.5667,0.00142689
13.5833,0.00140975
13.6,0.0013928
13.6167,0.00137606
13.6333,0.0013595
13.65,0.00134314
13.6667,0.00132696
13.6833,0.00131097
13.7,0.00129517
13.7167,0.00127955
13.7333,0.0012641
13.75,0.00124884
13.7667,0.00123376
13.7833,0.00121884
13.8,0.00120411
13.8167,0.00118954
13.8333,0.00117514
13.85,0.00116091
13.8667,0.00114684
13.8833,0.00113294
13.9,0.0011192
13.9167,0.00110562
13.9333,0.0010922
13.95,0.00107893
13.9667,0.00106582
13.9833,0.00105287
14,0.00104006
14.0167,0.0010274
14.0333,0.0010149
14.05,0.00100253
14.0667,0.000990317
14.0833,0.000978244
14.1,0.000966312
14.1167,0.00095452
14.1333,0.000942867
14.15,0.000931351
14.1667,0.00091997
14.1833,0.000908724
14.2,0.00089761
14.2167,0.000886627
14.2333,0.000875773
14.25,0.000865048
14.2667,0.00085445
14.2833,0.000843977
14.3,0.000833627
14.3167,0.000823401
14.3333,0.000813295
14.35,0.000803309
14.3667,0.000793442
14.3833,0.000783692
14.4,0.000774058
14.4167,0.000764538
14.4333,0.000755131
14.45,0.000745837
14.4667,0.000736653
14.4833,0.000727578
14.5,0.000718612
14.5167,0.000709753
14.5333,0.000700999
14.55,0.00069235
14.5667,0.000683805
14.5833,0.000675361
14.6,0.000667019
14.6167,0.000658776
14.6333,0.000650633
14.65,0.000642586
14.6667,0.000634637
14.6833,0.000626783
14.7,0.000619023
14.7167,0.000611356
14.7333,0.000603781
14.75,0.000596298
14.7667,0.000588904
14.7833,0.0005816
14.8,0.000574383
14.8167,0.000567254
14.8333,0.00056021
14.85,0.000553252
14.8667,0.000546377
14.8833,0.000539585
14.9,0.000532876
14.9167,0.000526247
14.9333,0.000519699
14.95,0.000513229
14.9667,0.000506838
14.9833,0.000500525
15,0.000494287
15.0167,0.000488126
15.0333,0.000482039
15.05,0.000476026
15.0667,0.000470085
15.0833,0.000464217
15.1,0.00045842
15.1167,0.000452694
15.1333,0.000447037
15.15,0.000441448
15.1667,0.000435928
15.1833,0.000430475
15.2,0.000425088
15.2167,0.000419767
15.2333,0.00041451
15.25,0.000409318
15.2667,0.000404188
15.2833,0.000399121
15.3,0.000394116
15.3167,0.000389172
15.3333,0.000384289
15.35,0.000379464
15.3667,0.000374699
15.3833,0.000369992
15.4,0.000365342
15.4167,0.00036075
15.4333,0.000356213
15.45,0.000351732
15.4667,0.000347305
15.4833,0.000342933
15.5,0.000338614
15.5167,0.000334348
15.5333,0.000330134
15.55,0.000325972
15.5667,0.000321861
15.5833,0.0003178
15.6,0.00031379
15.6167,0.000309828
15.6333,0.000305915
15.65,0.000302049
15.6667,0.000298232
15.6833,0.000294461
15.7,0.000290737
15.7167,0.000287058
15.7333,0.000283424
15.75,0.000279836
15.7667,0.000276291
15.7833,0.00027279
15.8,0.000269332
15.8167,0.000265917
15.8333,0.000262543
15.85,0.000259212
15.8667,0.000255921
15.8833,0.000252671
15.9,0.000249461
15.9167,0.000246291
15.9333,0.00024316
15.95,0.000240067
15.9667,0.000237013
15.9833,0.000233997
16,0.000231017
16.0167,0.000228075
16.0333,0.000225169
16.05,0.000222299
16.0667,0.000219465
16.0833,0.000216666
16.1,0.000213901
16.1167,0.000211171
16.1333,0.000208475
16.15,0.000205812
16.1667,0.000203182
16.1833,0.000200585
16.2,0.000198021
16.2167,0.000195488
16.2333,0.000192986
16.25,0.000190516
16.2667,0.000188077
16.2833,0.000185668
16.3,0.000183289
16.3167,0.00018094
16.3333,0.00017862
16.35,0.000176329
16.3667,0.000174066
16.3833,0.000171832
16.4,0.000169626
16.4167,0.000167448
16.4333,0.000165296
16.45,0.000163172
16.4667,0.000161074
16.4833,0.000159003
16.5,0.000156958
16.5167,0.000154938
16.5333,0.000152943
16.55,0.000150974
16.5667,0.00014903
16.5833,0.000147109
16.6,0.000145214
16.6167,0.000143341
16.6333,0.000141493
16.65,0.000139668
16.6667,0.000137865
16.6833,0.000136086
16.7,0.000134329
16.7167,0.000132594
16.7333,0.000130881
16.75,0.00012919
16.7667,0.00012752
16.7833,0.000125871
16.8,0.000124243
16.8167,0.000122636
16.8333,0.000121049
16.85,0.000119482
16.8667,0.000117935
16.8833,0.000116408
16.9,0.0001149
16.9167,0.000113411
16.9333,0.000111941
16.95,0.000110489
16.9667,0.000109056
16.9833,0.000107642
17,0.000106245
17.0167,0.000104866
17.0333,0.000103505
17.05,0.000102161
17.0667,0.000100834
17.0833,9.95238e-05
17.1,9.82305e-05
17.1167,9.69536e-05
17.1333,9.56931e-05
17.15,9.44486e-05
17.1667,9.322e-05
17.1833,9.20071e-05
17.2,9.08096e-05
17.2167,8.96275e-05
17.2333,8.84605e-05
17.25,8.73083e-05
17.2667,8.61709e-05
17.2833,8.50481e-05
17.3,8.39396e-05
17.3167,8.28453e-05
17.3333,8.1765e-05
17.35,8.06985e-05
17.3667,7.96457e-05
17.3833,7.86064e-05
17.4,7.75804e-05
17.4167,7.65675e-05
17.4333,7.55676e-05
17.45,7.45805e-05
17.4667,7.36061e-05
17.4833,7.26442e-05
17.5,7.16946e-05
17.5167,7.07572e-05
17.5333,6.98318e-05
17.55,6.89183e-05
17.5667,6.80166e-05
17.5833,6.71264e-05
17.6,6.62476e-05
17.6167,6.53802e-05
17.6333,6.45238e-05
17.65,6.36785e-05
17.6667,6.28441e-05
17.6833,6.20203e-05
17.7,6.12072e-05
17.7167,6.04045e-05
17.7333,5.96122e-05
17.75,5.883e-05
17.7667,5.80579e-05
17.7833,5.72958e-05
17.8,5.65435e-05
17.8167,5.58008e-05
17.8333,5.50677e-05
17.85,5.43441e-05
17.8667,5.36297e-05
17.8833,5.29246e-05
17.9,5.22286e-05
17.9167,5.15415e-05
17.9333,5.08633e-05
17.95,5.01938e-05
17.9667,4.9533e-05
17.9833,4.88807e-05
18,4.82368e-05
18.0167,4.76013e-05
18.0333,4.69739e-05
18.05,4.63546e-05
18.0667,4.57433e-05
18.0833,4.514e-05
18.1,4.45444e-05
18.1167,4.39565e-05
18.1333,4.33762e-05
18.15,4.28035e-05
18.1667,4.22381e-05
18.1833,4.168e-05
18.2,4.11292e-05
18.2167,4.05855e-05
18.2333,4.00488e-05
18.25,3.95191e-05
18.2667,3.89963e-05
18.2833,3.84802e-05
18.3,3.79708e-05
18.3167,3.7468e-05
18.3333,3.69717e-05
18.35,3.64819e-05
18.3667,3.59985e-05
18.3833,3.55213e-05
18.4,3.50503e-05
18.4167,3.45854e-05
18.4333,3.41265e-05
18.45,3.36737e-05
18.4667,3.32267e-05
18.4833,3.27855e-05
18.5,3.23501e-05
18.5167,3.19203e-05
18.5333,3.14961e-05
18.55,3.10775e-05
18.5667,3.06643e-05
18.5833,3.02565e-05
18.6,2.9854e-05
18.6167,2.94568e-05
18.6333,2.90647e-05
18.65,2.86778e-05
18.6667,2.82959e-05
18.6833,2.7919e-05
18.7,2.75471e-05
18.7167,2.71799e-05
18.7333,2.68176e-05
18.75,2.64601e-05
18.7667,2.61072e-05
18.7833,2.57589e-05
18.8,2.54152e-05
18.8167,2.5076e-05
18.8333,2.47413e-05
18.85,2.44109e-05
18.8667,2.40849e-05
18.8833,2.37632e-05
18.9,2.34456e-05
18.9167,2.31323e-05
18.9333,2.2823e-05
18.95,2.25179e-05
18.9667,2.22167e-05
18.9833,2.19195e-05
19,2.16262e-05
19.0167,2.13368e-05
19.0333,2.10512e-05
19.05,2.07694e-05
19.0667,2.04912e-05
19.0833,2.02168e-05
19.1,1.99459e-05
19.1167,1.96786e-05
19.1333,1.94149e-05
19.15,1.91546e-05
19.1667,1.88978e-05
19.1833,1.86444e-05
19.2,1.83943e-05
19.2167,1.81475e-05
19.2333,1.7904e-05
19.25,1.76637e-05
19.2667,1.74266e-05
19.2833,1.71926e-05
19.3,1.69617e-05
19.3167,1.67339e-05
19.3333,1.65091e-05
19.35,1.62873e-05
19.3667,1.60684e-05
19.3833,1.58524e-05
19.4,1.56393e-05
19.4167,1.5429e-05
19.4333,1.52215e-05
19.45,1.50168e-05
19.4667,1.48148e-05
19.4833,1.46154e-05
19.5,1.44187e-05
19.5167,1.42246e-05
19.5333,1.40331e-05
19.55,1.38442e-05
19.5667,1.36577e-05
19.5833,1.34738e-05
19.6,1.32923e-05
19.6167,1.31131e-05
19.6333,1.29364e-05
19.65,1.27621e-05
19.6667,1.259e-05
19.6833,1.24203e-05
19.7,1.22528e-05
19.7167,1.20875e-05
19.7333,1.19244e-05
19.75,1.17635e-05
19.7667,1.16048e-05
19.7833,1.14481e-05
19.8,1.12936e-05
19.8167,1.11411e-05
19.8333,1.09906e-05
19.85,1.08422e-05
19.8667,1.06957e-05
19.8833,1.05512e-05
19.9,1.04086e-05
19.9167,1.02679e-05
19.9333,1.01291e-05
19.95,9.99214e-06
19.9667,9.85701e-06
19.9833,9.72367e-06
20,9.59212e-06
20.0167,9.46232e-06
20.0333,9.33426e-06
20.05,9.2079e-06
20.0667,9.08323e-06
20.0833,8.96023e-06
20.1,8.83886e-06
20.1167,8.71912e-06
20.1333,8.60098e-06
20.15,8.48441e-06
20.1667,8.36941e-06
20.1833,8.25593e-06
20.2,8.14398e-06
20.2167,8.03352e-06
20.2333,7.92453e-06
20.25,7.81701e-06
20.2667,7.71092e-06
20.2833,7.60624e-06
20.3,7.50297e-06
20.3167,7.40108e-06
20.3333,7.30055e-06
20.35,7.20136e-06
20.3667,7.10351e-06
20.3833,7.00696e-06
20.4,6.9117e-06
20.4167,6.81772e-06
20.4333,6.72499e-06
20.45,6.63351e-06
20.4667,6.54325e-06
20.4833,6.4542e-06
20.5,6.36634e-06
20.5167,6.27966e-06
20.5333,6.19415e-06
20.55,6.10977e-06
20.5667,6.02653e-06
20.5833,5.9444e-06
20.6,5.86338e-06
20.6167,5.78344e-06
20.6333,5.70458e-06
20.65,5.62677e-06
20.6667,5.55001e-06
20.6833,5.47427e-06
20.7,5.39956e-06
20.7167,5.32584e-06
20.7333,5.25312e-06
20.75,5.18138e-06
20.7667,5.1106e-06
20.7833,5.04077e-06
20.8,4.97188e-06
20.8167,4.90391e-06
20.8333,4.83686e-06
20.85,4.77072e-06
20.8667,4.70546e-06
20.8833,4.64108e-06
20.9,4.57757e-06
20.9167,4.51492e-06
20.9333,4.45311e-06
20.95,4.39213e-06
20.9667,4.33198e-06
20.9833,4.27263e-06
21,4.21409e-06
21.0167,4.15634e-06
21.0333,4.09937e-06
21.05,4.04316e-06
21.0667,3.98772e-06
21.0833,3.93303e-06
21.1,3.87908e-06
21.1167,3.82585e-06
21.1333,3.77335e-06
21.15,3.72156e-06
21.1667,3.67046e-06
21.1833,3.62006e-06
21.2,3.57035e-06
21.2167,3.5213e-06
21.2333,3.47293e-06
21.25,3.4252e-06
21.2667,3.37813e-06
21.2833,3.33169e-06
21.3,3.28589e-06
21.3167,3.24071e-06
21.3333,3.19614e-06
21.35,3.15217e-06
21.3667,3.10881e-06
21.3833,3.06603e-06
21.4,3.02383e-06
21.4167,2.98221e-06
21.4333,2.94116e-06
21.45,2.90066e-06
21.4667,2.86072e-06
21.4833,2.82132e-06
21.5,2.78246e-06
21.5167,2.74412e-06
21.5333,2.70631e-06
21.55,2.66902e-06
21.5667,2.63223e-06
21.5833,2.59595e-06
21.6,2.56016e-06
21.6167,2.52486e-06
21.6333,2.49004e-06
21.65,2.4557e-06
21.6667,2.42182e-06
21.6833,2.38841e-06
21.7,2.35546e-06
21.7167,2.32295e-06
21.7333,2.29089e-06
21.75,2.25927e-06
21.7667,2.22808e-06
21.7833,2.19732e-06
21.8,2.16698e-06
21.8167,2.13705e-06
21.8333,2.10754e-06
21.85,2.07843e-06
21.8667,2.04971e-06
21.8833,2.02139e-06
21.9,1.99346e-06
21.9167,1.96591e-06
21.9333,1.93874e-06
21.95,1.91194e-06
21.9667,1.8855e-06
21.9833,1.85943e-06
22,1.83372e-06
22.0167,1.80836e-06
22.0333,1.78334e-06
22.05,1.75867e-06
22.0667,1.73434e-06
22.0833,1.71034e-06
22.1,1.68667e-06
22.1167,1.66333e-06
22.1333,1.64031e-06
22.15,1.6176e-06
22.1667,1.5952e-06
22.1833,1.57311e-06
22.2,1.55132e-06
22.2167,1.52983e-06
22.2333,1.50864e-06
22.25,1.48774e-06
22.2667,1.46712e-06
22.2833,1.44679e-06
22.3,1.42674e-06
22.3167,1.40696e-06
22.3333,1.38745e-06
22.35,1.36821e-06
22.3667,1.34924e-06
22.3833,1.33052e-06
22.4,1.31206e-06
22.4167,1.29386e-06
22.4333,1.2759e-06
22.45,1.2582e-06
22.4667,1.24073e-06
22.4833,1.2235e-06
22.5,1.20652e-06
22.5167,1.18976e-06
22.5333,1.17323e-06
22.55,1.15693e-06
22.5667,1.14086e-06
22.5833,1.12501e-06
22.6,1.10937e-06
22.6167,1.09395e-06
22.6333,1.07874e-06
22.65,1.06374e-06
22.6667,1.04894e-06
22.6833,1.03435e-06
22.7,1.01996e-06
22.7167,1.00576e-06
22.7333,9.91765e-07
22.75,9.77959e-07
22.7667,9.64343e-07
22.7833,9.50914e-07
22.8,9.37669e-07
22.8167,9.24606e-07
22.8333,9.11723e-07
22.85,8.99018e-07
22.8667,8.86487e-07
22.8833,8.74128e-07
22.9,8.61939e-07
22.9167,8.49918e-07
22.9333,8.38063e-07
22.95,8.2637e-07
22.9667,8.14839e-07
22.9833,8.03466e-07
23,7.9225e-07
23.0167,7.81189e-07
23.0333,7.7028e-07
23.05,7.59521e-07
23.0667,7.48911e-07
23.0833,7.38446e-07
23.1,7.28126e-07
23.1167,7.17949e-07
23.1333,7.07912e-07
23.15,6.98013e-07
23.1667,6.88251e-07
23.1833,6.78624e-07
23.2,6.69129e-07
23.2167,6.59766e-07
23.2333,6.50532e-07
23.25,6.41426e-07
23.2667,6.32445e-07
23.2833,6.23589e-07
23.3,6.14855e-07
23.3167,6.06242e-07
23.3333,5.97748e-07
23.35,5.89372e-07
23.3667,5.81112e-07
23.3833,5.72966e-07
23.4,5.64933e-07
23.4167,5.57012e-07
23.4333,5.492e-07
23.45,5.41496e-07
23.4667,5.339e-07
23.4833,5.26408e-07
23.5,5.19021e-07
23.5167,5.11737e-07
23.5333,5.04553e-07
23.55,4.97469e-07
23.5667,4.90484e-07
23.5833,4.83596e-07
23.6,4.76803e-07
23.6167,4.70105e-07
23.6333,4.63501e-07
23.65,4.56988e-07
23.6667,4.50566e-07
23.6833,4.44233e-07
23.7,4.37988e-07
23.7167,4.31831e-07
23.7333,4.25759e-07
23.75,4.19772e-07
23.7667,4.13869e-07
23.7833,4.08047e-07
23.8,4.02307e-07
23.8167,3.96647e-07
23.8333,3.91066e-07
23.85,3.85563e-07
23.8667,3.80137e-07
23.8833,3.74787e-07
23.9,3.69511e-07
23.9167,3.6431e-07
23.9333,3.5918e-07
23.95,3.54123e-07
23.9667,3.49136e-07
23.9833,3.44219e-07
24,3.39371e-07
24.0167,3.34591e-07
24.0333,3.29877e-07
24.05,3.2523e-07
24.0667,3.20647e-07
24.0833,3.16129e-07
24.1,3.11674e-07
24.1167,3.07282e-07
24.1333,3.02951e-07
24.15,2.9868e-07
24.1667,2.9447e-07
24.1833,2.90318e-07
24.2,2.86225e-07
24.2167,2.82189e-07
24.2333,2.78209e-07
24.25,2.74286e-07
24.2667,2.70417e-07
24.2833,2.66603e-07
24.3,2.62842e-07
24.3167,2.59134e-07
24.3333,2.55478e-07
24.35,2.51873e-07
24.3667,2.48319e-07
24.3833,2.44814e-07
24.4,2.41359e-07
24.4167,2.37952e-07
24.4333,2.34593e-07
24.45,2.31281e-07
24.4667,2.28016e-07
24.4833,2.24796e-07
24.5,2.21622e-07
24.5167,2.18492e-07
24.5333,2.15406e-07
24.55,2.12363e-07
24.5667,2.09363e-07
24.5833,2.06405e-07
24.6,2.03488e-07
24.6167,2.00613e-07
24.6333,1.97777e-07
24.65,1.94982e-07
24.6667,1.92226e-07
24.6833,1.89508e-07
24.7,1.86829e-07
24.7167,1.84187e-07
24.7333,1.81582e-07
24.75,1.79013e-07
24.7667,1.76481e-07
24.7833,1.73984e-07
24.8,1.71523e-07
24.8167,1.69095e-07
24.8333,1.66702e-07
24.85,1.64342e-07
24.8667,1.62016e-07
24.8833,1.59722e-07
24.9,1.5746e-07
24.9167,1.5523e-07
24.9333,1.53031e-07
24.95,1.50864e-07
24.9667,1.48726e-07
24.9833,1.46618e-07
25,1.4454e-07
25.0167,1.42492e-07
25.0333,1.40472e-07
25.05,1.3848e-07
25.0667,1.36516e-07
25.0833,1.3458e-07
25.1,1.32671e-07
25.1167,1.30788e-07
25.1333,1.28932e-07
25.15,1.27103e-07
25.1667,1.25298e-07
25.1833,1.2352e-07
25.2,1.21766e-07
25.2167,1.20036e-07
25.2333,1.18331e-07
25.25,1.1665e-07
25.2667,1.14993e-07
25.2833,1.13359e-07
25.3,1.11748e-07
25.3167,1.10159e-07
25.3333,1.08593e-07
25.35,1.07048e-07
25.3667,1.05526e-07
25.3833,1.04025e-07
25.4,1.02545e-07
25.4167,1.01086e-07
25.4333,9.96469e-08
25.45,9.82284e-08
25.4667,9.68299e-08
25.4833,9.54511e-08
25.5,9.40917e-08
25.5167,9.27515e-08
25.5333,9.14301e-08
25.55,9.01274e-08
25.5667,8.8843e-08
25.5833,8.75767e-08
25.6,8.63282e-08
25.6167,8.50974e-08
25.6333,8.38839e-08
25.65,8.26876e-08
25.6667,8.15081e-08
25.6833,8.03453e-08
25.7,7.91989e-08
25.7167,7.80687e-08
25.7333,7.69545e-08
25.75,7.5856e-08
25.7667,7.47731e-08
25.7833,7.37054e-08
25.8,7.26529e-08
25.8167,7.16153e-08
25.8333,7.05923e-08
25.85,6.95839e-08
25.8667,6.85897e-08
25.8833,6.76096e-08
25.9,6.66434e-08
25.9167,6.56909e-08
25.9333,6.47519e-08
25.95,6.38262e-08
25.9667,6.29136e-08
25.9833,6.2014e-08
26,6.11272e-08
26.0167,6.02529e-08
26.0333,5.93911e-08
26.05,5.85415e-08
26.0667,5.7704e-08
26.0833,5.68784e-08
26.1,5.60645e-08
26.1167,5.52622e-08
26.1333,5.44714e-08
26.15,5.36917e-08
26.1667,5.29232e-08
26.1833,5.21656e-08
26.2,5.14188e-08
26.2167,5.06826e-08
26.2333,4.99569e-08
26.25,4.92416e-08
26.2667,4.85364e-08
26.2833,4.78413e-08
26.3,4.71562e-08
26.3167,4.64807e-08
26.3333,4.58149e-08
26.35,4.51586e-08
26.3667,4.45117e-08
26.3833,4.3874e-08
26.4,4.32454e-08
26.4167,4.26258e-08
26.4333,4.2015e-08
26.45,4.14129e-08
26.4667,4.08194e-08
26.4833,4.02344e-08
26.5,3.96578e-08
26.5167,3.90894e-08
26.5333,3.85291e-08
26.55,3.79768e-08
26.5667,3.74324e-08
26.5833,3.68957e-08
26.6,3.63668e-08
26.6167,3.58454e-08
26.6333,3.53314e-08
26.65,3.48248e-08
26.6667,3.43254e-08
26.6833,3.38331e-08
26.7,3.33479e-08
26.7167,3.28696e-08
26.7333,3.23982e-08
26.75,3.19335e-08
26.7667,3.14754e-08
26.7833,3.10239e-08
26.8,3.05788e-08
26.8167,3.014e-08
26.8333,2.97076e-08
26.85,2.92813e-08
26.8667,2.88611e-08
26.8833,2.84469e-08
26.9,2.80386e-08
26.9167,2.76362e-08
26.9333,2.72394e-08
26.95,2.68484e-08
26.9667,2.64629e-08
26.9833,2.6083e-08
27,2.57084e-08
27.0167,2.53393e-08
27.0333,2.49753e-08
27.05,2.46166e-08
27.0667,2.4263e-08
27.0833,2.39144e-08
27.1,2.35708e-08
27.1167,2.32322e-08
27.1333,2.28983e-08
27.15,2.25692e-08
27.1667,2.22448e-08
27.1833,2.1925e-08
27.2,2.16098e-08
27.2167,2.12991e-08
27.2333,2.09928e-08
27.25,2.06909e-08
27.2667,2.03933e-08
27.2833,2.00999e-08
27.3,1.98108e-08
27.3167,1.95257e-08
27.3333,1.92447e-08
27.35,1.89677e-08
27.3667,1.86947e-08
27.3833,1.84256e-08
27.4,1.81603e-08
27.4167,1.78987e-08
27.4333,1.76409e-08
27.45,1.73868e-08
27.4667,1.71363e-08
27.4833,1.68894e-08
27.5,1.6646e-08
27.5167,1.64061e-08
27.5333,1.61696e-08
27.55,1.59365e-08
27.5667,1.57067e-08
27.5833,1.54801e-08
27.6,1.52569e-08
27.6167,1.50368e-08
27.6333,1.48198e-08
27.65,1.46059e-08
27.6667,1.43951e-08
27.6833,1.41873e-08
27.7,1.39825e-08
27.7167,1.37806e-08
27.7333,1.35816e-08
27.75,1.33854e-08
27.7667,1.3192e-08
27.7833,1.30014e-08
27.8,1.28135e-08
27.8167,1.26283e-08
27.8333,1.24458e-08
27.85,1.22658e-08
27.8667,1.20885e-08
27.8833,1.19136e-08
27.9,1.17413e-08
27.9167,1.15715e-08
27.9333,1.1404e-08
27.95,1.1239e-08
27.9667,1.10764e-08
27.9833,1.0916e-08
28,1.0758e-08
28.0167,1.06023e-08
28.0333,1.04487e-08
28.05,1.02974e-08
28.0667,1.01483e-08
28.0833,1.00013e-08
28.1,9.85637e-09
28.1167,9.71356e-09
28.1333,9.5728e-09
28.15,9.43406e-09
28.1667,9.29732e-09
28.1833,9.16255e-09
28.2,9.02972e-09
28.2167,8.8988e-09
28.2333,8.76976e-09
28.25,8.64258e-09
28.2667,8.51724e-09
28.2833,8.3937e-09
28.3,8.27194e-09
28.3167,8.15194e-09
28.3333,8.03367e-09
28.35,7.9171e-09
28.3667,7.80222e-09
28.3833,7.689e-09
28.4,7.57741e-09
28.4167,7.46743e-09
28.4333,7.35904e-09
28.45,7.25222e-09
28.4667,7.14694e-09
28.4833,7.04318e-09
28.5,6.94093e-09
28.5167,6.84015e-09
28.5333,6.74083e-09
28.55,6.64295e-09
28.5667,6.54648e-09
28.5833,6.45142e-09
28.6,6.35772e-09
28.6167,6.26539e-09
28.6333,6.17439e-09
28.65,6.08471e-09
28.6667,5.99633e-09
28.6833,5.90923e-09
28.7,5.82339e-09
28.7167,5.7388e-09
28.7333,5.65543e-09
28.75,5.57328e-09
28.7667,5.49231e-09
28.7833,5.41252e-09
28.8,5.33388e-09
28.8167,5.25639e-09
28.8333,5.18001e-09
28.85,5.10475e-09
28.8667,5.03058e-09
28.8833,4.95748e-09
28.9,4.88545e-09
28.9167,4.81446e-09
28.9333,4.7445e-09
28.95,4.67555e-09
28.9667,4.6076e-09
28.9833,4.54064e-09
29,4.47466e-09
29.0167,4.40962e-09
29.0333,4.34554e-09
29.05,4.28238e-09
29.0667,4.22013e-09
29.0833,4.15879e-09
29.1,4.09834e-09
29.1167,4.03877e-09
29.1333,3.98006e-09
29.15,3.9222e-09
29.1667,3.86518e-09
29.1833,3.80898e-09
29.2,3.7536e-09
29.2167,3.69903e-09
29.2333,3.64524e-09
29.25,3.59223e-09
29.2667,3.53999e-09
29.2833,3.48851e-09
29.3,3.43777e-09
29.3167,3.38777e-09
29.3333,3.33849e-09
29.35,3.28993e-09
29.3667,3.24207e-09
29.3833,3.1949e-09
29.4,3.14841e-09
29.4167,3.1026e-09
29.4333,3.05745e-09
29.45,3.01295e-09
29.4667,2.9691e-09
29.4833,2.92588e-09
29.5,2.88328e-09
29.5167,2.84131e-09
29.5333,2.79993e-09
29.55,2.75916e-09
29.5667,2.71898e-09
29.5833,2.67938e-09
29.6,2.64035e-09
29.6167,2.60188e-09
29.6333,2.56397e-09
29.65,2.52661e-09
29.6667,2.48978e-09
29.6833,2.45349e-09
29.7,2.41773e-09
29.7167,2.38248e-09
29.7333,2.34774e-09
29.75,2.3135e-09
29.7667,2.27976e-09
29.7833,2.24651e-09
29.8,2.21373e-09
29.8167,2.18143e-09
29.8333,2.1496e-09
29.85,2.11822e-09
29.8667,2.0873e-09
29.8833,2.05683e-09
29.9,2.02679e-09
29.9167,1.99719e-09
29.9333,1.96802e-09
29.95,1.93927e-09
29.9667,1.91094e-09
29.9833,1.88302e-09
30,1.85549e-09
30.0167,1.82837e-09
30.0333,1.80164e-09
30.05,1.7753e-09
30.0667,1.74934e-09
30.0833,1.72375e-09
30.1,1.69854e-09
30.1167,1.67369e-09
30.1333,1.6492e-09
30.15,1.62506e-09
30.1667,1.60127e-09
30.1833,1.57783e-09
30.2,1.55473e-09
30.2167,1.53196e-09
30.2333,1.50953e-09
30.25,1.48742e-09
30.2667,1.46563e-09
30.2833,1.44415e-09
30.3,1.42299e-09
30.3167,1.40214e-09
30.3333,1.38159e-09
30.35,1.36133e-09
30.3667,1.34137e-09
30.3833,1.32171e-09
30.4,1.30232e-09
30.4167,1.28322e-09
30.4333,1.2644e-09
30.45,1.24585e-09
30.4667,1.22758e-09
30.4833,1.20956e-09
30.5,1.19182e-09
30.5167,1.17433e-09
30.5333,1.15709e-09
30.55,1.14011e-09
30.5667,1.12337e-09
30.5833,1.10688e-09
30.6,1.09063e-09
30.6167,1.07461e-09
30.6333,1.05883e-09
30.65,1.04329e-09
30.6667,1.02796e-09
30.6833,1.01287e-09
30.7,9.97989e-10
30.7167,9.8333e-10
30.7333,9.68885e-10
30.75,9.54652e-10
30.7667,9.40628e-10
30.7833,9.26808e-10
30.8,9.13191e-10
30.8167,8.99774e-10
30.8333,8.86554e-10
30.85,8.73527e-10
30.8667,8.60691e-10
30.8833,8.48044e-10
30.9,8.35582e-10
30.9167,8.23303e-10
30.9333,8.11204e-10
30.95,7.99283e-10
30.9667,7.87537e-10
30.9833,7.75963e-10
31,7.64559e-10
31.0167,7.53323e-10
31.0333,7.42252e-10
31.05,7.31343e-10
31.0667,7.20595e-10
31.0833,7.10005e-10
31.1,6.9957e-10
31.1167,6.89289e-10
31.1333,6.79158e-10
31.15,6.69177e-10
31.1667,6.59342e-10
31.1833,6.49652e-10
31.2,6.40105e-10
31.2167,6.30697e-10
31.2333,6.21428e-10
31.25,6.12296e-10
31.2667,6.03297e-10
31.2833,5.94431e-10
31.3,5.85695e-10
31.3167,5.77087e-10
31.3333,5.68606e-10
31.35,5.6025e-10
31.3667,5.52016e-10
31.3833,5.43903e-10
31.4,5.3591e-10
31.4167,5.28034e-10
31.4333,5.20273e-10
31.45,5.12627e-10
31.4667,5.05092e-10
31.4833,4.97669e-10
31.5,4.90354e-10
31.5167,4.83147e-10
31.5333,4.76045e-10
31.55,4.69048e-10
31.5667,4.62153e-10
31.5833,4.55359e-10
31.6,4.48665e-10
31.6167,4.42069e-10
31.6333,4.3557e-10
31.65,4.29166e-10
31.6667,4.22856e-10
31.6833,4.16638e-10
31.7,4.10512e-10
31.7167,4.04475e-10
31.7333,3.98526e-10
31.75,3.92665e-10
31.7667,3.86889e-10
31.7833,3.81198e-10
31.8,3.75591e-10
31.8167,3.70065e-10
31.8333,3.6462e-10
31.85,3.59255e-10
31.8667,3.53968e-10
31.8833,3.48758e-10
31.9,3.43625e-10
31.9167,3.38567e-10
31.9333,3.33582e-10
31.95,3.28671e-10
31.9667,3.23831e-10
31.9833,3.19062e-10
32,3.14362e-10
32.0167,3.09732e-10
32.0333,3.05169e-10
32.05,3.00672e-10
32.0667,2.96242e-10
32.0833,2.91875e-10
32.1,2.87573e-10
32.1167,2.83334e-10
32.1333,2.79156e-10
32.15,2.7504e-10
32.1667,2.70983e-10
32.1833,2.66986e-10
32.2,2.63047e-10
32.2167,2.59166e-10
32.2333,2.55342e-10
32.25,2.51573e-10
32.2667,2.47859e-10
32.2833,2.442e-10
32.3,2.40594e-10
32.3167,2.37041e-10
32.3333,2.3354e-10
32.35,2.30089e-10
32.3667,2.2669e-10
32.3833,2.2334e-10
32.4,2.20039e-10
32.4167,2.16786e-10
32.4333,2.13581e-10
32.45,2.10423e-10
32.4667,2.07311e-10
32.4833,2.04245e-10
32.5,2.01223e-10
32.5167,1.98246e-10
32.5333,1.95312e-10
32.55,1.92422e-10
32.5667,1.89574e-10
32.5833,1.86767e-10
32.6,1.84002e-10
32.6167,1.81277e-10
32.6333,1.78592e-10
32.65,1.75947e-10
32.6667,1.7334e-10
32.6833,1.70772e-10
32.7,1.68242e-10
32.7167,1.65749e-10
32.7333,1.63292e-10
32.75,1.60872e-10
32.7667,1.58487e-10
32.7833,1.56137e-10
32.8,1.53822e-10
32.8167,1.51541e-10
32.8333,1.49294e-10
32.85,1.4708e-10
32.8667,1.44898e-10
32.8833,1.42749e-10
32.9,1.40631e-10
32.9167,1.38545e-10
32.9333,1.36489e-10
32.95,1.34464e-10
32.9667,1.32469e-10
32.9833,1.30503e-10
33,1.28566e-10
33.0167,1.26658e-10
33.0333,1.24778e-10
33.05,1.22926e-10
33.0667,1.21102e-10
33.0833,1.19304e-10
33.1,1.17533e-10
33.1167,1.15788e-10
33.1333,1.1407e-10
33.15,1.12376e-10
33.1667,1.10708e-10
33.1833,1.09065e-10
33.2,1.07446e-10
33.2167,1.05851e-10
33.2333,1.04279e-10
33.25,1.02731e-10
33.2667,1.01206e-10
33.2833,9.97037e-11
33.3,9.82236e-11
33.3167,9.67656e-11
33.3333,9.53292e-11
33.35,9.39141e-11
33.3667,9.25201e-11
33.3833,9.11468e-11
33.4,8.97939e-11
33.4167,8.84611e-11
33.4333,8.71482e-11
33.45,8.58547e-11
33.4667,8.45805e-11
33.4833,8.33253e-11
33.5,8.20887e-11
33.5167,8.08705e-11
33.5333,7.96704e-11
33.55,7.84882e-11
33.5667,7.73235e-11
33.5833,7.61762e-11
33.6,7.50459e-11
33.6167,7.39325e-11
33.6333,7.28355e-11
33.65,7.17549e-11
33.6667,7.06903e-11
33.6833,6.96416e-11
33.7,6.86084e-11
33.7167,6.75906e-11
33.7333,6.65879e-11
33.75,6.56001e-11
33.7667,6.4627e-11
33.7833,6.36683e-11
33.8,6.27238e-11
33.8167,6.17934e-11
33.8333,6.08767e-11
33.85,5.99737e-11
33.8667,5.9084e-11
33.8833,5.82076e-11
33.9,5.73441e-11
33.9167,5.64934e-11
33.9333,5.56553e-11
33.95,5.48296e-11
33.9667,5.40162e-11
33.9833,5.32148e-11
34,5.24253e-11
34.0167,5.16474e-11
34.0333,5.08811e-11
34.05,5.0126e-11
34.0667,4.93822e-11
34.0833,4.86493e-11
34.1,4.79273e-11
34.1167,4.7216e-11
34.1333,4.65151e-11
34.15,4.58246e-11
34.1667,4.51443e-11
34.1833,4.44741e-11
34.2,4.38137e-11
34.2167,4.31631e-11
34.2333,4.25221e-11
34.25,4.18905e-11
34.2667,4.12682e-11
34.2833,4.06552e-11
34.3,4.00511e-11
34.3167,3.9456e-11
34.3333,3.88696e-11
34.35,3.82919e-11
34.3667,3.77227e-11
34.3833,3.71619e-11
34.4,3.66094e-11
34.4167,3.60649e-11
34.4333,3.55285e-11
34.45,3.50001e-11
34.4667,3.44794e-11
34.4833,3.39663e-11
34.5,3.34608e-11
34.5167,3.29628e-11
34.5333,3.24721e-11
34.55,3.19886e-11
34.5667,3.15123e-11
34.5833,3.1043e-11
34.6,3.05805e-11
34.6167,3.01249e-11
34.6333,2.9676e-11
34.65,2.92338e-11
34.6667,2.8798e-11
34.6833,2.83687e-11
34.7,2.79457e-11
34.7167,2.75289e-11
34.7333,2.71183e-11
34.75,2.67138e-11
34.7667,2.63152e-11
34.7833,2.59225e-11
34.8,2.55356e-11
34.8167,2.51544e-11
34.8333,2.47788e-11
34.85,2.44088e-11
34.8667,2.40443e-11
34.8833,2.36851e-11
34.9,2.33313e-11
34.9167,2.29827e-11
34.9333,2.26392e-11
34.95,2.23008e-11
34.9667,2.19675e-11
34.9833,2.16391e-11
35,2.13155e-11
35.0167,2.09968e-11
35.0333,2.06828e-11
35.05,2.03734e-11
35.0667,2.00687e-11
35.0833,1.97684e-11
35.1,1.94726e-11
35.1167,1.91813e-11
35.1333,1.88942e-11
35.15,1.86114e-11
35.1667,1.83329e-11
35.1833,1.80584e-11
35.2,1.77881e-11
35.2167,1.75218e-11
35.2333,1.72594e-11
35.25,1.7001e-11
35.2667,1.67464e-11
35.2833,1.64957e-11
35.3,1.62486e-11
35.3167,1.60053e-11
35.3333,1.57656e-11
35.35,1.55295e-11
35.3667,1.52969e-11
35.3833,1.50677e-11
35.4,1.48421e-11
35.4167,1.46197e-11
35.4333,1.44008e-11
35.45,1.41851e-11
35.4667,1.39726e-11
35.4833,1.37633e-11
35.5,1.35572e-11
35.5167,1.33541e-11
35.5333,1.31541e-11
35.55,1.29571e-11
35.5667,1.2763e-11
35.5833,1.25719e-11
35.6,1.23836e-11
35.6167,1.21981e-11
35.6333,1.20155e-11
35.65,1.18355e-11
35.6667,1.16583e-11
35.6833,1.14838e-11
35.7,1.13118e-11
35.7167,1.11425e-11
35.7333,1.09757e-11
35.75,1.08114e-11
35.7667,1.06495e-11
35.7833,1.04901e-11
35.8,1.03331e-11
35.8167,1.01785e-11
35.8333,1.00261e-11
35.85,9.87611e-12
35.8667,9.72833e-12
35.8833,9.58277e-12
35.9,9.43939e-12
35.9167,9.29818e-12
35.9333,9.15908e-12
35.95,9.02207e-12
35.9667,8.88712e-12
35.9833,8.75419e-12
36,8.62326e-12
36.0167,8.4943e-12
36.0333,8.36727e-12
36.05,8.24215e-12
36.0667,8.1189e-12
36.0833,7.9975e-12
36.1,7.87792e-12
36.1167,7.76013e-12
36.1333,7.64411e-12
36.15,7.52983e-12
36.1667,7.41725e-12
36.1833,7.30636e-12
36.2,7.19713e-12
36.2167,7.08954e-12
36.2333,6.98355e-12
36.25,6.87915e-12
36.2667,6.77631e-12
36.2833,6.67501e-12
36.3,6.57522e-12
36.3167,6.47692e-12
36.3333,6.38008e-12
36.35,6.28469e-12
36.3667,6.19073e-12
36.3833,6.09816e-12
36.4,6.00698e-12
36.4167,5.91715e-12
36.4333,5.82867e-12
36.45,5.7415e-12
36.4667,5.65562e-12
36.4833,5.57103e-12
36.5,5.4877e-12
36.5167,5.4056e-12
36.5333,5.32473e-12
36.55,5.24505e-12
36.5667,5.16657e-12
36.5833,5.08924e-12
36.6,5.01307e-12
36.6167,4.93803e-12
36.6333,4.8641e-12
36.65,4.79128e-12
36.6667,4.71953e-12
36.6833,4.64884e-12
36.7,4.57921e-12
36.7167,4.51061e-12
36.7333,4.44303e-12
36.75,4.37645e-12
36.7667,4.31085e-12
36.7833,4.24623e-12
36.8,4.18257e-12
36.8167,4.11985e-12
36.8333,4.05806e-12
36.85,3.99719e-12
36.8667,3.93722e-12
36.8833,3.87814e-12
36.9,3.81994e-12
36.9167,3.7626e-12
36.9333,3.70611e-12
36.95,3.65046e-12
36.9667,3.59563e-12
36.9833,3.54162e-12
37,3.48841e-12
37.0167,3.43599e-12
37.0333,3.38435e-12
37.05,3.33347e-12
37.0667,3.28335e-12
37.0833,3.23397e-12
37.1,3.18533e-12
37.1167,3.13741e-12
37.1333,3.0902e-12
37.15,3.0437e-12
37.1667,2.99789e-12
37.1833,2.95276e-12
37.2,2.9083e-12
37.2167,2.8645e-12
37.2333,2.82135e-12
37.25,2.77885e-12
37.2667,2.73699e-12
37.2833,2.69574e-12
37.3,2.65511e-12
37.3167,2.61509e-12
37.3333,2.57567e-12
37.35,2.53684e-12
37.3667,2.49858e-12
37.3833,2.4609e-12
37.4,2.42378e-12
37.4167,2.38722e-12
37.4333,2.35121e-12
37.45,2.31573e-12
37.4667,2.28079e-12
37.4833,2.24637e-12
37.5,2.21247e-12
37.5167,2.17908e-12
37.5333,2.14619e-12
37.55,2.11379e-12
37.5667,2.08188e-12
37.5833,2.05045e-12
37.6,2.01949e-12
37.6167,1.989e-12
37.6333,1.95897e-12
37.65,1.92939e-12
37.6667,1.90026e-12
37.6833,1.87157e-12
37.7,1.84331e-12
37.7167,1.81547e-12
37.7333,1.78806e-12
37.75,1.76106e-12
37.7667,1.73447e-12
37.7833,1.70828e-12
37.8,1.68249e-12
37.8167,1.65708e-12
37.8333,1.63207e-12
37.85,1.60743e-12
37.8667,1.58316e-12
37.8833,1.55926e-12
37.9,1.53572e-12
37.9167,1.51254e-12
37.9333,1.48971e-12
37.95,1.46723e-12
37.9667,1.44509e-12
37.9833,1.42328e-12
38,1.40181e-12
38.0167,1.38066e-12
38.0333,1.35983e-12
38.05,1.33932e-12
38.0667,1.31912e-12
38.0833,1.29922e-12
38.1,1.27963e-12
38.1167,1.26033e-12
38.1333,1.24133e-12
38.15,1.22262e-12
38.1667,1.20418e-12
38.1833,1.18603e-12
38.2,1.16816e-12
38.2167,1.15055e-12
38.2333,1.13322e-12
38.25,1.11614e-12
38.2667,1.09933e-12
38.2833,1.08277e-12
38.3,1.06646e-12
38.3167,1.05039e-12
38.3333,1.03457e-12
38.35,1.019e-12
38.3667,1.00365e-12
38.3833,9.8854e-13
38.4,9.73657e-13
38.4167,9.58999e-13
38.4333,9.44563e-13
38.45,9.30345e-13
38.4667,9.16342e-13
38.4833,9.0255e-13
38.5,8.88967e-13
38.5167,8.75588e-13
38.5333,8.62412e-13
38.55,8.49434e-13
38.5667,8.36651e-13
38.5833,8.24062e-13
38.6,8.11661e-13
38.6167,7.99448e-13
38.6333,7.87418e-13
38.65,7.7557e-13
38.6667,7.63899e-13
38.6833,7.52404e-13
38.7,7.41082e-13
38.7167,7.29929e-13
38.7333,7.18944e-13
38.75,7.08124e-13
38.7667,6.97466e-13
38.7833,6.86968e-13
38.8,6.76627e-13
38.8167,6.66441e-13
38.8333,6.56407e-13
38.85,6.46524e-13
38.8667,6.36788e-13
38.8833,6.27199e-13
38.9,6.17752e-13
38.9167,6.08447e-13
38.9333,5.99281e-13
38.95,5.90251e-13
38.9667,5.81357e-13
38.9833,5.72595e-13
39,5.63965e-13
39.0167,5.55463e-13
39.0333,5.47087e-13
39.05,5.38837e-13
39.0667,5.3071e-13
39.0833,5.22704e-13
39.1,5.14817e-13
39.1167,5.07048e-13
39.1333,4.99395e-13
39.15,4.91856e-13
39.1667,4.84429e-13
39.1833,4.77113e-13
39.2,4.69906e-13
39.2167,4.62806e-13
39.2333,4.55813e-13
39.25,4.48923e-13
39.2667,4.42136e-13
39.2833,4.35451e-13
39.3,4.28865e-13
39.3167,4.22377e-13
39.3333,4.15986e-13
39.35,4.09691e-13
39.3667,4.03489e-13
39.3833,3.9738e-13
39.4,3.91362e-13
39.4167,3.85434e-13
39.4333,3.79595e-13
39.45,3.73843e-13
39.4667,3.68176e-13
39.4833,3.62595e-13
39.5,3.57097e-13
39.5167,3.51682e-13
39.5333,3.46347e-13
39.55,3.41093e-13
39.5667,3.35917e-13
39.5833,3.30819e-13
39.6,3.25797e-13
39.6167,3.20851e-13
39.6333,3.15979e-13
39.65,3.1118e-13
39.6667,3.06453e-13
39.6833,3.01798e-13
39.7,2.97212e-13
39.7167,2.92696e-13
39.7333,2.88248e-13
39.75,2.83866e-13
39.7667,2.79551e-13
39.7833,2.75301e-13
39.8,2.71115e-13
39.8167,2.66993e-13
39.8333,2.62933e-13
39.85,2.58934e-13
39.8667,2.54996e-13
39.8833,2.51117e-13
39.9,2.47297e-13
39.9167,2.43535e-13
39.9333,2.3983e-13
39.95,2.36182e-13
39.9667,2.32589e-13
39.9833,2.2905e-13
40,2.25565e-13
40.0167,2.22134e-13
40.0333,2.18754e-13
40.05,2.15426e-13
40.0667,2.12149e-13
40.0833,2.08921e-13
40.1,2.05743e-13
40.1167,2.02614e-13
40.1333,1.99532e-13
40.15,1.96497e-13
40.1667,1.93508e-13
40.1833,1.90566e-13
40.2,1.87668e-13
40.2167,1.84814e-13
40.2333,1.82004e-13
40.25,1.79237e-13
40.2667,1.76513e-13
40.2833,1.7383e-13
40.3,1.71188e-13
40.3167,1.68586e-13
40.3333,1.66025e-13
40.35,1.63503e-13
40.3667,1.61019e-13
40.3833,1.58573e-13
40.4,1.56165e-13
40.4167,1.53794e-13
40.4333,1.51459e-13
40.45,1.49159e-13
40.4667,1.46895e-13
40.4833,1.44666e-13
40.5,1.42471e-13
40.5167,1.40309e-13
40.5333,1.38181e-13
40.55,1.36085e-13
40.5667,1.34021e-13
40.5833,1.31989e-13
40.6,1.29988e-13
40.6167,1.28017e-13
40.6333,1.26077e-13
40.65,1.24166e-13
40.6667,1.22284e-13
40.6833,1.20431e-13
40.7,1.18607e-13
40.7167,1.1681e-13
40.7333,1.15041e-13
40.75,1.13298e-13
40.7667,1.11583e-13
40.7833,1.09893e-13
40.8,1.08229e-13
40.8167,1.0659e-13
40.8333,1.04977e-13
40.85,1.03388e-13
40.8667,1.01823e-13
40.8833,1.00281e-13
40.9,9.87634e-14
40.9167,9.72686e-14
40.9333,9.57964e-14
40.95,9.43466e-14
40.9667,9.29187e-14
40.9833,9.15124e-14
41,9.01274e-14
41.0167,8.87633e-14
41.0333,8.74198e-14
41.05,8.60967e-14
41.0667,8.47935e-14
41.0833,8.35099e-14
41.1,8.22457e-14
41.1167,8.10006e-14
41.1333,7.97742e-14
41.15,7.85663e-14
41.1667,7.73765e-14
41.1833,7.62047e-14
41.2,7.50504e-14
41.2167,7.39135e-14
41.2333,7.27937e-14
41.25,7.16907e-14
41.2667,7.06042e-14
41.2833,6.95341e-14
41.3,6.848e-14
41.3167,6.74417e-14
41.3333,6.64189e-14
41.35,6.54115e-14
41.3667,6.44192e-14
41.3833,6.34417e-14
41.4,6.24789e-14
41.4167,6.15304e-14
41.4333,6.05962e-14
41.45,5.96759e-14
41.4667,5.87694e-14
41.4833,5.78765e-14
41.5,5.69969e-14
41.5167,5.61305e-14
41.5333,5.5277e-14
41.55,5.44363e-14
41.5667,5.36082e-14
41.5833,5.27925e-14
41.6,5.1989e-14
41.6167,5.11974e-14
41.6333,5.04178e-14
41.65,4.96498e-14
41.6667,4.88933e-14
41.6833,4.81481e-14
41.7,4.74142e-14
41.7167,4.66912e-14
41.7333,4.5979e-14
41.75,4.52775e-14
41.7667,4.45865e-14
41.7833,4.3906e-14
41.8,4.32356e-14
41.8167,4.25753e-14
41.8333,4.19249e-14
41.85,4.12843e-14
41.8667,4.06533e-14
41.8833,4.00319e-14
41.9,3.94198e-14
41.9167,3.88169e-14
41.9333,3.82231e-14
41.95,3.76383e-14
41.9667,3.70623e-14
41.9833,3.6495e-14
42,3.59363e-14
42.0167,3.5386e-14
42.0333,3.48441e-14
42.05,3.43104e-14
42.0667,3.37847e-14
42.0833,3.32671e-14
42.1,3.27573e-14
42.1167,3.22552e-14
42.1333,3.17608e-14
42.15,3.12739e-14
42.1667,3.07945e-14
42.1833,3.03223e-14
42.2,2.98573e-14
42.2167,2.93994e-14
42.2333,2.89486e-14
42.25,2.85046e-14
42.2667,2.80673e-14
42.2833,2.76368e-14
42.3,2.72129e-14
42.3167,2.67955e-14
42.3333,2.63844e-14
42.35,2.59797e-14
42.3667,2.55812e-14
42.3833,2.51888e-14
42.4,2.48024e-14
42.4167,2.4422e-14
42.4333,2.40474e-14
42.45,2.36786e-14
42.4667,2.33155e-14
42.4833,2.29579e-14
42.5,2.26059e-14
42.5167,2.22593e-14
42.5333,2.19181e-14
42.55,2.15821e-14
42.5667,2.12513e-14
42.5833,2.09256e-14
42.6,2.06049e-14
42.6167,2.02892e-14
42.6333,1.99783e-14
42.65,1.96723e-14
42.6667,1.9371e-14
42.6833,1.90744e-14
42.7,1.87823e-14
42.7167,1.84948e-14
42.7333,1.82117e-14
42.75,1.7933e-14
42.7667,1.76585e-14
42.7833,1.73884e-14
42.8,1.71224e-14
42.8167,1.68605e-14
42.8333,1.66027e-14
42.85,1.63488e-14
42.8667,1.60989e-14
42.8833,1.58528e-14
42.9,1.56106e-14
42.9167,1.5372e-14
42.9333,1.51372e-14
42.95,1.4906e-14
42.9667,1.46783e-14
42.9833,1.44541e-14
43,1.42334e-14
43.0167,1.40161e-14
43.0333,1.38022e-14
43.05,1.35915e-14
43.0667,1.33841e-14
43.0833,1.31798e-14
43.1,1.29787e-14
43.1167,1.27807e-14
43.1333,1.25857e-14
43.15,1.23937e-14
43.1667,1.22047e-14
43.1833,1.20185e-14
43.2,1.18352e-14
43.2167,1.16547e-14
43.2333,1.14769e-14
43.25,1.13018e-14
43.2667,1.11295e-14
43.2833,1.09597e-14
43.3,1.07925e-14
43.3167,1.06279e-14
43.3333,1.04658e-14
43.35,1.03061e-14
43.3667,1.01489e-14
43.3833,9.99406e-15
43.4,9.84156e-15
43.4167,9.69137e-15
43.4333,9.54346e-15
43.45,9.39778e-15
43.4667,9.25431e-15
43.4833,9.113e-15
43.5,8.97383e-15
43.5167,8.83675e-15
43.5333,8.70175e-15
43.55,8.56878e-15
43.5667,8.43781e-15
43.5833,8.30881e-15
43.6,8.18176e-15
43.6167,8.05662e-15
43.6333,7.93336e-15
43.65,7.81195e-15
43.6667,7.69236e-15
43.6833,7.57457e-15
43.7,7.45855e-15
43.7167,7.34427e-15
43.7333,7.2317e-15
43.75,7.12083e-15
43.7667,7.01161e-15
43.7833,6.90403e-15
43.8,6.79807e-15
43.8167,6.69369e-15
43.8333,6.59088e-15
43.85,6.48961e-15
43.8667,6.38985e-15
43.8833,6.29159e-15
43.9,6.19481e-15
43.9167,6.09947e-15
43.9333,6.00556e-15
43.95,5.91306e-15
43.9667,5.82195e-15
43.9833,5.73221e-15
44,5.64381e-15
44.0167,5.55674e-15
44.0333,5.47097e-15
44.05,5.3865e-15
44.0667,5.30329e-15
44.0833,5.22134e-15
44.1,5.14061e-15
44.1167,5.0611e-15
44.1333,4.98279e-15
44.15,4.90566e-15
44.1667,4.8297e-15
44.1833,4.75487e-15
44.2,4.68118e-15
44.2167,4.6086e-15
44.2333,4.53712e-15
44.25,4.46672e-15
44.2667,4.39739e-15
44.2833,4.32911e-15
44.3,4.26186e-15
44.3167,4.19563e-15
44.3333,4.13041e-15
44.35,4.06619e-15
44.3667,4.00294e-15
44.3833,3.94065e-15
44.4,3.87931e-15
44.4167,3.81891e-15
44.4333,3.75943e-15
44.45,3.70086e-15
44.4667,3.64319e-15
44.4833,3.58639e-15
44.5,3.53047e-15
44.5167,3.47541e-15
44.5333,3.42119e-15
44.55,3.36781e-15
44.5667,3.31525e-15
44.5833,3.26349e-15
44.6,3.21254e-15
44.6167,3.16237e-15
44.6333,3.11297e-15
44.65,3.06434e-15
44.6667,3.01645e-15
44.6833,2.96931e-15
44.7,2.9229e-15
44.7167,2.87721e-15
44.7333,2.83222e-15
44.75,2.78794e-15
44.7667,2.74434e-15
44.7833,2.70142e-15
44.8,2.65916e-15
44.8167,2.61756e-15
44.8333,2.57661e-15
44.85,2.5363e-15
44.8667,2.49661e-15
44.8833,2.45754e-15
44.9,2.41909e-15
44.9167,2.38123e-15
44.9333,2.34396e-15
44.95,2.30727e-15
44.9667,2.27115e-15
44.9833,2.2356e-15
45,2.20061e-15
45.0167,2.16616e-15
45.0333,2.13224e-15
45.05,2.09886e-15
45.0667,2.066e-15
45.0833,2.03365e-15
45.1,2.00181e-15
45.1167,1.97046e-15
45.1333,1.9396e-15
45.15,1.90923e-15
45.1667,1.87933e-15
45.1833,1.84989e-15
45.2,1.82092e-15
45.2167,1.79239e-15
45.2333,1.76431e-15
45.25,1.73667e-15
45.2667,1.70946e-15
45.2833,1.68267e-15
45.3,1.6563e-15
45.3167,1.63033e-15
45.3333,1.60478e-15
45.35,1.57961e-15
45.3667,1.55484e-15
45.3833,1.53045e-15
45.4,1.50644e-15
45.4167,1.4828e-15
45.4333,1.45953e-15
45.45,1.43662e-15
45.4667,1.41406e-15
45.4833,1.39185e-15
45.5,1.36998e-15
45.5167,1.34845e-15
45.5333,1.32725e-15
45.55,1.30637e-15
45.5667,1.28582e-15
45.5833,1.26558e-15
45.6,1.24565e-15
45.6167,1.22603e-15
45.6333,1.20671e-15
45.65,1.18768e-15
45.6667,1.16894e-15
45.6833,1.15049e-15
45.7,1.13232e-15
45.7167,1.11443e-15
45.7333,1.09681e-15
45.75,1.07946e-15
45.7667,1.06237e-15
45.7833,1.04554e-15
45.8,1.02897e-15
45.8167,1.01264e-15
45.8333,9.96568e-16
45.85,9.80736e-16
45.8667,9.65143e-16
45.8833,9.49786e-16
45.9,9.34661e-16
45.9167,9.19764e-16
45.9333,9.05092e-16
45.95,8.90641e-16
45.9667,8.76407e-16
45.9833,8.62388e-16
46,8.48579e-16
46.0167,8.34979e-16
46.0333,8.21583e-16
46.05,8.08388e-16
46.0667,7.95391e-16
46.0833,7.8259e-16
46.1,7.69981e-16
46.1167,7.57561e-16
46.1333,7.45327e-16
46.15,7.33277e-16
46.1667,7.21408e-16
46.1833,7.09717e-16
46.2,6.98202e-16
46.2167,6.86859e-16
46.2333,6.75687e-16
46.25,6.64682e-16
46.2667,6.53843e-16
46.2833,6.43166e-16
46.3,6.3265e-16
46.3167,6.22292e-16
46.3333,6.1209e-16
46.35,6.02041e-16
46.3667,5.92143e-16
46.3833,5.82395e-16
46.4,5.72793e-16
46.4167,5.63337e-16
46.4333,5.54023e-16
46.45,5.4485e-16
46.4667,5.35815e-16
46.4833,5.26917e-16
46.5,5.18154e-16
46.5167,5.09524e-16
46.5333,5.01025e-16
46.55,4.92654e-16
46.5667,4.84412e-16
46.5833,4.76294e-16
46.6,4.683e-16
46.6167,4.60429e-16
46.6333,4.52677e-16
46.65,4.45044e-16
46.6667,4.37528e-16
46.6833,4.30127e-16
46.7,4.22839e-16
46.7167,4.15664e-16
46.7333,4.08599e-16
46.75,4.01643e-16
46.7667,3.94794e-16
46.7833,3.88051e-16
46.8,3.81412e-16
46.8167,3.74876e-16
46.8333,3.68441e-16
46.85,3.62106e-16
46.8667,3.5587e-16
46.8833,3.49731e-16
46.9,3.43687e-16
46.9167,3.37738e-16
46.9333,3.31882e-16
46.95,3.26117e-16
46.9667,3.20443e-16
46.9833,3.14858e-16
47,3.09361e-16
47.0167,3.0395e-16
47.0333,2.98624e-16
47.05,2.93382e-16
47.0667,2.88223e-16
47.0833,2.83145e-16
47.1,2.78148e-16
47.1167,2.7323e-16
47.1333,2.6839e-16
47.15,2.63626e-16
47.1667,2.58939e-16
47.1833,2.54325e-16
47.2,2.49786e-16
47.2167,2.45318e-16
47.2333,2.40922e-16
47.25,2.36596e-16
47.2667,2.32339e-16
47.2833,2.2815e-16
47.3,2.24029e-16
47.3167,2.19973e-16
47.3333,2.15982e-16
47.35,2.12055e-16
47.3667,2.08191e-16
47.3833,2.04389e-16
47.4,2.00648e-16
47.4167,1.96967e-16
47.4333,1.93345e-16
47.45,1.89782e-16
47.4667,1.86275e-16
47.4833,1.82825e-16
47.5,1.79431e-16
47.5167,1.76091e-16
47.5333,1.72805e-16
47.55,1.69572e-16
47.5667,1.66391e-16
47.5833,1.63261e-16
47.6,1.60181e-16
47.6167,1.57151e-16
47.6333,1.5417e-16
47.65,1.51237e-16
47.6667,1.4835e-16
47.6833,1.45511e-16
47.7,1.42717e-16
47.7167,1.39967e-16
47.7333,1.37262e-16
47.75,1.34601e-16
47.7667,1.31982e-16
47.7833,1.29405e-16
47.8,1.26869e-16
47.8167,1.24375e-16
47.8333,1.2192e-16
47.85,1.19504e-16
47.8667,1.17127e-16
47.8833,1.14788e-16
47.9,1.12487e-16
47.9167,1.10222e-16
47.9333,1.07994e-16
47.95,1.05801e-16
47.9667,1.03643e-16
47.9833,1.01519e-16
48,9.94296e-17
48.0167,9.73733e-17
48.0333,9.53497e-17
48.05,9.33584e-17
48.0667,9.13987e-17
48.0833,8.94703e-17
48.1,8.75726e-17
48.1167,8.5705e-17
48.1333,8.38672e-17
48.15,8.20586e-17
48.1667,8.02788e-17
48.1833,7.85273e-17
48.2,7.68037e-17
48.2167,7.51076e-17
48.2333,7.34385e-17
48.25,7.1796e-17
48.2667,7.01797e-17
48.2833,6.85892e-17
48.3,6.70242e-17
48.3167,6.54842e-17
48.3333,6.39688e-17
48.35,6.24778e-17
48.3667,6.10108e-17
48.3833,5.95674e-17
48.4,5.81473e-17
48.4167,5.67502e-17
48.4333,5.53757e-17
48.45,5.40236e-17
48.4667,5.26936e-17
48.4833,5.13853e-17
48.5,5.00985e-17
48.5167,4.88329e-17
48.5333,4.75882e-17
48.55,4.63643e-17
48.5667,4.51608e-17
48.5833,4.39774e-17
48.6,4.28141e-17
48.6167,4.16704e-17
48.6333,4.05463e-17
48.65,3.94415e-17
48.6667,3.83557e-17
48.6833,3.72889e-17
48.7,3.62407e-17
48.7167,3.52111e-17
48.7333,3.41998e-17
48.75,3.32066e-17
48.7667,3.22314e-17
48.7833,3.1274e-17
48.8,3.03343e-17
48.8167,2.94121e-17
48.8333,2.85072e-17
48.85,2.76195e-17
48.8667,2.67489e-17
48.8833,2.58952e-17
48.9,2.50583e-17
48.9167,2.42381e-17
48.9333,2.34344e-17
48.95,2.26471e-17
48.9667,2.18761e-17
48.9833,2.11213e-17
49,2.03826e-17
49.0167,1.96598e-17
49.0333,1.89529e-17
49.05,1.82617e-17
49.0667,1.7586e-17
49.0833,1.69259e-17
49.1,1.62811e-17
49.1167,1.56515e-17
49.1333,1.50371e-17
49.15,1.44376e-17
49.1667,1.38531e-17
49.1833,1.32832e-17
49.2,1.27279e-17
49.2167,1.21871e-17
49.2333,1.16606e-17
49.25,1.11482e-17
49.2667,1.06498e-17
49.2833,1.01652e-17
49.3,9.69429e-18
49.3167,9.23685e-18
49.3333,8.79271e-18
49.35,8.36168e-18
49.3667,7.94359e-18
49.3833,7.53822e-18
49.4,7.14539e-18
49.4167,6.7649e-18
49.4333,6.39652e-18
49.45,6.04006e-18
49.4667,5.69531e-18
49.4833,5.36204e-18
49.5,5.04005e-18
49.5167,4.72912e-18
49.5333,4.42904e-18
49.55,4.13959e-18
49.5667,3.86057e-18
49.5833,3.59178e-18
49.6,3.33302e-18
49.6167,3.08411e-18
49.6333,2.84486e-18
49.65,2.61511e-18
49.6667,2.39472e-18
49.6833,2.18355e-18
49.7,1.98148e-18
49.7167,1.78843e-18
49.7333,1.60434e-18
49.75,1.42916e-18
49.7667,1.2629e-18
49.7833,1.10559e-18
49.8,9.57326e-19
49.8167,8.18224e-19
49.8333,6.88473e-19
49.85,5.68316e-19
49.8667,4.58067e-19
49.8833,3.58115e-19
49.9,2.68935e-19
49.9167,1.91095e-19
49.9333,1.25269e-19
49.95,7.22501e-20
49.9667,3.29602e-20
49.9833,8.46707e-21
