1e-05,1.30092e-10
0.0166767,0.000476237
0.0333433,0.00173938
0.05001,0.00357167
0.0666767,0.00579035
0.0833433,0.0082434
0.10001,0.0108057
0.116677,0.0133756
0.133343,0.015872
0.15001,0.018231
0.166677,0.0204044
0.183343,0.0223566
0.20001,0.0240632
0.216677,0.0255091
0.233343,0.0266868
0.25001,0.0275956
0.266677,0.0282399
0.283343,0.0286282
0.30001,0.0287727
0.316677,0.0286879
0.333343,0.0283905
0.35001,0.0278983
0.366677,0.0272302
0.383343,0.0264055
0.40001,0.0254437
0.416677,0.024364
0.433343,0.0231855
0.45001,0.0219265
0.466677,0.0206047
0.483343,0.019237
0.50001,0.0178395
0.516677,0.0164272
0.533343,0.0150142
0.55001,0.0136136
0.566677,0.0122375
0.583343,0.0108969
0.60001,0.00960222
0.616677,0.00836248
0.633343,0.00718607
0.65001,0.00608043
0.666677,0.00505223
0.683343,0.00410735
0.70001,0.00325093
0.716677,0.00248747
0.733343,0.00182082
0.75001,0.00125425
0.766677,0.000790497
0.783343,0.0004318
0.80001,0.000179949
0.816677,3.63171e-05
0.833343,1.90071e-06
0.85001,7.73531e-05
0.866676,0.000263015
0.883343,0.000558946
0.90001,0.000964948
0.916676,0.00148059
0.933343,0.00210523
0.95001,0.00283805
0.966676,0.00367803
0.983343,0.00462401
1.00001,0.0056747
1.01668,0.00682864
1.03334,0.00808428
1.05001,0.00943995
1.06668,0.0108939
1.08334,0.0124442
1.10001,0.0140888
1.11668,0.0158259
1.13334,0.0176531
1.15001,0.0195684
1.16668,0.0215694
1.18334,0.0236537
1.20001,0.025819
1.21668,0.0280628
1.23334,0.0303825
1.25001,0.0327757
1.26668,0.0352396
1.28334,0.0377717
1.30001,0.0403693
1.31668,0.0430296
1.33334,0.04575
1.35001,0.0485277
1.36668,0.0513599
1.38334,0.054244
1.40001,0.057177
1.41668,0.0601562
1.43334,0.063179
1.45001,0.0662423
1.46668,0.0693437
1.48334,0.0724801
1.50001,0.075649
1.51668,0.0788476
1.53334,0.0820733
1.55001,0.0853232
1.56668,0.0885949
1.58334,0.0918856
1.60001,0.0951928
1.61668,0.0985139
1.63334,0.101846
1.65001,0.105188
1.66668,0.108536
1.68334,0.111888
1.70001,0.115241
1.71668,0.118595
1.73334,0.121945
1.75001,0.12529
1.76668,0.128628
1.78334,0.131956
1.80001,0.135273
1.81668,0.138577
1.83334,0.141865
1.85001,0.145135
1.86668,0.148387
1.88334,0.151617
1.90001,0.154825
1.91668,0.158008
1.93334,0.161164
1.95001,0.164294
1.96668,0.167393
1.98334,0.170462
2.00001,0.173499
2.01668,0.176503
2.03334,0.179471
2.05001,0.182404
2.06668,0.185299
2.08334,0.188156
2.10001,0.190973
2.11668,0.19375
2.13334,0.196485
2.15001,0.199178
2.16668,0.201827
2.18334,0.204432
2.20001,0.206992
2.21668,0.209507
2.23334,0.211975
2.25001,0.214396
2.26668,0.21677
2.28334,0.219096
2.30001,0.221373
2.31668,0.223601
2.33334,0.225779
2.35001,0.227908
2.36668,0.229987
2.38334,0.232015
2.40001,0.233993
2.41668,0.23592
2.43334,0.237797
2.45001,0.239622
2.46668,0.241396
2.48334,0.243119
2.50001,0.244791
2.51668,0.246411
2.53334,0.247981
2.55001,0.249499
2.56668,0.250966
2.58334,0.252383
2.60001,0.253749
2.61668,0.255065
2.63334,0.25633
2.65001,0.257546
2.66668,0.258712
2.68334,0.259828
2.70001,0.260895
2.71668,0.261914
2.73334,0.262884
2.75001,0.263806
2.76668,0.26468
2.78334,0.265507
2.80001,0.266286
2.81668,0.26702
2.83334,0.267707
2.85001,0.268349
2.86668,0.268946
2.88334,0.269498
2.90001,0.270005
2.91668,0.270469
2.93334,0.27089
2.95001,0.271269
2.96668,0.271605
2.98334,0.271899
3.00001,0.272152
3.01668,0.272365
3.03334,0.272538
3.05001,0.272671
3.06668,0.272765
3.08334,0.272821
3.10001,0.272839
3.11668,0.272819
3.13334,0.272763
3.15001,0.272671
3.16668,0.272543
3.18334,0.27238
3.20001,0.272182
3.21668,0.271951
3.23334,0.271686
3.25001,0.271388
3.26668,0.271058
3.28334,0.270696
3.30001,0.270303
3.31668,0.269879
3.33334,0.269425
3.35001,0.268942
3.36668,0.268429
3.38334,0.267888
3.40001,0.267319
3.41668,0.266722
3.43334,0.266099
3.45001,0.265449
3.46668,0.264773
3.48334,0.264072
3.50001,0.263346
3.51668,0.262596
3.53334,0.261821
3.55001,0.261024
3.56668,0.260203
3.58334,0.25936
3.60001,0.258496
3.61668,0.257609
3.63334,0.256702
3.65001,0.255774
3.66668,0.254827
3.68334,0.25386
3.70001,0.252873
3.71668,0.251869
3.73334,0.250846
3.75001,0.249805
3.76668,0.248747
3.78334,0.247672
3.80001,0.246581
3.81668,0.245474
3.83334,0.244352
3.85001,0.243214
3.86668,0.242062
3.88334,0.240896
3.90001,0.239716
3.91668,0.238522
3.93334,0.237316
3.95001,0.236097
3.96668,0.234866
3.98334,0.233623
4.00001,0.232369
4.01668,0.231104
4.03334,0.229828
4.05001,0.228542
4.06668,0.227246
4.08334,0.225941
4.10001,0.224627
4.11668,0.223305
4.13334,0.221974
4.15001,0.220635
4.16668,0.219288
4.18334,0.217935
4.20001,0.216574
4.21668,0.215207
4.23334,0.213834
4.25001,0.212455
4.26668,0.211071
4.28334,0.209682
4.30001,0.208287
4.31668,0.206889
4.33334,0.205486
4.35001,0.204079
4.36668,0.202669
4.38334,0.201256
4.40001,0.19984
4.41668,0.198421
4.43334,0.197
4.45001,0.195577
4.46668,0.194152
4.48334,0.192726
4.50001,0.191299
4.51668,0.189871
4.53334,0.188442
4.55001,0.187013
4.56668,0.185584
4.58334,0.184156
4.60001,0.182728
4.61668,0.1813
4.63334,0.179874
4.65001,0.178449
4.66668,0.177026
4.68334,0.175604
4.70001,0.174184
4.71668,0.172766
4.73334,0.171351
4.75001,0.169938
4.76668,0.168529
4.78334,0.167122
4.80001,0.165719
4.81668,0.164319
4.83334,0.162922
4.85001,0.16153
4.86668,0.160142
4.88334,0.158757
4.90001,0.157378
4.91668,0.156002
4.93334,0.154632
4.95001,0.153266
4.96668,0.151906
4.98334,0.15055
5.00001,0.1492
5.01668,0.147856
5.03334,0.146517
5.05001,0.145183
5.06668,0.143856
5.08334,0.142535
5.10001,0.14122
5.11668,0.139911
5.13334,0.138608
5.15001,0.137312
5.16668,0.136023
5.18334,0.13474
5.20001,0.133464
5.21668,0.132195
5.23334,0.130932
5.25001,0.129677
5.26668,0.128429
5.28334,0.127188
5.30001,0.125955
5.31668,0.124728
5.33334,0.123509
5.35001,0.122298
5.36668,0.121094
5.38334,0.119897
5.40001,0.118708
5.41668,0.117527
5.43334,0.116354
5.45001,0.115188
5.46668,0.11403
5.48334,0.11288
5.50001,0.111737
5.51668,0.110603
5.53334,0.109476
5.55001,0.108358
5.56668,0.107247
5.58334,0.106144
5.60001,0.105049
5.61668,0.103963
5.63334,0.102884
5.65001,0.101813
5.66668,0.10075
5.68334,0.099695
5.70001,0.0986481
5.71668,0.0976092
5.73334,0.0965782
5.75001,0.0955553
5.76668,0.0945404
5.78334,0.0935334
5.80001,0.0925344
5.81668,0.0915433
5.83334,0.0905601
5.85001,0.0895849
5.86668,0.0886175
5.88334,0.0876581
5.90001,0.0867065
5.91668,0.0857627
5.93334,0.0848267
5.95001,0.0838986
5.96668,0.0829782
5.98334,0.0820655
6.00001,0.0811606
6.01668,0.0802633
6.03334,0.0793737
6.05001,0.0784917
6.06668,0.0776174
6.08334,0.0767505
6.10001,0.0758913
6.11668,0.0750395
6.13334,0.0741952
6.15001,0.0733584
6.16668,0.0725289
6.18334,0.0717068
6.20001,0.0708921
6.21668,0.0700847
6.23334,0.0692845
6.25001,0.0684916
6.26668,0.0677058
6.28334,0.0669273
6.30001,0.0661558
6.31668,0.0653915
6.33334,0.0646341
6.35001,0.0638838
6.36668,0.0631405
6.38334,0.0624041
6.40001,0.0616746
6.41668,0.060952
6.43334,0.0602362
6.45001,0.0595272
6.46668,0.0588249
6.48334,0.0581294
6.50001,0.0574405
6.51668,0.0567583
6.53334,0.0560826
6.55001,0.0554135
6.56668,0.0547509
6.58334,0.0540948
6.60001,0.0534452
6.61668,0.0528019
6.63334,0.052165
6.65001,0.0515345
6.66668,0.0509102
6.68334,0.0502922
6.70001,0.0496803
6.71668,0.0490747
6.73334,0.0484752
6.75001,0.0478817
6.76668,0.0472944
6.78334,0.046713
6.80001,0.0461376
6.81668,0.0455682
6.83334,0.0450046
6.85001,0.044447
6.86668,0.0438951
6.88334,0.0433491
6.90001,0.0428087
6.91668,0.0422741
6.93334,0.0417452
6.95001,0.0412219
6.96668,0.0407041
6.98334,0.040192
7.00001,0.0396853
7.01668,0.0391841
7.03334,0.0386884
7.05001,0.038198
7.06668,0.0377131
7.08334,0.0372334
7.10001,0.036759
7.11668,0.0362899
7.13334,0.0358259
7.15001,0.0353672
7.16668,0.0349135
7.18334,0.034465
7.20001,0.0340215
7.21668,0.0335829
7.23334,0.0331494
7.25001,0.0327208
7.26668,0.0322971
7.28334,0.0318782
7.30001,0.0314642
7.31668,0.0310549
7.33334,0.0306503
7.35001,0.0302504
7.36668,0.0298552
7.38334,0.0294646
7.40001,0.0290786
7.41668,0.0286971
7.43334,0.0283201
7.45001,0.0279475
7.46668,0.0275794
7.48334,0.0272156
7.50001,0.0268562
7.51668,0.0265011
7.53334,0.0261502
7.55001,0.0258035
7.56668,0.0254611
7.58334,0.0251227
7.60001,0.0247884
7.61668,0.0244582
7.63334,0.0241321
7.65001,0.0238099
7.66668,0.0234916
7.68334,0.0231772
7.70001,0.0228667
7.71668,0.02256
7.73334,0.0222572
7.75001,0.021958
7.76668,0.0216626
7.78334,0.0213708
7.80001,0.0210826
7.81668,0.0207981
7.83334,0.0205171
7.85001,0.0202396
7.86668,0.0199655
7.88334,0.019695
7.90001,0.0194278
7.91668,0.019164
7.93334,0.0189035
7.95001,0.0186463
7.96668,0.0183924
7.98334,0.0181417
8.00001,0.0178941
8.01668,0.0176497
8.03334,0.0174084
8.05001,0.0171702
8.06668,0.0169351
8.08334,0.0167029
8.10001,0.0164737
8.11668,0.0162474
8.13334,0.0160241
8.15001,0.0158036
8.16668,0.0155859
8.18334,0.015371
8.20001,0.0151589
8.21668,0.0149495
8.23334,0.0147429
8.25001,0.0145389
8.26668,0.0143375
8.28334,0.0141387
8.30001,0.0139425
8.31668,0.0137489
8.33334,0.0135577
8.35001,0.0133691
8.36667,0.0131828
8.38334,0.012999
8.40001,0.0128176
8.41667,0.0126386
8.43334,0.0124619
8.45001,0.0122874
8.46667,0.0121153
8.48334,0.0119454
8.50001,0.0117777
8.51667,0.0116123
8.53334,0.0114489
8.55001,0.0112878
8.56667,0.0111287
8.58334,0.0109717
8.60001,0.0108168
8.61667,0.0106639
8.63334,0.010513
8.65001,0.0103641
8.66667,0.0102172
8.68334,0.0100722
8.70001,0.00992914
8.71667,0.00978795
8.73334,0.00964862
8.75001,0.00951113
8.76667,0.00937546
8.78334,0.00924159
8.80001,0.0091095
8.81667,0.00897916
8.83334,0.00885055
8.85001,0.00872365
8.86667,0.00859844
8.88334,0.0084749
8.90001,0.008353
8.91667,0.00823274
8.93334,0.00811408
8.95001,0.00799702
8.96667,0.00788152
8.98334,0.00776757
9.00001,0.00765515
9.01667,0.00754424
9.03334,0.00743483
9.05001,0.0073269
9.06667,0.00722042
9.08334,0.00711538
9.10001,0.00701176
9.11667,0.00690955
9.13334,0.00680873
9.15001,0.00670927
9.16667,0.00661118
9.18334,0.00651442
9.20001,0.00641898
9.21667,0.00632485
9.23334,0.006232
9.25001,0.00614043
9.26667,0.00605012
9.28334,0.00596106
9.30001,0.00587322
9.31667,0.00578659
9.33334,0.00570116
9.35001,0.00561692
9.36667,0.00553385
9.38334,0.00545193
9.40001,0.00537115
9.41667,0.00529149
9.43334,0.00521295
9.45001,0.00513551
9.46667,0.00505916
9.48334,0.00498388
9.50001,0.00490965
9.51667,0.00483648
9.53334,0.00476433
9.55001,0.00469321
9.56667,0.00462309
9.58334,0.00455396
9.60001,0.00448582
9.61667,0.00441865
9.63334,0.00435244
9.65001,0.00428717
9.66667,0.00422283
9.68334,0.00415942
9.70001,0.00409691
9.71667,0.0040353
9.73334,0.00397458
9.75001,0.00391474
9.76667,0.00385575
9.78334,0.00379762
9.80001,0.00374034
9.81667,0.00368388
9.83334,0.00362824
9.85001,0.00357341
9.86667,0.00351938
9.88334,0.00346613
9.90001,0.00341366
9.91667,0.00336196
9.93334,0.00331102
9.95001,0.00326082
9.96667,0.00321136
9.98334,0.00316262
10,0.0031146
10.0167,0.00306729
10.0333,0.00302067
10.05,0.00297474
10.0667,0.00292949
10.0833,0.00288491
10.1,0.00284098
10.1167,0.00279771
10.1333,0.00275508
10.15,0.00271308
10.1667,0.0026717
10.1833,0.00263094
10.2,0.00259078
10.2167,0.00255122
10.2333,0.00251225
10.25,0.00247386
10.2667,0.00243604
10.2833,0.00239879
10.3,0.00236209
10.3167,0.00232594
10.3333,0.00229033
10.35,0.00225525
10.3667,0.00222069
10.3833,0.00218665
10.4,0.00215312
10.4167,0.00212009
10.4333,0.00208756
10.45,0.00205551
10.4667,0.00202395
10.4833,0.00199285
10.5,0.00196222
10.5167,0.00193205
10.5333,0.00190233
10.55,0.00187306
10.5667,0.00184422
10.5833,0.00181582
10.6,0.00178784
10.6167,0.00176029
10.6333,0.00173314
10.65,0.0017064
10.6667,0.00168007
10.6833,0.00165413
10.7,0.00162857
10.7167,0.0016034
10.7333,0.00157861
10.75,0.00155419
10.7667,0.00153013
10.7833,0.00150644
10.8,0.0014831
10.8167,0.00146011
10.8333,0.00143746
10.85,0.00141516
10.8667,0.00139319
10.8833,0.00137154
10.9,0.00135023
10.9167,0.00132923
10.9333,0.00130855
10.95,0.00128817
10.9667,0.00126811
10.9833,0.00124834
11,0.00122887
11.0167,0.00120969
11.0333,0.0011908
11.05,0.00117219
11.0667,0.00115387
11.0833,0.00113581
11.1,0.00111803
11.1167,0.00110052
11.1333,0.00108327
11.15,0.00106628
11.1667,0.00104954
11.1833,0.00103305
11.2,0.00101682
11.2167,0.00100082
11.2333,0.000985073
11.25,0.000969558
11.2667,0.000954278
11.2833,0.000939228
11.3,0.000924404
11.3167,0.000909805
11.3333,0.000895426
11.35,0.000881265
11.3667,0.000867318
11.3833,0.000853581
11.4,0.000840053
11.4167,0.00082673
11.4333,0.000813609
11.45,0.000800688
11.4667,0.000787962
11.4833,0.000775431
11.5,0.00076309
11.5167,0.000750937
11.5333,0.000738969
11.55,0.000727184
11.5667,0.00071558
11.5833,0.000704152
11.6,0.0006929
11.6167,0.000681821
11.6333,0.000670911
11.65,0.000660169
11.6667,0.000649593
11.6833,0.000639179
11.7,0.000628926
11.7167,0.000618831
11.7333,0.000608892
11.75,0.000599107
11.7667,0.000589474
11.7833,0.00057999
11.8,0.000570654
11.8167,0.000561463
11.8333,0.000552415
11.85,0.000543508
11.8667,0.00053474
11.8833,0.000526109
11.9,0.000517613
11.9167,0.000509251
11.9333,0.000501019
11.95,0.000492917
11.9667,0.000484943
11.9833,0.000477094
12,0.000469369
12.0167,0.000461765
12.0333,0.000454282
12.05,0.000446918
12.0667,0.00043967
12.0833,0.000432537
12.1,0.000425517
12.1167,0.000418609
12.1333,0.000411811
12.15,0.000405122
12.1667,0.000398538
12.1833,0.000392061
12.2,0.000385686
12.2167,0.000379414
12.2333,0.000373242
12.25,0.000367169
12.2667,0.000361193
12.2833,0.000355313
12.3,0.000349528
12.3167,0.000343836
12.3333,0.000338236
12.35,0.000332725
12.3667,0.000327304
12.3833,0.00032197
12.4,0.000316722
12.4167,0.000311559
12.4333,0.000306479
12.45,0.000301482
12.4667,0.000296565
12.4833,0.000291728
12.5,0.000286969
12.5167,0.000282287
12.5333,0.000277682
12.55,0.000273151
12.5667,0.000268693
12.5833,0.000264308
12.6,0.000259993
12.6167,0.000255749
12.6333,0.000251574
12.65,0.000247466
12.6667,0.000243426
12.6833,0.00023945
12.7,0.00023554
12.7167,0.000231693
12.7333,0.000227908
12.75,0.000224185
12.7667,0.000220522
12.7833,0.000216918
12.8,0.000213373
12.8167,0.000209886
12.8333,0.000206455
12.85,0.00020308
12.8667,0.000199759
12.8833,0.000196493
12.9,0.000193279
12.9167,0.000190117
12.9333,0.000187006
12.95,0.000183946
12.9667,0.000180935
12.9833,0.000177973
13,0.000175059
13.0167,0.000172192
13.0333,0.000169372
13.05,0.000166596
13.0667,0.000163866
13.0833,0.00016118
13.1,0.000158537
13.1167,0.000155936
13.1333,0.000153378
13.15,0.00015086
13.1667,0.000148383
13.1833,0.000145947
13.2,0.000143549
13.2167,0.00014119
13.2333,0.000138868
13.25,0.000136584
13.2667,0.000134337
13.2833,0.000132126
13.3,0.00012995
13.3167,0.000127809
13.3333,0.000125703
13.35,0.00012363
13.3667,0.000121591
13.3833,0.000119584
13.4,0.00011761
13.4167,0.000115667
13.4333,0.000113755
13.45,0.000111874
13.4667,0.000110023
13.4833,0.000108202
13.5,0.00010641
13.5167,0.000104646
13.5333,0.000102911
13.55,0.000101204
13.5667,9.95239e-05
13.5833,9.78709e-05
13.6,9.62444e-05
13.6167,9.4644e-05
13.6333,9.30693e-05
13.65,9.15199e-05
13.6667,8.99953e-05
13.6833,8.84953e-05
13.7,8.70193e-05
13.7167,8.55671e-05
13.7333,8.41383e-05
13.75,8.27324e-05
13.7667,8.13493e-05
13.7833,7.99884e-05
13.8,7.86494e-05
13.8167,7.73321e-05
13.8333,7.60361e-05
13.85,7.4761e-05
13.8667,7.35066e-05
13.8833,7.22724e-05
13.9,7.10583e-05
13.9167,6.98639e-05
13.9333,6.86889e-05
13.95,6.7533e-05
13.9667,6.63959e-05
13.9833,6.52773e-05
14,6.4177e-05
14.0167,6.30947e-05
14.0333,6.203e-05
14.05,6.09828e-05
14.0667,5.99527e-05
14.0833,5.89396e-05
14.1,5.79431e-05
14.1167,5.69629e-05
14.1333,5.59989e-05
14.15,5.50508e-05
14.1667,5.41184e-05
14.1833,5.32013e-05
14.2,5.22995e-05
14.2167,5.14126e-05
14.2333,5.05404e-05
14.25,4.96826e-05
14.2667,4.88392e-05
14.2833,4.80098e-05
14.3,4.71942e-05
14.3167,4.63923e-05
14.3333,4.56037e-05
14.35,4.48283e-05
14.3667,4.40659e-05
14.3833,4.33164e-05
14.4,4.25794e-05
14.4167,4.18547e-05
14.4333,4.11423e-05
14.45,4.04419e-05
14.4667,3.97533e-05
14.4833,3.90763e-05
14.5,3.84108e-05
14.5167,3.77565e-05
14.5333,3.71134e-05
14.55,3.64811e-05
14.5667,3.58595e-05
14.5833,3.52485e-05
14.6,3.46479e-05
14.6167,3.40575e-05
14.6333,3.34771e-05
14.65,3.29066e-05
14.6667,3.23459e-05
14.6833,3.17947e-05
14.7,3.12529e-05
14.7167,3.07204e-05
14.7333,3.0197e-05
14.75,2.96825e-05
14.7667,2.91769e-05
14.7833,2.86798e-05
14.8,2.81913e-05
14.8167,2.77112e-05
14.8333,2.72393e-05
14.85,2.67754e-05
14.8667,2.63195e-05
14.8833,2.58714e-05
14.9,2.5431e-05
14.9167,2.49982e-05
14.9333,2.45728e-05
14.95,2.41546e-05
14.9667,2.37436e-05
14.9833,2.33397e-05
15,2.29427e-05
15.0167,2.25525e-05
15.0333,2.21689e-05
15.05,2.1792e-05
15.0667,2.14215e-05
15.0833,2.10573e-05
15.1,2.06993e-05
15.1167,2.03475e-05
15.1333,2.00017e-05
15.15,1.96617e-05
15.1667,1.93276e-05
15.1833,1.89992e-05
15.2,1.86764e-05
15.2167,1.8359e-05
15.2333,1.80471e-05
15.25,1.77405e-05
15.2667,1.74391e-05
15.2833,1.71428e-05
15.3,1.68515e-05
15.3167,1.65652e-05
15.3333,1.62837e-05
15.35,1.6007e-05
15.3667,1.57349e-05
15.3833,1.54675e-05
15.4,1.52046e-05
15.4167,1.49461e-05
15.4333,1.4692e-05
15.45,1.44421e-05
15.4667,1.41965e-05
15.4833,1.3955e-05
15.5,1.37175e-05
15.5167,1.34841e-05
15.5333,1.32545e-05
15.55,1.30288e-05
15.5667,1.28069e-05
15.5833,1.25887e-05
15.6,1.23741e-05
15.6167,1.21631e-05
15.6333,1.19557e-05
15.65,1.17517e-05
15.6667,1.15511e-05
15.6833,1.13539e-05
15.7,1.116e-05
15.7167,1.09692e-05
15.7333,1.07817e-05
15.75,1.05973e-05
15.7667,1.04159e-05
15.7833,1.02376e-05
15.8,1.00622e-05
15.8167,9.88975e-06
15.8333,9.72016e-06
15.85,9.55338e-06
15.8667,9.38938e-06
15.8833,9.22809e-06
15.9,9.06949e-06
15.9167,8.91352e-06
15.9333,8.76014e-06
15.95,8.60931e-06
15.9667,8.46099e-06
15.9833,8.31513e-06
16,8.1717e-06
16.0167,8.03065e-06
16.0333,7.89194e-06
16.05,7.75555e-06
16.0667,7.62143e-06
16.0833,7.48954e-06
16.1,7.35985e-06
16.1167,7.23232e-06
16.1333,7.10693e-06
16.15,6.98363e-06
16.1667,6.86239e-06
16.1833,6.74318e-06
16.2,6.62596e-06
16.2167,6.51072e-06
16.2333,6.3974e-06
16.25,6.28599e-06
16.2667,6.17646e-06
16.2833,6.06877e-06
16.3,5.96289e-06
16.3167,5.8588e-06
16.3333,5.75648e-06
16.35,5.65588e-06
16.3667,5.55699e-06
16.3833,5.45978e-06
16.4,5.36422e-06
16.4167,5.27028e-06
16.4333,5.17795e-06
16.45,5.08719e-06
16.4667,4.99799e-06
16.4833,4.91031e-06
16.5,4.82413e-06
16.5167,4.73943e-06
16.5333,4.65619e-06
16.55,4.57438e-06
16.5667,4.49399e-06
16.5833,4.41498e-06
16.6,4.33733e-06
16.6167,4.26104e-06
16.6333,4.18606e-06
16.65,4.11239e-06
16.6667,4.04e-06
16.6833,3.96887e-06
16.7,3.89898e-06
16.7167,3.83031e-06
16.7333,3.76285e-06
16.75,3.69656e-06
16.7667,3.63144e-06
16.7833,3.56746e-06
16.8,3.50461e-06
16.8167,3.44286e-06
16.8333,3.3822e-06
16.85,3.32261e-06
16.8667,3.26407e-06
16.8833,3.20657e-06
16.9,3.15009e-06
16.9167,3.09461e-06
16.9333,3.04011e-06
16.95,2.98658e-06
16.9667,2.934e-06
16.9833,2.88235e-06
17,2.83163e-06
17.0167,2.7818e-06
17.0333,2.73287e-06
17.05,2.68481e-06
17.0667,2.6376e-06
17.0833,2.59124e-06
17.1,2.5457e-06
17.1167,2.50098e-06
17.1333,2.45706e-06
17.15,2.41392e-06
17.1667,2.37156e-06
17.1833,2.32995e-06
17.2,2.28908e-06
17.2167,2.24895e-06
17.2333,2.20953e-06
17.25,2.17082e-06
17.2667,2.13279e-06
17.2833,2.09545e-06
17.3,2.05878e-06
17.3167,2.02276e-06
17.3333,1.98738e-06
17.35,1.95263e-06
17.3667,1.9185e-06
17.3833,1.88498e-06
17.4,1.85206e-06
17.4167,1.81972e-06
17.4333,1.78796e-06
17.45,1.75676e-06
17.4667,1.72611e-06
17.4833,1.69601e-06
17.5,1.66644e-06
17.5167,1.63739e-06
17.5333,1.60886e-06
17.55,1.58083e-06
17.5667,1.55329e-06
17.5833,1.52624e-06
17.6,1.49967e-06
17.6167,1.47356e-06
17.6333,1.44791e-06
17.65,1.4227e-06
17.6667,1.39794e-06
17.6833,1.37362e-06
17.7,1.34971e-06
17.7167,1.32622e-06
17.7333,1.30315e-06
17.75,1.28047e-06
17.7667,1.25819e-06
17.7833,1.23629e-06
17.8,1.21477e-06
17.8167,1.19362e-06
17.8333,1.17284e-06
17.85,1.15242e-06
17.8667,1.13234e-06
17.8833,1.11262e-06
17.9,1.09323e-06
17.9167,1.07417e-06
17.9333,1.05544e-06
17.95,1.03704e-06
17.9667,1.01894e-06
17.9833,1.00116e-06
18,9.83675e-07
18.0167,9.66491e-07
18.0333,9.49599e-07
18.05,9.32995e-07
18.0667,9.16673e-07
18.0833,9.00628e-07
18.1,8.84855e-07
18.1167,8.6935e-07
18.1333,8.54107e-07
18.15,8.39122e-07
18.1667,8.24391e-07
18.1833,8.0991e-07
18.2,7.95673e-07
18.2167,7.81677e-07
18.2333,7.67918e-07
18.25,7.54391e-07
18.2667,7.41093e-07
18.2833,7.2802e-07
18.3,7.15167e-07
18.3167,7.02532e-07
18.3333,6.90111e-07
18.35,6.779e-07
18.3667,6.65896e-07
18.3833,6.54094e-07
18.4,6.42493e-07
18.4167,6.31089e-07
18.4333,6.19878e-07
18.45,6.08857e-07
18.4667,5.98024e-07
18.4833,5.87375e-07
18.5,5.76908e-07
18.5167,5.66619e-07
18.5333,5.56505e-07
18.55,5.46565e-07
18.5667,5.36795e-07
18.5833,5.27192e-07
18.6,5.17754e-07
18.6167,5.08478e-07
18.6333,4.99362e-07
18.65,4.90403e-07
18.6667,4.81599e-07
18.6833,4.72948e-07
18.7,4.64446e-07
18.7167,4.56092e-07
18.7333,4.47884e-07
18.75,4.39818e-07
18.7667,4.31893e-07
18.7833,4.24107e-07
18.8,4.16458e-07
18.8167,4.08943e-07
18.8333,4.0156e-07
18.85,3.94307e-07
18.8667,3.87183e-07
18.8833,3.80184e-07
18.9,3.7331e-07
18.9167,3.66558e-07
18.9333,3.59926e-07
18.95,3.53413e-07
18.9667,3.47016e-07
18.9833,3.40733e-07
19,3.34564e-07
19.0167,3.28505e-07
19.0333,3.22555e-07
19.05,3.16713e-07
19.0667,3.10976e-07
19.0833,3.05344e-07
19.1,2.99813e-07
19.1167,2.94383e-07
19.1333,2.89052e-07
19.15,2.83818e-07
19.1667,2.7868e-07
19.1833,2.73635e-07
19.2,2.68683e-07
19.2167,2.63822e-07
19.2333,2.5905e-07
19.25,2.54365e-07
19.2667,2.49767e-07
19.2833,2.45254e-07
19.3,2.40824e-07
19.3167,2.36476e-07
19.3333,2.32208e-07
19.35,2.28019e-07
19.3667,2.23907e-07
19.3833,2.19872e-07
19.4,2.15911e-07
19.4167,2.12024e-07
19.4333,2.08209e-07
19.45,2.04465e-07
19.4667,2.00791e-07
19.4833,1.97184e-07
19.5,1.93645e-07
19.5167,1.90171e-07
19.5333,1.86762e-07
19.55,1.83416e-07
19.5667,1.80132e-07
19.5833,1.76909e-07
19.6,1.73746e-07
19.6167,1.70641e-07
19.6333,1.67594e-07
19.65,1.64604e-07
19.6667,1.61668e-07
19.6833,1.58787e-07
19.7,1.55959e-07
19.7167,1.53184e-07
19.7333,1.50459e-07
19.75,1.47784e-07
19.7667,1.45159e-07
19.7833,1.42582e-07
19.8,1.40052e-07
19.8167,1.37568e-07
19.8333,1.35129e-07
19.85,1.32735e-07
19.8667,1.30385e-07
19.8833,1.28077e-07
19.9,1.25811e-07
19.9167,1.23586e-07
19.9333,1.21401e-07
19.95,1.19256e-07
19.9667,1.17149e-07
19.9833,1.1508e-07
20,1.13048e-07
20.0167,1.11053e-07
20.0333,1.09093e-07
20.05,1.07168e-07
20.0667,1.05277e-07
20.0833,1.03419e-07
20.1,1.01595e-07
20.1167,9.98022e-08
20.1333,9.80413e-08
20.15,9.63114e-08
20.1667,9.46118e-08
20.1833,9.2942e-08
20.2,9.13013e-08
20.2167,8.96891e-08
20.2333,8.81051e-08
20.25,8.65485e-08
20.2667,8.50188e-08
20.2833,8.35156e-08
20.3,8.20384e-08
20.3167,8.05866e-08
20.3333,7.91597e-08
20.35,7.77574e-08
20.3667,7.63791e-08
20.3833,7.50244e-08
20.4,7.36929e-08
20.4167,7.2384e-08
20.4333,7.10975e-08
20.45,6.9833e-08
20.4667,6.85899e-08
20.4833,6.73679e-08
20.5,6.61668e-08
20.5167,6.4986e-08
20.5333,6.38252e-08
20.55,6.26841e-08
20.5667,6.15624e-08
20.5833,6.04596e-08
20.6,5.93755e-08
20.6167,5.83098e-08
20.6333,5.72622e-08
20.65,5.62323e-08
20.6667,5.52199e-08
20.6833,5.42246e-08
20.7,5.32462e-08
20.7167,5.22845e-08
20.7333,5.13391e-08
20.75,5.04097e-08
20.7667,4.94962e-08
20.7833,4.85983e-08
20.8,4.77157e-08
20.8167,4.68481e-08
20.8333,4.59955e-08
20.85,4.51574e-08
20.8667,4.43338e-08
20.8833,4.35243e-08
20.9,4.27288e-08
20.9167,4.1947e-08
20.9333,4.11788e-08
20.95,4.04239e-08
20.9667,3.96821e-08
20.9833,3.89532e-08
21,3.82371e-08
21.0167,3.75336e-08
21.0333,3.68424e-08
21.05,3.61633e-08
21.0667,3.54963e-08
21.0833,3.48411e-08
21.1,3.41975e-08
21.1167,3.35653e-08
21.1333,3.29445e-08
21.15,3.23347e-08
21.1667,3.17359e-08
21.1833,3.11479e-08
21.2,3.05705e-08
21.2167,3.00035e-08
21.2333,2.94468e-08
21.25,2.89003e-08
21.2667,2.83638e-08
21.2833,2.7837e-08
21.3,2.732e-08
21.3167,2.68124e-08
21.3333,2.63142e-08
21.35,2.58253e-08
21.3667,2.53454e-08
21.3833,2.48744e-08
21.4,2.44122e-08
21.4167,2.39587e-08
21.4333,2.35136e-08
21.45,2.3077e-08
21.4667,2.26485e-08
21.4833,2.22281e-08
21.5,2.18157e-08
21.5167,2.14111e-08
21.5333,2.10141e-08
21.55,2.06247e-08
21.5667,2.02428e-08
21.5833,1.98681e-08
21.6,1.95006e-08
21.6167,1.91401e-08
21.6333,1.87865e-08
21.65,1.84398e-08
21.6667,1.80997e-08
21.6833,1.77661e-08
21.7,1.74389e-08
21.7167,1.71181e-08
21.7333,1.68035e-08
21.75,1.64949e-08
21.7667,1.61923e-08
21.7833,1.58955e-08
21.8,1.56045e-08
21.8167,1.53191e-08
21.8333,1.50392e-08
21.85,1.47648e-08
21.8667,1.44956e-08
21.8833,1.42316e-08
21.9,1.39728e-08
21.9167,1.37189e-08
21.9333,1.34699e-08
21.95,1.32257e-08
21.9667,1.29862e-08
21.9833,1.27514e-08
22,1.2521e-08
22.0167,1.2295e-08
22.0333,1.20734e-08
22.05,1.1856e-08
22.0667,1.16427e-08
22.0833,1.14335e-08
22.1,1.12283e-08
22.1167,1.10269e-08
22.1333,1.08294e-08
22.15,1.06355e-08
22.1667,1.04454e-08
22.1833,1.02588e-08
22.2,1.00756e-08
22.2167,9.89592e-09
22.2333,9.71955e-09
22.25,9.54645e-09
22.2667,9.37655e-09
22.2833,9.20978e-09
22.3,9.04606e-09
22.3167,8.88535e-09
22.3333,8.72756e-09
22.35,8.57265e-09
22.3667,8.42054e-09
22.3833,8.27117e-09
22.4,8.12449e-09
22.4167,7.98045e-09
22.4333,7.83897e-09
22.45,7.70002e-09
22.4667,7.56353e-09
22.4833,7.42945e-09
22.5,7.29774e-09
22.5167,7.16834e-09
22.5333,7.0412e-09
22.55,6.91628e-09
22.5667,6.79354e-09
22.5833,6.67292e-09
22.6,6.55439e-09
22.6167,6.4379e-09
22.6333,6.32341e-09
22.65,6.21088e-09
22.6667,6.10028e-09
22.6833,5.99156e-09
22.7,5.88469e-09
22.7167,5.77963e-09
22.7333,5.67635e-09
22.75,5.57481e-09
22.7667,5.47498e-09
22.7833,5.37684e-09
22.8,5.28034e-09
22.8167,5.18545e-09
22.8333,5.09216e-09
22.85,5.00043e-09
22.8667,4.91023e-09
22.8833,4.82154e-09
22.9,4.73433e-09
22.9167,4.64857e-09
22.9333,4.56424e-09
22.95,4.48132e-09
22.9667,4.39978e-09
22.9833,4.3196e-09
23,4.24077e-09
23.0167,4.16324e-09
23.0333,4.08702e-09
23.05,4.01207e-09
23.0667,3.93837e-09
23.0833,3.86592e-09
23.1,3.79468e-09
23.1167,3.72464e-09
23.1333,3.65578e-09
23.15,3.58809e-09
23.1667,3.52155e-09
23.1833,3.45614e-09
23.2,3.39184e-09
23.2167,3.32864e-09
23.2333,3.26653e-09
23.25,3.20549e-09
23.2667,3.1455e-09
23.2833,3.08655e-09
23.3,3.02862e-09
23.3167,2.9717e-09
23.3333,2.91578e-09
23.35,2.86084e-09
23.3667,2.80688e-09
23.3833,2.75387e-09
23.4,2.7018e-09
23.4167,2.65066e-09
23.4333,2.60044e-09
23.45,2.55112e-09
23.4667,2.50269e-09
23.4833,2.45514e-09
23.5,2.40847e-09
23.5167,2.36264e-09
23.5333,2.31766e-09
23.55,2.27351e-09
23.5667,2.23017e-09
23.5833,2.18765e-09
23.6,2.14592e-09
23.6167,2.10497e-09
23.6333,2.06479e-09
23.65,2.02538e-09
23.6667,1.98671e-09
23.6833,1.94878e-09
23.7,1.91158e-09
23.7167,1.87509e-09
23.7333,1.83931e-09
23.75,1.80422e-09
23.7667,1.76981e-09
23.7833,1.73607e-09
23.8,1.70299e-09
23.8167,1.67056e-09
23.8333,1.63877e-09
23.85,1.6076e-09
23.8667,1.57706e-09
23.8833,1.54712e-09
23.9,1.51777e-09
23.9167,1.48901e-09
23.9333,1.46083e-09
23.95,1.43321e-09
23.9667,1.40615e-09
23.9833,1.37963e-09
24,1.35364e-09
24.0167,1.32818e-09
24.0333,1.30323e-09
24.05,1.27879e-09
24.0667,1.25485e-09
24.0833,1.23138e-09
24.1,1.2084e-09
24.1167,1.18588e-09
24.1333,1.16382e-09
24.15,1.14221e-09
24.1667,1.12103e-09
24.1833,1.10029e-09
24.2,1.07997e-09
24.2167,1.06006e-09
24.2333,1.04055e-09
24.25,1.02143e-09
24.2667,1.00271e-09
24.2833,9.84359e-10
24.3,9.66379e-10
24.3167,9.48761e-10
24.3333,9.31497e-10
24.35,9.14578e-10
24.3667,8.97997e-10
24.3833,8.81746e-10
24.4,8.65817e-10
24.4167,8.50204e-10
24.4333,8.34898e-10
24.45,8.19893e-10
24.4667,8.05182e-10
24.4833,7.90758e-10
24.5,7.76614e-10
24.5167,7.62743e-10
24.5333,7.49139e-10
24.55,7.35796e-10
24.5667,7.22708e-10
24.5833,7.09868e-10
24.6,6.9727e-10
24.6167,6.84909e-10
24.6333,6.7278e-10
24.65,6.60875e-10
24.6667,6.49191e-10
24.6833,6.37722e-10
24.7,6.26463e-10
24.7167,6.15409e-10
24.7333,6.04554e-10
24.75,5.93895e-10
24.7667,5.83427e-10
24.7833,5.73144e-10
24.8,5.63044e-10
24.8167,5.53121e-10
24.8333,5.43372e-10
24.85,5.33793e-10
24.8667,5.24379e-10
24.8833,5.15127e-10
24.9,5.06033e-10
24.9167,4.97095e-10
24.9333,4.88307e-10
24.95,4.79668e-10
24.9667,4.71174e-10
24.9833,4.62821e-10
25,4.54608e-10
25.0167,4.4653e-10
25.0333,4.38585e-10
25.05,4.30771e-10
25.0667,4.23085e-10
25.0833,4.15524e-10
25.1,4.08085e-10
25.1167,4.00768e-10
25.1333,3.93568e-10
25.15,3.86485e-10
25.1667,3.79516e-10
25.1833,3.72658e-10
25.2,3.65911e-10
25.2167,3.59271e-10
25.2333,3.52738e-10
25.25,3.46309e-10
25.2667,3.39983e-10
25.2833,3.33758e-10
25.3,3.27633e-10
25.3167,3.21606e-10
25.3333,3.15675e-10
25.35,3.0984e-10
25.3667,3.04098e-10
25.3833,2.98449e-10
25.4,2.92891e-10
25.4167,2.87423e-10
25.4333,2.82044e-10
25.45,2.76753e-10
25.4667,2.71548e-10
25.4833,2.66428e-10
25.5,2.61393e-10
25.5167,2.56441e-10
25.5333,2.51571e-10
25.55,2.46782e-10
25.5667,2.42074e-10
25.5833,2.37446e-10
25.6,2.32896e-10
25.6167,2.28423e-10
25.6333,2.24027e-10
25.65,2.19707e-10
25.6667,2.15462e-10
25.6833,2.11291e-10
25.7,2.07194e-10
25.7167,2.03169e-10
25.7333,1.99215e-10
25.75,1.95332e-10
25.7667,1.91519e-10
25.7833,1.87776e-10
25.8,1.841e-10
25.8167,1.80493e-10
25.8333,1.76952e-10
25.85,1.73476e-10
25.8667,1.70066e-10
25.8833,1.66721e-10
25.9,1.63438e-10
25.9167,1.60219e-10
25.9333,1.57061e-10
25.95,1.53964e-10
25.9667,1.50927e-10
25.9833,1.4795e-10
26,1.45032e-10
26.0167,1.42171e-10
26.0333,1.39367e-10
26.05,1.36619e-10
26.0667,1.33927e-10
26.0833,1.31289e-10
26.1,1.28705e-10
26.1167,1.26173e-10
26.1333,1.23694e-10
26.15,1.21266e-10
26.1667,1.18888e-10
26.1833,1.16559e-10
26.2,1.1428e-10
26.2167,1.12048e-10
26.2333,1.09863e-10
26.25,1.07724e-10
26.2667,1.05631e-10
26.2833,1.03583e-10
26.3,1.01578e-10
26.3167,9.96156e-11
26.3333,9.76958e-11
26.35,9.58172e-11
26.3667,9.39791e-11
26.3833,9.21807e-11
26.4,9.04212e-11
26.4167,8.86998e-11
26.4333,8.70157e-11
26.45,8.53681e-11
26.4667,8.37563e-11
26.4833,8.21795e-11
26.5,8.06369e-11
26.5167,7.91278e-11
26.5333,7.76513e-11
26.55,7.62068e-11
26.5667,7.47936e-11
26.5833,7.34108e-11
26.6,7.20579e-11
26.6167,7.0734e-11
26.6333,6.94385e-11
26.65,6.81707e-11
26.6667,6.69298e-11
26.6833,6.57154e-11
26.7,6.45265e-11
26.7167,6.33627e-11
26.7333,6.22233e-11
26.75,6.11076e-11
26.7667,6.00151e-11
26.7833,5.89451e-11
26.8,5.7897e-11
26.8167,5.68703e-11
26.8333,5.58643e-11
26.85,5.48786e-11
26.8667,5.39125e-11
26.8833,5.29656e-11
26.9,5.20373e-11
26.9167,5.11271e-11
26.9333,5.02346e-11
26.95,4.93591e-11
26.9667,4.85004e-11
26.9833,4.76578e-11
27,4.6831e-11
27.0167,4.60195e-11
27.0333,4.52229e-11
27.05,4.44408e-11
27.0667,4.36728e-11
27.0833,4.29185e-11
27.1,4.21776e-11
27.1167,4.14496e-11
27.1333,4.07343e-11
27.15,4.00312e-11
27.1667,3.93401e-11
27.1833,3.86607e-11
27.2,3.79926e-11
27.2167,3.73356e-11
27.2333,3.66894e-11
27.25,3.60536e-11
27.2667,3.54281e-11
27.2833,3.48126e-11
27.3,3.42068e-11
27.3167,3.36106e-11
27.3333,3.30236e-11
27.35,3.24457e-11
27.3667,3.18767e-11
27.3833,3.13164e-11
27.4,3.07646e-11
27.4167,3.02211e-11
27.4333,2.96858e-11
27.45,2.91585e-11
27.4667,2.8639e-11
27.4833,2.81272e-11
27.5,2.76229e-11
27.5167,2.71261e-11
27.5333,2.66366e-11
27.55,2.61542e-11
27.5667,2.56789e-11
27.5833,2.52106e-11
27.6,2.47491e-11
27.6167,2.42944e-11
27.6333,2.38463e-11
27.65,2.34049e-11
27.6667,2.29699e-11
27.6833,2.25414e-11
27.7,2.21192e-11
27.7167,2.17033e-11
27.7333,2.12936e-11
27.75,2.08901e-11
27.7667,2.04927e-11
27.7833,2.01013e-11
27.8,1.97159e-11
27.8167,1.93365e-11
27.8333,1.89629e-11
27.85,1.85952e-11
27.8667,1.82333e-11
27.8833,1.78771e-11
27.9,1.75266e-11
27.9167,1.71819e-11
27.9333,1.68427e-11
27.95,1.65092e-11
27.9667,1.61811e-11
27.9833,1.58586e-11
28,1.55416e-11
28.0167,1.523e-11
28.0333,1.49238e-11
28.05,1.4623e-11
28.0667,1.43275e-11
28.0833,1.40372e-11
28.1,1.37522e-11
28.1167,1.34724e-11
28.1333,1.31977e-11
28.15,1.29281e-11
28.1667,1.26636e-11
28.1833,1.24041e-11
28.2,1.21496e-11
28.2167,1.19e-11
28.2333,1.16553e-11
28.25,1.14154e-11
28.2667,1.11803e-11
28.2833,1.09499e-11
28.3,1.07241e-11
28.3167,1.0503e-11
28.3333,1.02865e-11
28.35,1.00744e-11
28.3667,9.86682e-12
28.3833,9.66361e-12
28.4,9.46475e-12
28.4167,9.27015e-12
28.4333,9.07978e-12
28.45,8.89355e-12
28.4667,8.71143e-12
28.4833,8.53333e-12
28.5,8.3592e-12
28.5167,8.18897e-12
28.5333,8.02259e-12
28.55,7.85998e-12
28.5667,7.70108e-12
28.5833,7.54582e-12
28.6,7.39415e-12
28.6167,7.24599e-12
28.6333,7.10128e-12
28.65,6.95994e-12
28.6667,6.82192e-12
28.6833,6.68715e-12
28.7,6.55556e-12
28.7167,6.42708e-12
28.7333,6.30165e-12
28.75,6.1792e-12
28.7667,6.05967e-12
28.7833,5.94298e-12
28.8,5.82908e-12
28.8167,5.7179e-12
28.8333,5.60936e-12
28.85,5.50342e-12
28.8667,5.4e-12
28.8833,5.29904e-12
28.9,5.20048e-12
28.9167,5.10425e-12
28.9333,5.01029e-12
28.95,4.91855e-12
28.9667,4.82896e-12
28.9833,4.74146e-12
29,4.656e-12
29.0167,4.57251e-12
29.0333,4.49094e-12
29.05,4.41123e-12
29.0667,4.33333e-12
29.0833,4.25718e-12
29.1,4.18273e-12
29.1167,4.10993e-12
29.1333,4.03872e-12
29.15,3.96906e-12
29.1667,3.90089e-12
29.1833,3.83418e-12
29.2,3.76886e-12
29.2167,3.70491e-12
29.2333,3.64226e-12
29.25,3.58089e-12
29.2667,3.52073e-12
29.2833,3.46177e-12
29.3,3.40395e-12
29.3167,3.34724e-12
29.3333,3.29159e-12
29.35,3.23698e-12
29.3667,3.18337e-12
29.3833,3.13072e-12
29.4,3.07901e-12
29.4167,3.02819e-12
29.4333,2.97824e-12
29.45,2.92914e-12
29.4667,2.88084e-12
29.4833,2.83333e-12
29.5,2.78658e-12
29.5167,2.74056e-12
29.5333,2.69525e-12
29.55,2.65062e-12
29.5667,2.60667e-12
29.5833,2.56335e-12
29.6,2.52066e-12
29.6167,2.47858e-12
29.6333,2.43708e-12
29.65,2.39616e-12
29.6667,2.35579e-12
29.6833,2.31596e-12
29.7,2.27665e-12
29.7167,2.23786e-12
29.7333,2.19957e-12
29.75,2.16177e-12
29.7667,2.12444e-12
29.7833,2.08758e-12
29.8,2.05118e-12
29.8167,2.01523e-12
29.8333,1.97973e-12
29.85,1.94465e-12
29.8667,1.91001e-12
29.8833,1.87579e-12
29.9,1.84198e-12
29.9167,1.80859e-12
29.9333,1.7756e-12
29.95,1.74302e-12
29.9667,1.71084e-12
29.9833,1.67905e-12
30,1.64766e-12
30.0167,1.61667e-12
30.0333,1.58606e-12
30.05,1.55585e-12
30.0667,1.52603e-12
30.0833,1.49659e-12
30.1,1.46754e-12
30.1167,1.43888e-12
30.1333,1.4106e-12
30.15,1.38272e-12
30.1667,1.35522e-12
30.1833,1.3281e-12
30.2,1.30138e-12
30.2167,1.27505e-12
30.2333,1.2491e-12
30.25,1.22354e-12
30.2667,1.19838e-12
30.2833,1.1736e-12
30.3,1.14922e-12
30.3167,1.12522e-12
30.3333,1.10162e-12
30.35,1.07841e-12
30.3667,1.05559e-12
30.3833,1.03316e-12
30.4,1.01112e-12
30.4167,9.89478e-13
30.4333,9.6822e-13
30.45,9.47352e-13
30.4667,9.26871e-13
30.4833,9.06778e-13
30.5,8.87069e-13
30.5167,8.67745e-13
30.5333,8.48802e-13
30.55,8.30239e-13
30.5667,8.12055e-13
30.5833,7.94245e-13
30.6,7.76809e-13
30.6167,7.59742e-13
30.6333,7.43043e-13
30.65,7.26707e-13
30.6667,7.10732e-13
30.6833,6.95114e-13
30.7,6.7985e-13
30.7167,6.64935e-13
30.7333,6.50365e-13
30.75,6.36137e-13
30.7667,6.22246e-13
30.7833,6.08687e-13
30.8,5.95456e-13
30.8167,5.82548e-13
30.8333,5.69959e-13
30.85,5.57682e-13
30.8667,5.45714e-13
30.8833,5.34049e-13
30.9,5.22681e-13
30.9167,5.11606e-13
30.9333,5.00818e-13
30.95,4.90312e-13
30.9667,4.80081e-13
30.9833,4.7012e-13
31,4.60425e-13
31.0167,4.50988e-13
31.0333,4.41804e-13
31.05,4.32868e-13
31.0667,4.24174e-13
31.0833,4.15716e-13
31.1,4.07488e-13
31.1167,3.99484e-13
31.1333,3.917e-13
31.15,3.84128e-13
31.1667,3.76764e-13
31.1833,3.69601e-13
31.2,3.62635e-13
31.2167,3.55859e-13
31.2333,3.49267e-13
31.25,3.42856e-13
31.2667,3.36618e-13
31.2833,3.30548e-13
31.3,3.24642e-13
31.3167,3.18893e-13
31.3333,3.13297e-13
31.35,3.07849e-13
31.3667,3.02543e-13
31.3833,2.97375e-13
31.4,2.92339e-13
31.4167,2.87431e-13
31.4333,2.82646e-13
31.45,2.77979e-13
31.4667,2.73427e-13
31.4833,2.68983e-13
31.5,2.64645e-13
31.5167,2.60408e-13
31.5333,2.56268e-13
31.55,2.52221e-13
31.5667,2.48262e-13
31.5833,2.44389e-13
31.6,2.40597e-13
31.6167,2.36882e-13
31.6333,2.33243e-13
31.65,2.29674e-13
31.6667,2.26173e-13
31.6833,2.22737e-13
31.7,2.19362e-13
31.7167,2.16047e-13
31.7333,2.12787e-13
31.75,2.0958e-13
31.7667,2.06424e-13
31.7833,2.03317e-13
31.8,2.00255e-13
31.8167,1.97237e-13
31.8333,1.94261e-13
31.85,1.91323e-13
31.8667,1.88424e-13
31.8833,1.8556e-13
31.9,1.8273e-13
31.9167,1.79933e-13
31.9333,1.77166e-13
31.95,1.74429e-13
31.9667,1.7172e-13
31.9833,1.69038e-13
32,1.66382e-13
32.0167,1.6375e-13
32.0333,1.61142e-13
32.05,1.58558e-13
32.0667,1.55995e-13
32.0833,1.53453e-13
32.1,1.50933e-13
32.1167,1.48433e-13
32.1333,1.45953e-13
32.15,1.43492e-13
32.1667,1.4105e-13
32.1833,1.38628e-13
32.2,1.36224e-13
32.2167,1.33838e-13
32.2333,1.31472e-13
32.25,1.29124e-13
32.2667,1.26794e-13
32.2833,1.24484e-13
32.3,1.22192e-13
32.3167,1.1992e-13
32.3333,1.17667e-13
32.35,1.15433e-13
32.3667,1.1322e-13
32.3833,1.11027e-13
32.4,1.08854e-13
32.4167,1.06703e-13
32.4333,1.04574e-13
32.45,1.02466e-13
32.4667,1.00381e-13
32.4833,9.83182e-14
32.5,9.62791e-14
32.5167,9.42639e-14
32.5333,9.2273e-14
32.55,9.03068e-14
32.5667,8.83659e-14
32.5833,8.64506e-14
32.6,8.45616e-14
32.6167,8.26991e-14
32.6333,8.08636e-14
32.65,7.90555e-14
32.6667,7.72751e-14
32.6833,7.55229e-14
32.7,7.37992e-14
32.7167,7.21043e-14
32.7333,7.04384e-14
32.75,6.88018e-14
32.7667,6.71948e-14
32.7833,6.56175e-14
32.8,6.40701e-14
32.8167,6.25527e-14
32.8333,6.10655e-14
32.85,5.96086e-14
32.8667,5.81819e-14
32.8833,5.67855e-14
32.9,5.54193e-14
32.9167,5.40834e-14
32.9333,5.27777e-14
32.95,5.1502e-14
32.9667,5.02562e-14
32.9833,4.90401e-14
33,4.78537e-14
33.0167,4.66966e-14
33.0333,4.55686e-14
33.05,4.44694e-14
33.0667,4.33989e-14
33.0833,4.23565e-14
33.1,4.13422e-14
33.1167,4.03554e-14
33.1333,3.93958e-14
33.15,3.8463e-14
33.1667,3.75567e-14
33.1833,3.66764e-14
33.2,3.58217e-14
33.2167,3.49921e-14
33.2333,3.41871e-14
33.25,3.34064e-14
33.2667,3.26494e-14
33.2833,3.19157e-14
33.3,3.12047e-14
33.3167,3.05159e-14
33.3333,2.98489e-14
33.35,2.92031e-14
33.3667,2.8578e-14
33.3833,2.79731e-14
33.4,2.73879e-14
33.4167,2.68218e-14
33.4333,2.62743e-14
33.45,2.57449e-14
33.4667,2.52331e-14
33.4833,2.47383e-14
33.5,2.42601e-14
33.5167,2.37979e-14
33.5333,2.33512e-14
33.55,2.29194e-14
33.5667,2.25022e-14
33.5833,2.20989e-14
33.6,2.17091e-14
33.6167,2.13323e-14
33.6333,2.0968e-14
33.65,2.06157e-14
33.6667,2.0275e-14
33.6833,1.99453e-14
33.7,1.96263e-14
33.7167,1.93174e-14
33.7333,1.90183e-14
33.75,1.87285e-14
33.7667,1.84476e-14
33.7833,1.8175e-14
33.8,1.79106e-14
33.8167,1.76538e-14
33.8333,1.74042e-14
33.85,1.71615e-14
33.8667,1.69252e-14
33.8833,1.66951e-14
33.9,1.64708e-14
33.9167,1.6252e-14
33.9333,1.60382e-14
33.95,1.58292e-14
33.9667,1.56247e-14
33.9833,1.54244e-14
34,1.52279e-14
34.0167,1.5035e-14
34.0333,1.48455e-14
34.05,1.4659e-14
34.0667,1.44753e-14
34.0833,1.42942e-14
34.1,1.41155e-14
34.1167,1.39388e-14
34.1333,1.37641e-14
34.15,1.35911e-14
34.1667,1.34197e-14
34.1833,1.32496e-14
34.2,1.30807e-14
34.2167,1.29128e-14
34.2333,1.27458e-14
34.25,1.25796e-14
34.2667,1.2414e-14
34.2833,1.22489e-14
34.3,1.20843e-14
34.3167,1.192e-14
34.3333,1.17558e-14
34.35,1.15919e-14
34.3667,1.14281e-14
34.3833,1.12643e-14
34.4,1.11005e-14
34.4167,1.09366e-14
34.4333,1.07727e-14
34.45,1.06087e-14
34.4667,1.04447e-14
34.4833,1.02805e-14
34.5,1.01162e-14
34.5167,9.9519e-15
34.5333,9.78752e-15
34.55,9.62311e-15
34.5667,9.45871e-15
34.5833,9.29437e-15
34.6,9.13013e-15
34.6167,8.96605e-15
34.6333,8.80218e-15
34.65,8.63859e-15
34.6667,8.47534e-15
34.6833,8.31251e-15
34.7,8.15018e-15
34.7167,7.98843e-15
34.7333,7.82732e-15
34.75,7.66696e-15
34.7667,7.50743e-15
34.7833,7.34881e-15
34.8,7.19119e-15
34.8167,7.03467e-15
34.8333,6.87933e-15
34.85,6.72527e-15
34.8667,6.57256e-15
34.8833,6.42131e-15
34.9,6.27159e-15
34.9167,6.12349e-15
34.9333,5.9771e-15
34.95,5.83249e-15
34.9667,5.68975e-15
34.9833,5.54894e-15
35,5.41013e-15
35.0167,5.27341e-15
35.0333,5.13882e-15
35.05,5.00643e-15
35.0667,4.8763e-15
35.0833,4.74848e-15
35.1,4.62301e-15
35.1167,4.49994e-15
35.1333,4.3793e-15
35.15,4.26114e-15
35.1667,4.14549e-15
35.1833,4.03236e-15
35.2,3.92178e-15
35.2167,3.81376e-15
35.2333,3.70833e-15
35.25,3.60548e-15
35.2667,3.50523e-15
35.2833,3.40757e-15
35.3,3.3125e-15
35.3167,3.22002e-15
35.3333,3.1301e-15
35.35,3.04275e-15
35.3667,2.95793e-15
35.3833,2.87564e-15
35.4,2.79584e-15
35.4167,2.71851e-15
35.4333,2.64363e-15
35.45,2.57115e-15
35.4667,2.50105e-15
35.4833,2.43328e-15
35.5,2.36782e-15
35.5167,2.30462e-15
35.5333,2.24364e-15
35.55,2.18483e-15
35.5667,2.12816e-15
35.5833,2.07357e-15
35.6,2.02103e-15
35.6167,1.97047e-15
35.6333,1.92186e-15
35.65,1.87515e-15
35.6667,1.83028e-15
35.6833,1.78721e-15
35.7,1.74588e-15
35.7167,1.70625e-15
35.7333,1.66826e-15
35.75,1.63188e-15
35.7667,1.59703e-15
35.7833,1.56369e-15
35.8,1.53178e-15
35.8167,1.50128e-15
35.8333,1.47213e-15
35.85,1.44427e-15
35.8667,1.41767e-15
35.8833,1.39227e-15
35.9,1.36803e-15
35.9167,1.3449e-15
35.9333,1.32283e-15
35.95,1.30179e-15
35.9667,1.28172e-15
35.9833,1.26258e-15
36,1.24434e-15
36.0167,1.22694e-15
36.0333,1.21034e-15
36.05,1.19451e-15
36.0667,1.1794e-15
36.0833,1.16498e-15
36.1,1.1512e-15
36.1167,1.13803e-15
36.1333,1.12542e-15
36.15,1.11336e-15
36.1667,1.10179e-15
36.1833,1.09068e-15
36.2,1.08e-15
36.2167,1.06972e-15
36.2333,1.0598e-15
36.25,1.05021e-15
36.2667,1.04092e-15
36.2833,1.0319e-15
36.3,1.02312e-15
36.3167,1.01456e-15
36.3333,1.00618e-15
36.35,9.97957e-16
36.3667,9.89869e-16
36.3833,9.81888e-16
36.4,9.73992e-16
36.4167,9.66156e-16
36.4333,9.58359e-16
36.45,9.50579e-16
36.4667,9.42797e-16
36.4833,9.34993e-16
36.5,9.27149e-16
36.5167,9.19248e-16
36.5333,9.11273e-16
36.55,9.03211e-16
36.5667,8.95046e-16
36.5833,8.86766e-16
36.6,8.78358e-16
36.6167,8.69814e-16
36.6333,8.61122e-16
36.65,8.52274e-16
36.6667,8.43263e-16
36.6833,8.34082e-16
36.7,8.24728e-16
36.7167,8.15194e-16
36.7333,8.05479e-16
36.75,7.95581e-16
36.7667,7.85499e-16
36.7833,7.75232e-16
36.8,7.64784e-16
36.8167,7.54155e-16
36.8333,7.4335e-16
36.85,7.32372e-16
36.8667,7.21227e-16
36.8833,7.0992e-16
36.9,6.98459e-16
36.9167,6.86852e-16
36.9333,6.75107e-16
36.95,6.63234e-16
36.9667,6.51241e-16
36.9833,6.39141e-16
37,6.26943e-16
37.0167,6.1466e-16
37.0333,6.02304e-16
37.05,5.89887e-16
37.0667,5.77421e-16
37.0833,5.64921e-16
37.1,5.52399e-16
37.1167,5.39868e-16
37.1333,5.27344e-16
37.15,5.14838e-16
37.1667,5.02365e-16
37.1833,4.89937e-16
37.2,4.7757e-16
37.2167,4.65275e-16
37.2333,4.53066e-16
37.25,4.40955e-16
37.2667,4.28955e-16
37.2833,4.17077e-16
37.3,4.05333e-16
37.3167,3.93735e-16
37.3333,3.82292e-16
37.35,3.71014e-16
37.3667,3.59912e-16
37.3833,3.48993e-16
37.4,3.38267e-16
37.4167,3.27741e-16
37.4333,3.17421e-16
37.45,3.07315e-16
37.4667,2.97427e-16
37.4833,2.87764e-16
37.5,2.7833e-16
37.5167,2.69128e-16
37.5333,2.60162e-16
37.55,2.51435e-16
37.5667,2.42948e-16
37.5833,2.34704e-16
37.6,2.26702e-16
37.6167,2.18945e-16
37.6333,2.1143e-16
37.65,2.04159e-16
37.6667,1.97129e-16
37.6833,1.9034e-16
37.7,1.83788e-16
37.7167,1.77473e-16
37.7333,1.71391e-16
37.75,1.65539e-16
37.7667,1.59914e-16
37.7833,1.54511e-16
37.8,1.49328e-16
37.8167,1.4436e-16
37.8333,1.39603e-16
37.85,1.35051e-16
37.8667,1.30701e-16
37.8833,1.26547e-16
37.9,1.22585e-16
37.9167,1.18809e-16
37.9333,1.15214e-16
37.95,1.11796e-16
37.9667,1.08548e-16
37.9833,1.05466e-16
38,1.02545e-16
38.0167,9.97787e-17
38.0333,9.71625e-17
38.05,9.46913e-17
38.0667,9.236e-17
38.0833,9.01636e-17
38.1,8.80971e-17
38.1167,8.61557e-17
38.1333,8.43345e-17
38.15,8.2629e-17
38.1667,8.10345e-17
38.1833,7.95465e-17
38.2,7.81605e-17
38.2167,7.68723e-17
38.2333,7.56775e-17
38.25,7.45721e-17
38.2667,7.3552e-17
38.2833,7.26132e-17
38.3,7.17519e-17
38.3167,7.09641e-17
38.3333,7.02462e-17
38.35,6.95945e-17
38.3667,6.90054e-17
38.3833,6.84753e-17
38.4,6.80009e-17
38.4167,6.75786e-17
38.4333,6.72052e-17
38.45,6.68772e-17
38.4667,6.65915e-17
38.4833,6.63449e-17
38.5,6.61341e-17
38.5167,6.59561e-17
38.5333,6.58078e-17
38.55,6.56861e-17
38.5667,6.55881e-17
38.5833,6.55108e-17
38.6,6.54513e-17
38.6167,6.54067e-17
38.6333,6.53741e-17
38.65,6.53509e-17
38.6667,6.53342e-17
38.6833,6.53214e-17
38.7,6.53098e-17
38.7167,6.52969e-17
38.7333,6.52801e-17
38.75,6.5257e-17
38.7667,6.52252e-17
38.7833,6.51824e-17
38.8,6.51264e-17
38.8167,6.5055e-17
38.8333,6.49662e-17
38.85,6.4858e-17
38.8667,6.47286e-17
38.8833,6.45762e-17
38.9,6.43991e-17
38.9167,6.41959e-17
38.9333,6.3965e-17
38.95,6.37053e-17
38.9667,6.34156e-17
38.9833,6.30948e-17
39,6.2742e-17
39.0167,6.23565e-17
39.0333,6.19377e-17
39.05,6.1485e-17
39.0667,6.09982e-17
39.0833,6.04769e-17
39.1,5.99213e-17
39.1167,5.93313e-17
39.1333,5.87071e-17
39.15,5.80492e-17
39.1667,5.7358e-17
39.1833,5.66342e-17
39.2,5.58784e-17
39.2167,5.50917e-17
39.2333,5.4275e-17
39.25,5.34294e-17
39.2667,5.25561e-17
39.2833,5.16565e-17
39.3,5.0732e-17
39.3167,4.97842e-17
39.3333,4.88145e-17
39.35,4.78248e-17
39.3667,4.68167e-17
39.3833,4.5792e-17
39.4,4.47525e-17
39.4167,4.37002e-17
39.4333,4.2637e-17
39.45,4.15648e-17
39.4667,4.04854e-17
39.4833,3.9401e-17
39.5,3.83134e-17
39.5167,3.72246e-17
39.5333,3.61364e-17
39.55,3.50507e-17
39.5667,3.39694e-17
39.5833,3.28942e-17
39.6,3.18269e-17
39.6167,3.07692e-17
39.6333,2.97226e-17
39.65,2.86887e-17
39.6667,2.7669e-17
39.6833,2.66647e-17
39.7,2.56773e-17
39.7167,2.47078e-17
39.7333,2.37575e-17
39.75,2.28272e-17
39.7667,2.19181e-17
39.7833,2.10308e-17
39.8,2.01661e-17
39.8167,1.93247e-17
39.8333,1.85071e-17
39.85,1.77138e-17
39.8667,1.69451e-17
39.8833,1.62014e-17
39.9,1.54828e-17
39.9167,1.47895e-17
39.9333,1.41216e-17
39.95,1.34789e-17
39.9667,1.28613e-17
39.9833,1.22688e-17
40,1.17011e-17
40.0167,1.11578e-17
40.0333,1.06387e-17
40.05,1.01434e-17
40.0667,9.67138e-18
40.0833,9.22222e-18
40.1,8.79539e-18
40.1167,8.39036e-18
40.1333,8.00655e-18
40.15,7.64338e-18
40.1667,7.30023e-18
40.1833,6.97648e-18
40.2,6.67151e-18
40.2167,6.38466e-18
40.2333,6.1153e-18
40.25,5.8628e-18
40.2667,5.6265e-18
40.2833,5.40578e-18
40.3,5.20001e-18
40.3167,5.0086e-18
40.3333,4.83093e-18
40.35,4.66642e-18
40.3667,4.51452e-18
40.3833,4.37467e-18
40.4,4.24635e-18
40.4167,4.12904e-18
40.4333,4.02225e-18
40.45,3.92552e-18
40.4667,3.83841e-18
40.4833,3.76047e-18
40.5,3.69131e-18
40.5167,3.63053e-18
40.5333,3.57776e-18
40.55,3.53266e-18
40.5667,3.49487e-18
40.5833,3.46409e-18
40.6,3.44e-18
40.6167,3.42232e-18
40.6333,3.41074e-18
40.65,3.40501e-18
40.6667,3.40486e-18
40.6833,3.41002e-18
40.7,3.42026e-18
40.7167,3.4353e-18
40.7333,3.45493e-18
40.75,3.47888e-18
40.7667,3.50692e-18
40.7833,3.5388e-18
40.8,3.57429e-18
40.8167,3.61312e-18
40.8333,3.65507e-18
40.85,3.69986e-18
40.8667,3.74725e-18
40.8833,3.79698e-18
40.9,3.84878e-18
40.9167,3.90237e-18
40.9333,3.95749e-18
40.95,4.01386e-18
40.9667,4.07118e-18
40.9833,4.12918e-18
41,4.18756e-18
41.0167,4.24603e-18
41.0333,4.3043e-18
41.05,4.36205e-18
41.0667,4.41901e-18
41.0833,4.47487e-18
41.1,4.52933e-18
41.1167,4.58211e-18
41.1333,4.63292e-18
41.15,4.68148e-18
41.1667,4.7275e-18
41.1833,4.77072e-18
41.2,4.81089e-18
41.2167,4.84774e-18
41.2333,4.88106e-18
41.25,4.9106e-18
41.2667,4.93616e-18
41.2833,4.95754e-18
41.3,4.97456e-18
41.3167,4.98705e-18
41.3333,4.99488e-18
41.35,4.99791e-18
41.3667,4.99602e-18
41.3833,4.98914e-18
41.4,4.9772e-18
41.4167,4.96013e-18
41.4333,4.93792e-18
41.45,4.91056e-18
41.4667,4.87807e-18
41.4833,4.84046e-18
41.5,4.79782e-18
41.5167,4.7502e-18
41.5333,4.6977e-18
41.55,4.64045e-18
41.5667,4.57857e-18
41.5833,4.51222e-18
41.6,4.44157e-18
41.6167,4.36679e-18
41.6333,4.28811e-18
41.65,4.20572e-18
41.6667,4.11986e-18
41.6833,4.03077e-18
41.7,3.93869e-18
41.7167,3.84389e-18
41.7333,3.74664e-18
41.75,3.64719e-18
41.7667,3.54585e-18
41.7833,3.44287e-18
41.8,3.33856e-18
41.8167,3.23318e-18
41.8333,3.12701e-18
41.85,3.02035e-18
41.8667,2.91345e-18
41.8833,2.8066e-18
41.9,2.70004e-18
41.9167,2.59404e-18
41.9333,2.48884e-18
41.95,2.38467e-18
41.9667,2.28176e-18
41.9833,2.18032e-18
42,2.08054e-18
42.0167,1.98262e-18
42.0333,1.88672e-18
42.05,1.79301e-18
42.0667,1.70162e-18
42.0833,1.61269e-18
42.1,1.52634e-18
42.1167,1.44265e-18
42.1333,1.36171e-18
42.15,1.28361e-18
42.1667,1.20838e-18
42.1833,1.13608e-18
42.2,1.06674e-18
42.2167,1.00036e-18
42.2333,9.36955e-19
42.25,8.76516e-19
42.2667,8.19022e-19
42.2833,7.64443e-19
42.3,7.1274e-19
42.3167,6.63862e-19
42.3333,6.17752e-19
42.35,5.74346e-19
42.3667,5.33571e-19
42.3833,4.9535e-19
42.4,4.596e-19
42.4167,4.26233e-19
42.4333,3.9516e-19
42.45,3.66287e-19
42.4667,3.39519e-19
42.4833,3.14759e-19
42.5,2.9191e-19
42.5167,2.70875e-19
42.5333,2.51558e-19
42.55,2.33865e-19
42.5667,2.17703e-19
42.5833,2.02981e-19
42.6,1.89613e-19
42.6167,1.77513e-19
42.6333,1.66602e-19
42.65,1.56803e-19
42.6667,1.48044e-19
42.6833,1.40257e-19
42.7,1.33379e-19
42.7167,1.27352e-19
42.7333,1.22121e-19
42.75,1.17637e-19
42.7667,1.13856e-19
42.7833,1.10739e-19
42.8,1.08249e-19
42.8167,1.06355e-19
42.8333,1.05031e-19
42.85,1.04252e-19
42.8667,1.03999e-19
42.8833,1.04255e-19
42.9,1.05007e-19
42.9167,1.06243e-19
42.9333,1.07954e-19
42.95,1.10133e-19
42.9667,1.12774e-19
42.9833,1.15873e-19
43,1.19426e-19
43.0167,1.23429e-19
43.0333,1.27879e-19
43.05,1.32772e-19
43.0667,1.38103e-19
43.0833,1.43868e-19
43.1,1.5006e-19
43.1167,1.56671e-19
43.1333,1.63691e-19
43.15,1.7111e-19
43.1667,1.78914e-19
43.1833,1.87087e-19
43.2,1.95612e-19
43.2167,2.0447e-19
43.2333,2.13636e-19
43.25,2.23088e-19
43.2667,2.32798e-19
43.2833,2.42737e-19
43.3,2.52873e-19
43.3167,2.63173e-19
43.3333,2.73602e-19
43.35,2.84121e-19
43.3667,2.94693e-19
43.3833,3.05276e-19
43.4,3.15829e-19
43.4167,3.26309e-19
43.4333,3.36674e-19
43.45,3.46878e-19
43.4667,3.56878e-19
43.4833,3.66631e-19
43.5,3.76091e-19
43.5167,3.85216e-19
43.5333,3.93963e-19
43.55,4.02291e-19
43.5667,4.10161e-19
43.5833,4.17533e-19
43.6,4.24372e-19
43.6167,4.30643e-19
43.6333,4.36315e-19
43.65,4.41359e-19
43.6667,4.45746e-19
43.6833,4.49455e-19
43.7,4.52465e-19
43.7167,4.54757e-19
43.7333,4.56319e-19
43.75,4.5714e-19
43.7667,4.57212e-19
43.7833,4.56532e-19
43.8,4.551e-19
43.8167,4.5292e-19
43.8333,4.49999e-19
43.85,4.46347e-19
43.8667,4.41978e-19
43.8833,4.3691e-19
43.9,4.31163e-19
43.9167,4.2476e-19
43.9333,4.17728e-19
43.95,4.10096e-19
43.9667,4.01896e-19
43.9833,3.9316e-19
44,3.83927e-19
44.0167,3.74232e-19
44.0333,3.64117e-19
44.05,3.53621e-19
44.0667,3.42787e-19
44.0833,3.31657e-19
44.1,3.20275e-19
44.1167,3.08684e-19
44.1333,2.96928e-19
44.15,2.8505e-19
44.1667,2.73094e-19
44.1833,2.61102e-19
44.2,2.49115e-19
44.2167,2.37173e-19
44.2333,2.25314e-19
44.25,2.13577e-19
44.2667,2.01995e-19
44.2833,1.90603e-19
44.3,1.79431e-19
44.3167,1.68508e-19
44.3333,1.57862e-19
44.35,1.47515e-19
44.3667,1.37491e-19
44.3833,1.27809e-19
44.4,1.18484e-19
44.4167,1.09531e-19
44.4333,1.00963e-19
44.45,9.27867e-20
44.4667,8.50106e-20
44.4833,7.76384e-20
44.5,7.06722e-20
44.5167,6.41116e-20
44.5333,5.79542e-20
44.55,5.21957e-20
44.5667,4.68298e-20
44.5833,4.18485e-20
44.6,3.7242e-20
44.6167,3.29992e-20
44.6333,2.91077e-20
44.65,2.55539e-20
44.6667,2.23231e-20
44.6833,1.93998e-20
44.7,1.67678e-20
44.7167,1.44105e-20
44.7333,1.23107e-20
44.75,1.04511e-20
44.7667,8.8142e-21
44.7833,7.38274e-21
44.8,6.1395e-21
44.8167,5.06764e-21
44.8333,4.15072e-21
44.85,3.37288e-21
44.8667,2.7189e-21
44.8833,2.17428e-21
44.9,1.72538e-21
44.9167,1.35942e-21
44.9333,1.06459e-21
44.95,8.30066e-22
44.9667,6.46078e-22
44.9833,5.03912e-22
45,3.95936e-22
45.0167,3.15605e-22
45.0333,2.57448e-22
45.05,2.17061e-22
45.0667,1.91074e-22
45.0833,1.77118e-22
45.1,1.7378e-22
45.1167,1.80552e-22
45.1333,1.97768e-22
45.15,2.26543e-22
45.1667,2.68692e-22
45.1833,3.26661e-22
45.2,4.0344e-22
45.2167,5.02478e-22
45.2333,6.27596e-22
45.25,7.82901e-22
45.2667,9.72689e-22
45.2833,1.20136e-21
45.3,1.47334e-21
45.3167,1.79297e-21
45.3333,2.16444e-21
45.35,2.59172e-21
45.3667,3.07847e-21
45.3833,3.62797e-21
45.4,4.24307e-21
45.4167,4.92612e-21
45.4333,5.67894e-21
45.45,6.50276e-21
45.4667,7.39819e-21
45.4833,8.3652e-21
45.5,9.40311e-21
45.5167,1.05105e-20
45.5333,1.16854e-20
45.55,1.29251e-20
45.5667,1.42261e-20
45.5833,1.55845e-20
45.6,1.69955e-20
45.6167,1.8454e-20
45.6333,1.99541e-20
45.65,2.14896e-20
45.6667,2.30536e-20
45.6833,2.46389e-20
45.7,2.62381e-20
45.7167,2.78431e-20
45.7333,2.94461e-20
45.75,3.10386e-20
45.7667,3.26123e-20
45.7833,3.41587e-20
45.8,3.56695e-20
45.8167,3.71363e-20
45.8333,3.85509e-20
45.85,3.99054e-20
45.8667,4.11921e-20
45.8833,4.24037e-20
45.9,4.35331e-20
45.9167,4.45739e-20
45.9333,4.55201e-20
45.95,4.63662e-20
45.9667,4.71072e-20
45.9833,4.7739e-20
46,4.82579e-20
46.0167,4.86609e-20
46.0333,4.89458e-20
46.05,4.91111e-20
46.0667,4.91559e-20
46.0833,4.90801e-20
46.1,4.88843e-20
46.1167,4.857e-20
46.1333,4.81391e-20
46.15,4.75943e-20
46.1667,4.69391e-20
46.1833,4.61773e-20
46.2,4.53138e-20
46.2167,4.43535e-20
46.2333,4.33022e-20
46.25,4.21661e-20
46.2667,4.09516e-20
46.2833,3.96659e-20
46.3,3.8316e-20
46.3167,3.69096e-20
46.3333,3.54544e-20
46.35,3.39582e-20
46.3667,3.2429e-20
46.3833,3.08747e-20
46.4,2.93034e-20
46.4167,2.77228e-20
46.4333,2.61406e-20
46.45,2.45644e-20
46.4667,2.30015e-20
46.4833,2.14587e-20
46.5,1.99426e-20
46.5167,1.84595e-20
46.5333,1.70151e-20
46.55,1.56147e-20
46.5667,1.42633e-20
46.5833,1.2965e-20
46.6,1.17236e-20
46.6167,1.05425e-20
46.6333,9.42425e-21
46.65,8.37101e-21
46.6667,7.38437e-21
46.6833,6.46536e-21
46.7,5.61448e-21
46.7167,4.83174e-21
46.7333,4.11662e-21
46.75,3.46816e-21
46.7667,2.88493e-21
46.7833,2.3651e-21
46.8,1.90647e-21
46.8167,1.50648e-21
46.8333,1.16227e-21
46.85,8.70708e-22
46.8667,6.28441e-22
46.8833,4.31923e-22
46.9,2.77464e-22
46.9167,1.61269e-22
46.9333,7.94772e-23
46.95,2.82042e-23
46.9667,3.57975e-24
46.9833,1.78527e-24
47,1.90894e-23
47.0167,5.18817e-23
47.0333,9.6704e-23
47.05,1.50279e-22
47.0667,2.09537e-22
47.0833,2.71638e-22
47.1,3.33992e-22
47.1167,3.94278e-22
47.1333,4.50454e-22
47.15,5.00771e-22
47.1667,5.43775e-22
47.1833,5.78317e-22
47.2,6.03547e-22
47.2167,6.18914e-22
47.2333,6.24161e-22
47.25,6.1931e-22
47.2667,6.04655e-22
47.2833,5.80746e-22
47.3,5.48367e-22
47.3167,5.08522e-22
47.3333,4.62407e-22
47.35,4.11391e-22
47.3667,3.56985e-22
47.3833,3.0082e-22
47.4,2.44615e-22
47.4167,1.9015e-22
47.4333,1.39238e-22
47.45,9.36937e-23
47.4667,5.53068e-23
47.4833,2.58119e-23
47.5,6.8623e-24
47.5167,4.00393e-27
47.5333,6.65102e-24
47.55,2.80628e-23
47.5667,6.53239e-23
47.5833,1.19325e-22
47.6,1.9075e-22
47.6167,2.80058e-22
47.6333,3.8748e-22
47.65,5.13007e-22
47.6667,6.5639e-22
47.6833,8.17136e-22
47.7,9.94515e-22
47.7167,1.18757e-21
47.7333,1.3951e-21
47.75,1.61574e-21
47.7667,1.84787e-21
47.7833,2.08975e-21
47.8,2.33944e-21
47.8167,2.59489e-21
47.8333,2.85395e-21
47.85,3.11434e-21
47.8667,3.37378e-21
47.8833,3.6299e-21
47.9,3.88038e-21
47.9167,4.12289e-21
47.9333,4.35514e-21
47.95,4.57496e-21
47.9667,4.78025e-21
47.9833,4.96904e-21
48,5.13951e-21
48.0167,5.29002e-21
48.0333,5.41911e-21
48.05,5.52554e-21
48.0667,5.60827e-21
48.0833,5.66652e-21
48.1,5.69972e-21
48.1167,5.70758e-21
48.1333,5.69003e-21
48.15,5.64727e-21
48.1667,5.57976e-21
48.1833,5.48818e-21
48.2,5.37346e-21
48.2167,5.23674e-21
48.2333,5.07939e-21
48.25,4.90296e-21
48.2667,4.70918e-21
48.2833,4.49994e-21
48.3,4.27726e-21
48.3167,4.04326e-21
48.3333,3.80015e-21
48.35,3.55021e-21
48.3667,3.29572e-21
48.3833,3.039e-21
48.4,2.78232e-21
48.4167,2.52791e-21
48.4333,2.27792e-21
48.45,2.03439e-21
48.4667,1.79925e-21
48.4833,1.57426e-21
48.5,1.36103e-21
48.5167,1.16097e-21
48.5333,9.75294e-22
48.55,8.04992e-22
48.5667,6.50835e-22
48.5833,5.13357e-22
48.6,3.92859e-22
48.6167,2.89402e-22
48.6333,2.02815e-22
48.65,1.32702e-22
48.6667,7.8447e-23
48.6833,3.92344e-23
48.7,1.40603e-23
48.7167,1.75488e-24
48.7333,1.00356e-24
48.75,1.03725e-23
48.7667,2.83355e-23
48.7833,5.33024e-23
48.8,8.36495e-23
48.8167,1.1775e-22
48.8333,1.54006e-22
48.85,1.90877e-22
48.8667,2.26913e-22
48.8833,2.6078e-22
48.9,2.91288e-22
48.9167,3.17413e-22
48.9333,3.38315e-22
48.95,3.53358e-22
48.9667,3.62112e-22
48.9833,3.64366e-22
49,3.60124e-22
49.0167,3.49605e-22
49.0333,3.33224e-22
49.05,3.11585e-22
49.0667,2.85459e-22
49.0833,2.55757e-22
49.1,2.23504e-22
49.1167,1.89809e-22
49.1333,1.55827e-22
49.15,1.2273e-22
49.1667,9.16647e-23
49.1833,6.37206e-23
49.2,3.98937e-23
49.2167,2.10538e-23
49.2333,7.91546e-24
49.25,1.01138e-24
49.2667,6.72145e-25
49.2833,7.0105e-24
49.3,1.99123e-23
49.3167,3.90342e-23
49.3333,6.38082e-23
49.35,9.34542e-23
49.3667,1.26999e-22
49.3833,1.63305e-22
49.4,2.011e-22
49.4167,2.3902e-22
49.4333,2.75657e-22
49.45,3.096e-22
49.4667,3.39496e-22
49.4833,3.641e-22
49.5,3.82328e-22
49.5167,3.93306e-22
49.5333,3.96423e-22
49.55,3.91362e-22
49.5667,3.78139e-22
49.5833,3.57117e-22
49.6,3.29015e-22
49.6167,2.949e-22
49.6333,2.56159e-22
49.65,2.14461e-22
49.6667,1.71688e-22
49.6833,1.29859e-22
49.7,9.10287e-23
49.7167,5.71755e-23
49.7333,3.00705e-23
49.75,1.11438e-23
49.7667,1.34651e-24
49.7833,1.01988e-24
49.8,9.78198e-24
49.8167,2.64453e-23
49.8333,4.8982e-23
49.85,7.45557e-23
49.8667,9.96455e-23
49.8833,1.20288e-22
49.9,1.32472e-22
49.9167,1.32722e-22
49.9333,1.18917e-22
49.95,9.13948e-23
49.9667,5.43925e-23
49.9833,1.79017e-23
