-6.40005e-05
-0.122761
-0.235269
-0.338189
-0.432096
-0.517537
-0.595038
-0.665097
-0.728191
-0.784774
-0.835277
-0.880111
-0.919666
-0.954312
-0.984402
-1.01027
-1.03222
-1.05056
-1.06557
-1.07752
-1.08665
-1.0932
-1.09739
-1.09943
-1.09951
-1.09781
-1.09451
-1.08976
-1.08372
-1.07651
-1.06827
-1.05911
-1.04915
-1.03848
-1.0272
-1.01539
-1.00313
-0.990496
-0.977544
-0.964336
-0.950926
-0.937361
-0.923684
-0.909932
-0.896141
-0.88234
-0.868555
-0.854809
-0.841123
-0.827513
-0.813994
-0.800577
-0.787274
-0.774092
-0.761037
-0.748116
-0.735332
-0.722687
-0.710183
-0.697822
-0.685604
-0.673528
-0.661594
-0.649801
-0.638148
-0.626633
-0.615256
-0.604015
-0.592909
-0.581937
-0.571096
-0.560387
-0.549808
-0.539359
-0.529038
-0.518845
-0.508779
-0.49884
-0.489027
-0.479339
-0.469777
-0.460339
-0.451026
-0.441836
-0.432771
-0.423829
-0.415011
-0.406316
-0.397743
-0.389294
-0.380967
-0.372763
-0.364682
-0.356722
-0.348885
-0.341169
-0.333575
-0.326103
-0.318752
-0.311523
-0.304414
-0.297426
-0.290559
-0.283811
-0.277184
-0.270676
-0.264287
-0.258016
-0.251864
-0.245829
-0.239912
-0.23411
-0.228425
-0.222856
-0.2174
-0.212059
-0.206831
-0.201715
-0.19671
-0.191816
-0.187031
-0.182355
-0.177786
-0.173324
-0.168967
-0.164714
-0.160564
-0.156515
-0.152567
-0.148718
-0.144966
-0.141311
-0.137751
-0.134283
-0.130908
-0.127623
-0.124427
-0.121317
-0.118293
-0.115353
-0.112495
-0.109718
-0.107019
-0.104397
-0.101851
-0.0993778
-0.0969768
-0.0946457
-0.092383
-0.0901868
-0.0880554
-0.0859871
-0.08398
-0.0820326
-0.0801429
-0.0783093
-0.0765302
-0.0748038
-0.0731283
-0.0715023
-0.069924
-0.0683918
-0.0669041
-0.0654594
-0.064056
-0.0626925
-0.0613674
-0.0600791
-0.0588263
-0.0576074
-0.0564213
-0.0552663
-0.0541414
-0.0530451
-0.0519762
-0.0509335
-0.0499158
-0.0489219
-0.0479508
-0.0470014
-0.0460725
-0.0451633
-0.0442727
-0.0433998
-0.0425437
-0.0417036
-0.0408786
-0.0400679
-0.0392709
-0.0384868
-0.037715
-0.0369548
-0.0362056
-0.0354668
-0.034738
-0.0340187
-0.0333084
-0.0326067
-0.0319132
-0.0312276
-0.0305495
-0.0298788
-0.029215
-0.0285581
-0.0279078
-0.0272639
-0.0266263
-0.025995
-0.0253698
-0.0247506
-0.0241375
-0.0235304
-0.0229292
-0.0223342
-0.0217451
-0.0211623
-0.0205856
-0.0200151
-0.0194511
-0.0188935
-0.0183426
-0.0177983
-0.0172609
-0.0167305
-0.0162072
-0.0156912
-0.0151827
-0.0146818
-0.0141886
-0.0137033
-0.0132261
-0.0127571
-0.0122966
-0.0118445
-0.0114012
-0.0109668
-0.0105413
-0.010125
-0.00971794
-0.00932029
-0.00893217
-0.00855369
-0.00818496
-0.00782608
-0.00747714
-0.00713822
-0.00680939
-0.00649073
-0.00618227
-0.00588407
-0.00559616
-0.00531856
-0.00505127
-0.00479431
-0.00454765
-0.00431128
-0.00408515
-0.00386923
-0.00366345
-0.00346775
-0.00328204
-0.00310623
-0.00294022
-0.00278388
-0.0026371
-0.00249974
-0.00237163
-0.00225264
-0.00214258
-0.00204128
-0.00194854
-0.00186416
-0.00178795
-0.00171967
-0.00165911
-0.00160603
-0.00156018
-0.00152133
-0.00148922
-0.00146359
-0.00144416
-0.00143068
-0.00142288
-0.00142046
-0.00142317
-0.0014307
-0.00144279
-0.00145914
-0.00147948
-0.00150352
-0.00153098
-0.00156157
-0.00159502
-0.00163104
-0.00166937
-0.00170973
-0.00175185
-0.00179547
-0.00184032
-0.00188615
-0.00193271
-0.00197975
-0.00202704
-0.00207433
-0.00212141
-0.00216805
-0.00221403
-0.00225916
-0.00230322
-0.00234603
-0.00238741
-0.00242718
-0.00246516
-0.00250121
-0.00253517
-0.00256689
-0.00259625
-0.00262311
-0.00264737
-0.00266892
-0.00268765
-0.00270349
-0.00271634
-0.00272615
-0.00273285
-0.00273638
-0.00273672
-0.00273381
-0.00272764
-0.00271819
-0.00270546
-0.00268945
-0.00267016
-0.00264762
-0.00262186
-0.0025929
-0.0025608
-0.0025256
-0.00248737
-0.00244617
-0.00240207
-0.00235515
-0.00230551
-0.00225323
-0.00219841
-0.00214115
-0.00208157
-0.00201979
-0.00195591
-0.00189007
-0.00182239
-0.001753
-0.00168203
-0.00160963
-0.00153593
-0.00146106
-0.00138518
-0.00130842
-0.00123093
-0.00115285
-0.00107433
-0.000995501
-0.000916515
-0.000837512
-0.000758632
-0.000680014
-0.000601797
-0.000524114
-0.0004471
-0.000370885
-0.000295596
-0.000221358
-0.000148293
-7.65191e-05
-6.15045e-06
6.27021e-05
0.000129932
0.000195436
0.000259117
0.00032088
0.000380637
0.000438302
0.000493796
0.000547045
0.000597978
0.000646531
0.000692645
0.000736266
0.000777344
0.000815836
0.000851705
0.000884918
0.000915448
0.000943273
0.000968377
0.000990749
0.00101039
0.00102728
0.00104145
0.0010529
0.00106165
0.00106771
0.00107112
0.0010719
0.0010701
0.00106575
0.0010589
0.0010496
0.00103791
0.00102388
0.00100759
0.000989087
0.000968454
0.000945765
0.000921098
0.000894533
0.000866157
0.000836056
0.000804321
0.000771043
0.000736318
0.00070024
0.000662909
0.000624422
0.00058488
0.000544383
0.000503033
0.000460931
0.000418179
0.000374878
0.00033113
0.000287035
0.000242694
0.000198205
0.000153666
0.000109175
6.48252e-05
2.07114e-05
-2.30749e-05
-6.64436e-05
-0.000109307
-0.00015158
-0.000193178
-0.000234022
-0.000274032
-0.000313134
-0.000351255
-0.000388324
-0.000424276
-0.000459047
-0.000492575
-0.000524805
-0.000555682
-0.000585156
-0.000613179
-0.000639709
-0.000664705
-0.000688131
-0.000709954
-0.000730146
-0.00074868
-0.000765535
-0.000780693
-0.000794139
-0.000805863
-0.000815858
-0.00082412
-0.00083065
-0.000835451
-0.000838531
-0.000839901
-0.000839575
-0.000837571
-0.00083391
-0.000828616
-0.000821717
-0.000813243
-0.000803229
-0.000791711
-0.000778728
-0.000764323
-0.00074854
-0.000731426
-0.000713033
-0.00069341
-0.000672613
-0.000650697
-0.00062772
-0.000603741
-0.000578821
-0.000553023
-0.000526409
-0.000499044
-0.000470993
-0.000442322
-0.000413096
-0.000383382
-0.000353247
-0.000322758
-0.000291981
-0.000260981
-0.000229826
-0.000198581
-0.000167309
-0.000136076
-0.000104944
-7.39747e-05
-4.32299e-05
-1.27691e-05
1.73493e-05
4.70682e-05
7.63322e-05
0.000105087
0.000133281
0.000160863
0.000187784
0.000213998
0.00023946
0.000264126
0.000287957
0.000310912
0.000332957
0.000354056
0.000374178
0.000393292
0.000411372
0.000428392
0.00044433
0.000459166
0.000472881
0.000485461
0.000496892
0.000507164
0.000516269
0.000524201
0.000530958
0.000536537
0.000540942
0.000544175
0.000546244
0.000547156
0.000546924
0.000545559
0.000543078
0.000539498
0.000534838
0.000529121
0.00052237
0.00051461
0.000505869
0.000496177
0.000485563
0.000474062
0.000461706
0.000448531
0.000434575
0.000419876
0.000404472
0.000388404
0.000371713
0.000354443
0.000336634
0.000318331
0.000299579
0.00028042
0.0002609
0.000241063
0.000220954
0.000200619
0.000180101
0.000159445
0.000138695
0.000117896
9.70903e-05
7.63207e-05
5.56295e-05
3.50581e-05
1.46472e-05
-5.56321e-06
-2.55343e-05
-4.5228e-05
-6.46074e-05
-8.36365e-05
-0.000102281
-0.000120506
-0.000138281
-0.000155574
-0.000172355
-0.000188596
-0.000204271
-0.000219352
-0.000233817
-0.000247644
-0.00026081
-0.000273296
-0.000285085
-0.000296161
-0.000306508
-0.000316113
-0.000324965
-0.000333055
-0.000340373
-0.000346914
-0.000352673
-0.000357645
-0.00036183
-0.000365228
-0.00036784
-0.000369669
-0.000370719
-0.000370998
-0.000370513
-0.000369273
-0.000367289
-0.000364573
-0.000361139
-0.000357001
-0.000352176
-0.000346682
-0.000340537
-0.00033376
-0.000326374
-0.0003184
-0.000309861
-0.000300782
-0.000291187
-0.000281102
-0.000270554
-0.000259571
-0.000248179
-0.000236407
-0.000224285
-0.000211841
-0.000199105
-0.000186106
-0.000172875
-0.000159442
-0.000145837
-0.000132089
-0.000118229
-0.000104286
-9.029e-05
-7.62704e-05
-6.22561e-05
-4.82755e-05
-3.43568e-05
-2.05277e-05
-6.8154e-06
6.75365e-06
2.01535e-05
3.33587e-05
4.63449e-05
5.9088e-05
7.15651e-05
8.37539e-05
9.56328e-05
0.000107181
0.00011838
0.00012921
0.000139653
0.000149693
0.000159313
0.000168499
0.000177238
0.000185515
0.000193321
0.000200643
0.000207473
0.000213802
0.000219622
0.000224928
0.000229714
0.000233976
0.000237711
0.000240917
0.000243593
0.00024574
0.00024736
0.000248453
0.000249025
0.000249079
0.00024862
0.000247657
0.000246195
0.000244243
0.000241811
0.000238909
0.000235548
0.00023174
0.000227498
0.000222836
0.000217768
0.000212308
0.000206474
0.00020028
0.000193744
0.000186884
0.000179717
0.000172262
0.000164538
0.000156563
0.000148358
0.000139942
0.000131335
0.000122556
0.000113627
0.000104567
9.53968e-05
8.61359e-05
7.68047e-05
6.74233e-05
5.80113e-05
4.85885e-05
3.91742e-05
2.97876e-05
2.04474e-05
1.11723e-05
1.98026e-06
-7.11087e-06
-1.60838e-05
-2.49216e-05
-3.36079e-05
-4.21269e-05
-5.0463e-05
-5.86016e-05
-6.65283e-05
-7.42295e-05
-8.1692e-05
-8.89036e-05
-9.58522e-05
-0.000102527
-0.000108917
-0.000115013
-0.000120806
-0.000126287
-0.000131448
-0.000136283
-0.000140786
-0.00014495
-0.000148772
-0.000152246
-0.000155371
-0.000158142
-0.000160559
-0.000162621
-0.000164326
-0.000165676
-0.000166671
-0.000167313
-0.000167606
-0.000167551
-0.000167153
-0.000166416
-0.000165346
-0.000163948
-0.000162229
-0.000160195
-0.000157856
-0.000155218
-0.000152291
-0.000149083
-0.000145605
-0.000141867
-0.000137879
-0.000133652
-0.000129199
-0.000124531
-0.000119659
-0.000114597
-0.000109358
-0.000103953
-9.83966e-05
-9.27017e-05
-8.68818e-05
-8.09503e-05
-7.49208e-05
-6.88068e-05
-6.2622e-05
-5.63798e-05
-5.00937e-05
-4.37772e-05
-3.74436e-05
-3.11059e-05
-2.47773e-05
-1.84705e-05
-1.21981e-05
-5.9725e-06
1.9415e-07
6.28999e-06
1.23035e-05
1.82233e-05
2.40385e-05
2.97385e-05
3.53131e-05
4.07524e-05
4.60468e-05
5.11874e-05
5.61653e-05
6.09724e-05
6.56009e-05
7.00433e-05
7.42927e-05
7.83426e-05
8.21872e-05
8.58207e-05
8.92382e-05
9.24352e-05
9.54075e-05
9.81516e-05
0.000100664
0.000102943
0.000104986
0.000106791
0.000108358
0.000109685
0.000110773
0.000111622
0.000112233
0.000112606
0.000112745
0.000112651
0.000112327
0.000111776
0.000111001
0.000110008
0.000108799
0.00010738
0.000105757
0.000103934
0.000101918
9.97156e-05
9.73327e-05
9.47764e-05
9.20541e-05
8.91733e-05
8.61418e-05
8.29675e-05
7.96588e-05
7.6224e-05
7.26717e-05
6.90107e-05
6.52498e-05
6.1398e-05
5.74643e-05
5.34577e-05
4.93874e-05
4.52626e-05
4.10923e-05
3.68856e-05
3.26517e-05
2.83994e-05
2.41378e-05
1.98756e-05
1.56216e-05
1.13844e-05
7.17233e-06
2.99375e-06
-1.14323e-06
-5.23068e-06
-9.26086e-06
-1.32263e-05
-1.71195e-05
-2.09336e-05
-2.46617e-05
-2.82973e-05
-3.18339e-05
-3.52655e-05
-3.85864e-05
-4.17911e-05
-4.48744e-05
-4.78314e-05
-5.06575e-05
-5.33485e-05
-5.59003e-05
-5.83094e-05
-6.05724e-05
-6.26864e-05
-6.46486e-05
-6.64568e-05
-6.8109e-05
-6.96035e-05
-7.09389e-05
-7.21144e-05
-7.31291e-05
-7.39829e-05
-7.46756e-05
-7.52077e-05
-7.55797e-05
-7.57927e-05
-7.58479e-05
-7.57469e-05
-7.54916e-05
-7.50842e-05
-7.45273e-05
-7.38235e-05
-7.29759e-05
-7.19879e-05
-7.08631e-05
-6.96052e-05
-6.82183e-05
-6.67068e-05
-6.50751e-05
-6.3328e-05
-6.14705e-05
-5.95076e-05
-5.74445e-05
-5.52868e-05
-5.304e-05
-5.07097e-05
-4.83018e-05
-4.58222e-05
-4.32769e-05
-4.06718e-05
-3.80131e-05
-3.53069e-05
-3.25593e-05
-2.97764e-05
-2.69645e-05
-2.41296e-05
-2.12777e-05
-1.8415e-05
-1.55475e-05
-1.26809e-05
-9.82128e-06
-6.97427e-06
-4.14556e-06
-1.34069e-06
1.43491e-06
4.17593e-06
6.87719e-06
9.53368e-06
1.21405e-05
1.4693e-05
1.71865e-05
1.96167e-05
2.19793e-05
2.42704e-05
2.64862e-05
2.86229e-05
3.06771e-05
3.26456e-05
3.45253e-05
3.63134e-05
3.80074e-05
3.96048e-05
4.11034e-05
4.25013e-05
4.37967e-05
4.49882e-05
4.60744e-05
4.70542e-05
4.7927e-05
4.86919e-05
4.93487e-05
4.98971e-05
5.03373e-05
5.06694e-05
5.0894e-05
5.10118e-05
5.10237e-05
5.09308e-05
5.07344e-05
5.04362e-05
5.00376e-05
4.95408e-05
4.89478e-05
4.82609e-05
4.74824e-05
4.66152e-05
4.56618e-05
4.46253e-05
4.35087e-05
4.23152e-05
4.10482e-05
3.97111e-05
3.83076e-05
3.68412e-05
3.53158e-05
3.37352e-05
3.21033e-05
3.04241e-05
2.87017e-05
2.694e-05
2.51432e-05
2.33154e-05
2.14608e-05
1.95834e-05
1.76875e-05
1.5777e-05
1.38562e-05
1.1929e-05
9.99947e-06
8.07158e-06
6.14926e-06
4.23634e-06
2.33663e-06
4.53834e-07
-1.40841e-06
-3.24656e-06
-5.05714e-06
-6.83682e-06
-8.58231e-06
-1.02905e-05
-1.19583e-05
-1.35828e-05
-1.51613e-05
-1.66909e-05
-1.81693e-05
-1.95939e-05
-2.09625e-05
-2.22729e-05
-2.35232e-05
-2.47114e-05
-2.58358e-05
-2.68949e-05
-2.78872e-05
-2.88114e-05
-2.96665e-05
-3.04514e-05
-3.11652e-05
-3.18074e-05
-3.23774e-05
-3.28748e-05
-3.32994e-05
-3.36511e-05
-3.393e-05
-3.41362e-05
-3.42702e-05
-3.43325e-05
-3.43236e-05
-3.42445e-05
-3.4096e-05
-3.38792e-05
-3.35952e-05
-3.32454e-05
-3.28312e-05
-3.23542e-05
-3.18161e-05
-3.12186e-05
-3.05637e-05
-2.98533e-05
-2.90895e-05
-2.82745e-05
-2.74106e-05
-2.65001e-05
-2.55454e-05
-2.45491e-05
-2.35137e-05
-2.24417e-05
-2.13359e-05
-2.01988e-05
-1.90333e-05
-1.78421e-05
-1.66279e-05
-1.53935e-05
-1.41417e-05
-1.28753e-05
-1.15969e-05
-1.03095e-05
-9.0158e-06
-7.71842e-06
-6.4201e-06
-5.12352e-06
-3.83129e-06
-2.54601e-06
-1.2702e-06
-6.35916e-09
1.24308e-06
2.47575e-06
3.68934e-06
4.88161e-06
6.05036e-06
7.19352e-06
8.30904e-06
9.39499e-06
1.04495e-05
1.14708e-05
1.24571e-05
1.34069e-05
1.43187e-05
1.5191e-05
1.60225e-05
1.6812e-05
1.75583e-05
1.82604e-05
1.89173e-05
1.95283e-05
2.00925e-05
2.06094e-05
2.10784e-05
2.14991e-05
2.18711e-05
2.21942e-05
2.24683e-05
2.26934e-05
2.28694e-05
2.29967e-05
2.30754e-05
2.31059e-05
2.30888e-05
2.30244e-05
2.29135e-05
2.27569e-05
2.25552e-05
2.23095e-05
2.20207e-05
2.16899e-05
2.13182e-05
2.09069e-05
2.04572e-05
1.99706e-05
1.94483e-05
1.8892e-05
1.83031e-05
1.76832e-05
1.7034e-05
1.63572e-05
1.56545e-05
1.49276e-05
1.41783e-05
1.34085e-05
1.26199e-05
1.18145e-05
1.0994e-05
1.01604e-05
9.31557e-06
8.46129e-06
7.59946e-06
6.73196e-06
5.86061e-06
4.98725e-06
4.11368e-06
3.2417e-06
2.37306e-06
1.5095e-06
6.52719e-07
-1.95625e-07
-1.0339e-06
-1.86052e-06
-2.67393e-06
-3.47265e-06
-4.25521e-06
-5.02022e-06
-5.76632e-06
-6.49221e-06
-7.19666e-06
-7.87847e-06
-8.53652e-06
-9.16974e-06
-9.77713e-06
-1.03577e-05
-1.09107e-05
-1.14352e-05
-1.19305e-05
-1.23958e-05
-1.28307e-05
-1.32344e-05
-1.36067e-05
-1.39469e-05
-1.42549e-05
-1.45303e-05
-1.47729e-05
-1.49825e-05
-1.51592e-05
-1.53028e-05
-1.54136e-05
-1.54915e-05
-1.55368e-05
-1.55497e-05
-1.55307e-05
-1.54799e-05
-1.5398e-05
-1.52854e-05
-1.51426e-05
-1.49704e-05
-1.47693e-05
-1.45401e-05
-1.42836e-05
-1.40007e-05
-1.36921e-05
-1.33588e-05
-1.30019e-05
-1.26222e-05
-1.22209e-05
-1.1799e-05
-1.13576e-05
-1.08979e-05
-1.04211e-05
-9.92824e-06
-9.42063e-06
-8.89948e-06
-8.36601e-06
-7.82148e-06
-7.26714e-06
-6.70425e-06
-6.13406e-06
-5.55784e-06
-4.97684e-06
-4.3923e-06
-3.80547e-06
-3.21758e-06
-2.62983e-06
-2.04343e-06
-1.45955e-06
-8.7936e-07
-3.03996e-07
2.65427e-07
8.27821e-07
1.38212e-06
1.9273e-06
2.46235e-06
2.98631e-06
3.49823e-06
3.99722e-06
4.48242e-06
4.95298e-06
5.40814e-06
5.84713e-06
6.26925e-06
6.67383e-06
7.06025e-06
7.42792e-06
7.77631e-06
8.10492e-06
8.4133e-06
8.70106e-06
8.96783e-06
9.2133e-06
9.43719e-06
9.6393e-06
9.81945e-06
9.97751e-06
1.01134e-05
1.02271e-05
1.03185e-05
1.03878e-05
1.04351e-05
1.04604e-05
1.04641e-05
1.04462e-05
1.04071e-05
1.0347e-05
1.02664e-05
1.01657e-05
1.00451e-05
9.90529e-06
9.74669e-06
9.56982e-06
9.37528e-06
9.16364e-06
8.93555e-06
8.69166e-06
8.43265e-06
8.15924e-06
7.87214e-06
7.57212e-06
7.25995e-06
6.93642e-06
6.60232e-06
6.25847e-06
5.9057e-06
5.54484e-06
5.17673e-06
4.80222e-06
4.42216e-06
4.03738e-06
3.64874e-06
3.25708e-06
2.86324e-06
2.46804e-06
2.07233e-06
1.6769e-06
1.28257e-06
8.90118e-07
5.00332e-07
1.13971e-07
-2.68218e-07
-6.45506e-07
-1.01718e-06
-1.38256e-06
-1.74097e-06
-2.09176e-06
-2.4343e-06
-2.76801e-06
-3.09229e-06
-3.40661e-06
-3.71043e-06
-4.00325e-06
-4.28462e-06
-4.55408e-06
-4.81122e-06
-5.05565e-06
-5.28703e-06
-5.50502e-06
-5.70934e-06
-5.89971e-06
-6.0759e-06
-6.23771e-06
-6.38497e-06
-6.51754e-06
-6.6353e-06
-6.73817e-06
-6.82611e-06
-6.8991e-06
-6.95715e-06
-7.00031e-06
-7.02864e-06
-7.04225e-06
-7.04128e-06
-7.02587e-06
-6.99622e-06
-6.95254e-06
-6.89508e-06
-6.8241e-06
-6.73989e-06
-6.64279e-06
-6.53312e-06
-6.41125e-06
-6.27757e-06
-6.13249e-06
-5.97644e-06
-5.80986e-06
-5.63321e-06
-5.44698e-06
-5.25167e-06
-5.04777e-06
-4.83582e-06
-4.61634e-06
-4.38989e-06
-4.157e-06
-3.91824e-06
-3.67417e-06
-3.42535e-06
-3.17235e-06
-2.91575e-06
-2.65611e-06
-2.39401e-06
-2.13e-06
-1.86466e-06
-1.59854e-06
-1.3322e-06
-1.06618e-06
-8.01021e-07
-5.37254e-07
-2.754e-07
-1.59711e-08
2.40534e-07
4.93628e-07
7.42836e-07
9.87696e-07
1.22776e-06
1.4626e-06
1.69179e-06
1.91494e-06
2.13166e-06
2.34159e-06
2.54437e-06
2.73968e-06
2.92721e-06
3.10665e-06
3.27774e-06
3.44022e-06
3.59385e-06
3.73843e-06
3.87377e-06
3.99967e-06
4.116e-06
4.22262e-06
4.31943e-06
4.40632e-06
4.48323e-06
4.55012e-06
4.60695e-06
4.65372e-06
4.69043e-06
4.71713e-06
4.73387e-06
4.74072e-06
4.73777e-06
4.72514e-06
4.70296e-06
4.67137e-06
4.63054e-06
4.58066e-06
4.52193e-06
4.45456e-06
4.3788e-06
4.29488e-06
4.20308e-06
4.10367e-06
3.99695e-06
3.88321e-06
3.76277e-06
3.63596e-06
3.50311e-06
3.36456e-06
3.22068e-06
3.07182e-06
2.91835e-06
2.76064e-06
2.59906e-06
2.43399e-06
2.26582e-06
2.09493e-06
1.9217e-06
1.74652e-06
1.56977e-06
1.39183e-06
1.21307e-06
1.03388e-06
8.54627e-07
6.75675e-07
4.97387e-07
3.20118e-07
1.44219e-07
-2.99684e-08
-2.02111e-07
-3.71881e-07
-5.38962e-07
-7.03045e-07
-8.63832e-07
-1.02103e-06
-1.17437e-06
-1.32358e-06
-1.46841e-06
-1.6086e-06
-1.74393e-06
-1.87418e-06
-1.99915e-06
-2.11863e-06
-2.23244e-06
-2.34042e-06
-2.44242e-06
-2.53829e-06
-2.6279e-06
-2.71115e-06
-2.78793e-06
-2.85815e-06
-2.92175e-06
-2.97867e-06
-3.02886e-06
-3.07229e-06
-3.10896e-06
-3.13885e-06
-3.16198e-06
-3.17838e-06
-3.18808e-06
-3.19114e-06
-3.18762e-06
-3.1776e-06
-3.16118e-06
-3.13845e-06
-3.10953e-06
-3.07454e-06
-3.03363e-06
-2.98695e-06
-2.93465e-06
-2.87691e-06
-2.8139e-06
-2.74582e-06
-2.67285e-06
-2.59522e-06
-2.51312e-06
-2.42679e-06
-2.33645e-06
-2.24234e-06
-2.14468e-06
-2.04373e-06
-1.93974e-06
-1.83294e-06
-1.72361e-06
-1.61199e-06
-1.49834e-06
-1.38292e-06
-1.26599e-06
-1.1478e-06
-1.02861e-06
-9.08687e-07
-7.88274e-07
-6.67626e-07
-5.46992e-07
-4.2662e-07
-3.06751e-07
-1.87623e-07
-6.94721e-08
4.74743e-08
1.62992e-07
2.76862e-07
3.88873e-07
4.98819e-07
6.065e-07
7.11723e-07
8.14303e-07
9.14063e-07
1.01083e-06
1.10445e-06
1.19475e-06
1.28161e-06
1.36487e-06
1.44441e-06
1.52011e-06
1.59186e-06
1.65956e-06
1.72312e-06
1.78244e-06
1.83746e-06
1.88811e-06
1.93434e-06
1.9761e-06
2.01336e-06
2.04608e-06
2.07425e-06
2.09786e-06
2.11692e-06
2.13142e-06
2.1414e-06
2.14688e-06
2.1479e-06
2.1445e-06
2.13675e-06
2.12469e-06
2.1084e-06
2.08797e-06
2.06348e-06
2.03503e-06
2.00271e-06
1.96664e-06
1.92693e-06
1.8837e-06
1.83709e-06
1.78723e-06
1.73425e-06
1.67831e-06
1.61955e-06
1.55813e-06
1.49421e-06
1.42794e-06
1.35949e-06
1.28903e-06
1.21673e-06
1.14276e-06
1.06729e-06
9.90493e-07
9.12545e-07
8.33619e-07
7.53889e-07
6.73529e-07
5.92709e-07
5.11602e-07
4.30376e-07
3.492e-07
2.68237e-07
1.87651e-07
1.07601e-07
2.82445e-08
-5.02653e-08
-1.27779e-07
-2.04149e-07
-2.79236e-07
-3.529e-07
-4.25009e-07
-4.95434e-07
-5.64051e-07
-6.30743e-07
-6.95394e-07
-7.57899e-07
-8.18153e-07
-8.7606e-07
-9.3153e-07
-9.84475e-07
-1.03482e-06
-1.08248e-06
-1.12741e-06
-1.16953e-06
-1.20879e-06
-1.24514e-06
-1.27854e-06
-1.30896e-06
-1.33636e-06
-1.36073e-06
-1.38204e-06
-1.40029e-06
-1.41546e-06
-1.42757e-06
-1.43662e-06
-1.44263e-06
-1.44561e-06
-1.4456e-06
-1.44262e-06
-1.43672e-06
-1.42793e-06
-1.41631e-06
-1.40192e-06
-1.3848e-06
-1.36503e-06
-1.34268e-06
-1.31781e-06
-1.29052e-06
-1.26088e-06
-1.22899e-06
-1.19492e-06
-1.15879e-06
-1.12068e-06
-1.0807e-06
-1.03895e-06
-9.95535e-07
-9.50573e-07
-9.0417e-07
-8.5644e-07
-8.07496e-07
-7.57455e-07
-7.06432e-07
-6.54544e-07
-6.01908e-07
-5.48641e-07
-4.94861e-07
-4.40682e-07
-3.86222e-07
-3.31595e-07
-2.76915e-07
-2.22294e-07
-1.67842e-07
-1.13669e-07
-5.98826e-08
-6.58695e-09
4.6115e-08
9.81229e-08
1.49339e-07
1.99669e-07
2.4902e-07
2.97304e-07
3.44434e-07
3.90329e-07
4.34909e-07
4.78099e-07
5.19826e-07
5.60024e-07
5.98626e-07
6.35574e-07
6.7081e-07
7.04282e-07
7.35942e-07
7.65745e-07
7.93652e-07
8.19626e-07
8.43635e-07
8.65653e-07
8.85657e-07
9.03626e-07
9.19548e-07
9.33412e-07
9.45212e-07
9.54945e-07
9.62615e-07
9.68228e-07
9.71794e-07
9.7333e-07
9.72852e-07
9.70384e-07
9.65954e-07
9.5959e-07
9.51327e-07
9.41203e-07
9.29259e-07
9.1554e-07
9.00093e-07
8.82969e-07
8.64222e-07
8.4391e-07
8.22091e-07
7.98828e-07
7.74185e-07
7.4823e-07
7.2103e-07
6.92657e-07
6.63183e-07
6.32682e-07
6.01229e-07
5.689e-07
5.35773e-07
5.01925e-07
4.67434e-07
4.32379e-07
3.9684e-07
3.60894e-07
3.2462e-07
2.88097e-07
2.51402e-07
2.14613e-07
1.77806e-07
1.41056e-07
1.04438e-07
6.80239e-08
3.18867e-08
-3.90375e-09
-3.92785e-08
-7.41706e-08
-1.08515e-07
-1.42247e-07
-1.75307e-07
-2.07634e-07
-2.39172e-07
-2.69866e-07
-2.99662e-07
-3.28511e-07
-3.56364e-07
-3.83178e-07
-4.08908e-07
-4.33514e-07
-4.5696e-07
-4.79211e-07
-5.00234e-07
-5.20001e-07
-5.38485e-07
-5.55663e-07
-5.71515e-07
-5.86021e-07
-5.99168e-07
-6.10944e-07
-6.21339e-07
-6.30347e-07
-6.37966e-07
-6.44193e-07
-6.49032e-07
-6.52488e-07
-6.54569e-07
-6.55284e-07
-6.54648e-07
-6.52677e-07
-6.49388e-07
-6.44803e-07
-6.38945e-07
-6.31841e-07
-6.23518e-07
-6.14008e-07
-6.03342e-07
-5.91556e-07
-5.78686e-07
-5.64771e-07
-5.49852e-07
-5.3397e-07
-5.1717e-07
-4.99497e-07
-4.80998e-07
-4.6172e-07
-4.41712e-07
-4.21024e-07
-3.99708e-07
-3.77814e-07
-3.55395e-07
-3.32502e-07
-3.0919e-07
-2.8551e-07
-2.61516e-07
-2.37261e-07
-2.12798e-07
-1.88179e-07
-1.63457e-07
-1.38683e-07
-1.13909e-07
-8.91851e-08
-6.45615e-08
-4.0087e-08
-1.58097e-08
8.22309e-09
3.19655e-08
5.53725e-08
7.84006e-08
1.01007e-07
1.23151e-07
1.44793e-07
1.65895e-07
1.8642e-07
2.06333e-07
2.256e-07
2.4419e-07
2.62073e-07
2.7922e-07
2.95605e-07
3.11203e-07
3.25991e-07
3.39948e-07
3.53055e-07
3.65295e-07
3.76652e-07
3.87112e-07
3.96665e-07
4.05301e-07
4.13011e-07
4.19792e-07
4.25638e-07
4.30548e-07
4.34521e-07
4.37561e-07
4.39671e-07
4.40856e-07
4.41124e-07
4.40485e-07
4.38949e-07
4.3653e-07
4.33242e-07
4.29101e-07
4.24125e-07
4.18333e-07
4.11747e-07
4.04388e-07
3.96281e-07
3.8745e-07
3.77922e-07
3.67724e-07
3.56886e-07
3.45436e-07
3.33405e-07
3.20826e-07
3.0773e-07
2.9415e-07
2.80121e-07
2.65677e-07
2.50852e-07
2.35681e-07
2.20201e-07
2.04445e-07
1.88451e-07
1.72254e-07
1.55889e-07
1.39393e-07
1.228e-07
1.06145e-07
8.94638e-08
7.27904e-08
5.61587e-08
3.96022e-08
2.31537e-08
6.84557e-09
-9.29078e-09
-2.52245e-08
-4.09255e-08
-5.63646e-08
-7.15134e-08
-8.63446e-08
-1.00832e-07
-1.14949e-07
-1.28673e-07
-1.41979e-07
-1.54845e-07
-1.67251e-07
-1.79176e-07
-1.90602e-07
-2.0151e-07
-2.11885e-07
-2.21711e-07
-2.30974e-07
-2.39663e-07
-2.47765e-07
-2.5527e-07
-2.6217e-07
-2.68458e-07
-2.74127e-07
-2.79172e-07
-2.8359e-07
-2.87378e-07
-2.90536e-07
-2.93064e-07
-2.94964e-07
-2.96239e-07
-2.96892e-07
-2.96929e-07
-2.96357e-07
-2.95184e-07
-2.93417e-07
-2.91068e-07
-2.88148e-07
-2.84669e-07
-2.80643e-07
-2.76087e-07
-2.71013e-07
-2.6544e-07
-2.59384e-07
-2.52862e-07
-2.45894e-07
-2.38499e-07
-2.30698e-07
-2.2251e-07
-2.13958e-07
-2.05064e-07
-1.95849e-07
-1.86337e-07
-1.7655e-07
-1.66513e-07
-1.56249e-07
-1.45782e-07
-1.35135e-07
-1.24333e-07
-1.134e-07
-1.0236e-07
-9.12371e-08
-8.00543e-08
-6.88357e-08
-5.76046e-08
-4.63841e-08
-3.5197e-08
-2.40657e-08
-1.30122e-08
-2.05821e-09
8.77524e-09
1.94675e-08
2.99984e-08
4.03486e-08
5.04989e-08
6.04312e-08
7.01277e-08
7.95716e-08
8.87464e-08
9.76367e-08
1.06228e-07
1.14505e-07
1.22456e-07
1.30068e-07
1.37329e-07
1.44228e-07
1.50755e-07
1.56902e-07
1.6266e-07
1.68021e-07
1.7298e-07
1.77529e-07
1.81665e-07
1.85383e-07
1.88681e-07
1.91557e-07
1.94008e-07
1.96035e-07
1.97638e-07
1.98819e-07
1.99579e-07
1.99921e-07
1.9985e-07
1.9937e-07
1.98486e-07
1.97205e-07
1.95533e-07
1.93478e-07
1.91049e-07
1.88254e-07
1.85104e-07
1.81609e-07
1.7778e-07
1.73628e-07
1.69166e-07
1.64407e-07
1.59363e-07
1.54049e-07
1.48478e-07
1.42665e-07
1.36625e-07
1.30373e-07
1.23925e-07
1.17295e-07
1.10501e-07
1.03557e-07
9.64805e-08
8.92869e-08
8.19926e-08
7.46138e-08
6.71666e-08
5.96671e-08
5.21313e-08
4.45751e-08
3.70141e-08
2.94638e-08
2.19396e-08
1.44565e-08
7.02913e-09
-3.27895e-10
-7.60047e-09
-1.47748e-08
-2.18374e-08
-2.87753e-08
-3.55757e-08
-4.22265e-08
-4.87159e-08
-5.50326e-08
-6.11657e-08
-6.71048e-08
-7.28401e-08
-7.83623e-08
-8.36625e-08
-8.87325e-08
-9.35646e-08
-9.81516e-08
-1.02487e-07
-1.06564e-07
-1.10379e-07
-1.13925e-07
-1.17199e-07
-1.20197e-07
-1.22916e-07
-1.25354e-07
-1.27508e-07
-1.29377e-07
-1.30961e-07
-1.32258e-07
-1.33271e-07
-1.34e-07
-1.34445e-07
-1.3461e-07
-1.34498e-07
-1.34111e-07
-1.33453e-07
-1.32528e-07
-1.31341e-07
-1.29899e-07
-1.28205e-07
-1.26267e-07
-1.24091e-07
-1.21685e-07
-1.19055e-07
-1.16211e-07
-1.13159e-07
-1.09909e-07
-1.0647e-07
-1.02851e-07
-9.90611e-08
-9.51109e-08
-9.10102e-08
-8.67691e-08
-8.23982e-08
-7.79079e-08
-7.33089e-08
-6.86121e-08
-6.38283e-08
-5.89683e-08
-5.40431e-08
-4.90635e-08
-4.40404e-08
-3.89846e-08
-3.39069e-08
-2.88179e-08
-2.37282e-08
-1.86481e-08
-1.35879e-08
-8.55773e-09
-3.56744e-09
1.37328e-09
6.25495e-09
1.10683e-08
1.58044e-08
2.04545e-08
2.50101e-08
2.94631e-08
3.38056e-08
3.803e-08
4.21292e-08
4.60962e-08
4.99245e-08
5.36079e-08
5.71405e-08
6.05169e-08
6.37319e-08
6.67808e-08
6.96593e-08
7.23633e-08
7.48894e-08
7.72344e-08
7.93953e-08
8.137e-08
8.31563e-08
8.47527e-08
8.6158e-08
8.73714e-08
8.83925e-08
8.92212e-08
8.98581e-08
9.03038e-08
9.05594e-08
9.06266e-08
9.05072e-08
9.02035e-08
8.97181e-08
8.90539e-08
8.82143e-08
8.72029e-08
8.60237e-08
8.46809e-08
8.31791e-08
8.15232e-08
7.97183e-08
7.77698e-08
7.56834e-08
7.34649e-08
7.11204e-08
6.86562e-08
6.60788e-08
6.33948e-08
6.06111e-08
5.77346e-08
5.47722e-08
5.17312e-08
4.86187e-08
4.54421e-08
4.22085e-08
3.89255e-08
3.56002e-08
3.224e-08
2.88522e-08
2.54442e-08
2.20231e-08
1.8596e-08
1.51702e-08
1.17524e-08
8.34964e-09
4.96865e-09
1.61607e-09
-1.70162e-09
-4.97807e-09
-8.2071e-09
-1.13827e-08
-1.4499e-08
-1.75505e-08
-2.05315e-08
-2.3437e-08
-2.62618e-08
-2.90011e-08
-3.16505e-08
-3.42054e-08
-3.66618e-08
-3.90158e-08
-4.12637e-08
-4.34023e-08
-4.54283e-08
-4.73389e-08
-4.91314e-08
-5.08036e-08
-5.23534e-08
-5.37789e-08
-5.50786e-08
-5.62513e-08
-5.72958e-08
-5.82116e-08
-5.8998e-08
-5.96549e-08
-6.01824e-08
-6.05808e-08
-6.08506e-08
-6.09927e-08
-6.10082e-08
-6.08983e-08
-6.06648e-08
-6.03093e-08
-5.98341e-08
-5.92412e-08
-5.85333e-08
-5.77131e-08
-5.67834e-08
-5.57475e-08
-5.46086e-08
-5.33702e-08
-5.2036e-08
-5.06098e-08
-4.90957e-08
-4.74977e-08
-4.58201e-08
-4.40674e-08
-4.2244e-08
-4.03546e-08
-3.84037e-08
-3.63962e-08
-3.43368e-08
-3.22306e-08
-3.00822e-08
-2.78967e-08
-2.56791e-08
-2.34342e-08
-2.11669e-08
-1.88823e-08
-1.65851e-08
-1.42803e-08
-1.19726e-08
-9.66687e-09
-7.36767e-09
-5.07967e-09
-2.80739e-09
-5.55276e-10
1.67232e-09
3.87114e-09
6.03707e-09
8.16608e-09
1.02543e-08
1.22979e-08
1.42932e-08
1.62369e-08
1.81254e-08
1.99557e-08
2.17246e-08
2.34293e-08
2.5067e-08
2.66352e-08
2.81314e-08
2.95534e-08
3.08992e-08
3.21668e-08
3.33546e-08
3.4461e-08
3.54846e-08
3.64243e-08
3.72791e-08
3.80481e-08
3.87307e-08
3.93265e-08
3.98352e-08
4.02567e-08
4.0591e-08
4.08385e-08
4.09996e-08
4.10748e-08
4.10649e-08
4.09709e-08
4.07939e-08
4.05351e-08
4.0196e-08
3.97781e-08
3.92832e-08
3.8713e-08
3.80697e-08
3.73553e-08
3.65722e-08
3.57226e-08
3.48091e-08
3.38344e-08
3.28011e-08
3.1712e-08
3.057e-08
2.93781e-08
2.81393e-08
2.68569e-08
2.55338e-08
2.41734e-08
2.27789e-08
2.13535e-08
1.99006e-08
1.84235e-08
1.69256e-08
1.54101e-08
1.38803e-08
1.23396e-08
1.07913e-08
9.23867e-09
7.68485e-09
6.13306e-09
4.58647e-09
3.04815e-09
1.52116e-09
8.45897e-12
-1.48703e-09
-2.96247e-09
-4.41509e-09
-5.8422e-09
-7.2412e-09
-8.60957e-09
-9.94488e-09
-1.12448e-08
-1.25071e-08
-1.37296e-08
-1.49104e-08
-1.60474e-08
-1.71389e-08
-1.81831e-08
-1.91785e-08
-2.01236e-08
-2.1017e-08
-2.18575e-08
-2.2644e-08
-2.33754e-08
-2.40509e-08
-2.46697e-08
-2.52311e-08
-2.57347e-08
-2.618e-08
-2.65668e-08
-2.68949e-08
-2.71643e-08
-2.7375e-08
-2.75273e-08
-2.76214e-08
-2.76579e-08
-2.76372e-08
-2.756e-08
-2.74272e-08
-2.72394e-08
-2.69979e-08
-2.67035e-08
-2.63576e-08
-2.59613e-08
-2.55161e-08
-2.50234e-08
-2.44848e-08
-2.39019e-08
-2.32763e-08
-2.261e-08
-2.19046e-08
-2.11622e-08
-2.03846e-08
-1.95739e-08
-1.87322e-08
-1.78616e-08
-1.69641e-08
-1.60421e-08
-1.50976e-08
-1.41329e-08
-1.31502e-08
-1.21518e-08
-1.11399e-08
-1.01167e-08
-9.08451e-09
-8.04551e-09
-7.00192e-09
-5.95594e-09
-4.90972e-09
-3.86542e-09
-2.82514e-09
-1.79095e-09
-7.64905e-10
2.51014e-10
1.25485e-09
2.24471e-09
3.21873e-09
4.17512e-09
5.11213e-09
6.02809e-09
6.92138e-09
7.79044e-09
8.63377e-09
9.44998e-09
1.02377e-08
1.09956e-08
1.17226e-08
1.24175e-08
1.30792e-08
1.37067e-08
1.42993e-08
1.4856e-08
1.53761e-08
1.58589e-08
1.6304e-08
1.67107e-08
1.70787e-08
1.74077e-08
1.76973e-08
1.79475e-08
1.81581e-08
1.83292e-08
1.84608e-08
1.8553e-08
1.86062e-08
1.86206e-08
1.85966e-08
1.85347e-08
1.84354e-08
1.82993e-08
1.81272e-08
1.79196e-08
1.76776e-08
1.74018e-08
1.70934e-08
1.67532e-08
1.63824e-08
1.5982e-08
1.55532e-08
1.50973e-08
1.46154e-08
1.41088e-08
1.3579e-08
1.30272e-08
1.24549e-08
1.18635e-08
1.12544e-08
1.06291e-08
9.98913e-09
9.33593e-09
8.67102e-09
7.99592e-09
7.31212e-09
6.62115e-09
5.9245e-09
5.22369e-09
4.52018e-09
3.81546e-09
3.11098e-09
2.40818e-09
1.70849e-09
1.01328e-09
3.23925e-10
-3.58233e-10
-1.03189e-09
-1.69577e-09
-2.34865e-09
-2.9893e-09
-3.61658e-09
-4.22936e-09
-4.82657e-09
-5.40715e-09
-5.97013e-09
-6.51455e-09
-7.03953e-09
-7.5442e-09
-8.02778e-09
-8.48951e-09
-8.9287e-09
-9.34471e-09
-9.73694e-09
-1.01049e-08
-1.0448e-08
-1.07659e-08
-1.10582e-08
-1.13246e-08
-1.15648e-08
-1.17787e-08
-1.1966e-08
-1.21267e-08
-1.22607e-08
-1.23681e-08
-1.24488e-08
-1.25031e-08
-1.25311e-08
-1.25331e-08
-1.25092e-08
-1.24599e-08
-1.23855e-08
-1.22865e-08
-1.21632e-08
-1.20163e-08
-1.18462e-08
-1.16537e-08
-1.14392e-08
-1.12036e-08
-1.09476e-08
-1.06718e-08
-1.03772e-08
-1.00645e-08
-9.73453e-09
-9.38824e-09
-9.02652e-09
-8.65029e-09
-8.26051e-09
-7.85814e-09
-7.44417e-09
-7.01959e-09
-6.58541e-09
-6.14263e-09
-5.69227e-09
-5.23536e-09
-4.77291e-09
-4.30595e-09
-3.83548e-09
-3.36252e-09
-2.88807e-09
-2.41312e-09
-1.93865e-09
-1.46562e-09
-9.94994e-10
-5.277e-10
-6.46555e-11
3.93242e-10
8.45118e-10
1.29012e-09
1.72742e-09
2.15621e-09
2.57572e-09
2.98519e-09
3.38392e-09
3.7712e-09
4.14638e-09
4.50883e-09
4.85796e-09
5.19319e-09
5.51401e-09
5.81993e-09
6.11047e-09
6.38523e-09
6.6438e-09
6.88586e-09
7.11107e-09
7.31916e-09
7.5099e-09
7.68308e-09
7.83854e-09
7.97615e-09
8.09583e-09
8.19751e-09
8.28119e-09
8.34689e-09
8.39466e-09
8.42461e-09
8.43685e-09
8.43155e-09
8.40892e-09
8.36918e-09
8.31261e-09
8.2395e-09
8.15018e-09
8.04501e-09
7.92438e-09
7.78872e-09
7.63846e-09
7.47408e-09
7.29609e-09
7.105e-09
6.90135e-09
6.68571e-09
6.45868e-09
6.22084e-09
5.97282e-09
5.71526e-09
5.4488e-09
5.1741e-09
4.89183e-09
4.60267e-09
4.3073e-09
4.0064e-09
3.70067e-09
3.39079e-09
3.07747e-09
2.76137e-09
2.4432e-09
2.12364e-09
1.80335e-09
1.48302e-09
1.16329e-09
8.44826e-10
5.28261e-10
2.14226e-10
-9.66646e-11
-4.03808e-10
-7.06617e-10
-1.00452e-09
-1.29697e-09
-1.58342e-09
-1.86335e-09
-2.13627e-09
-2.40169e-09
-2.65917e-09
-2.90825e-09
-3.14853e-09
-3.3796e-09
-3.60111e-09
-3.8127e-09
-4.01404e-09
-4.20484e-09
-4.38483e-09
-4.55374e-09
-4.71136e-09
-4.85748e-09
-4.99194e-09
-5.11457e-09
-5.22526e-09
-5.3239e-09
-5.41042e-09
-5.48477e-09
-5.54693e-09
-5.59691e-09
-5.63472e-09
-5.66042e-09
-5.67409e-09
-5.67582e-09
-5.66574e-09
-5.644e-09
-5.61076e-09
-5.56622e-09
-5.5106e-09
-5.44412e-09
-5.36704e-09
-5.27965e-09
-5.18222e-09
-5.07509e-09
-4.95857e-09
-4.83301e-09
-4.69879e-09
-4.55627e-09
-4.40585e-09
-4.24793e-09
-4.08294e-09
-3.91129e-09
-3.73343e-09
-3.5498e-09
-3.36086e-09
-3.16705e-09
-2.96886e-09
-2.76674e-09
-2.56116e-09
-2.3526e-09
-2.14153e-09
-1.92841e-09
-1.71371e-09
-1.49791e-09
-1.28147e-09
-1.06484e-09
-8.48478e-10
-6.3283e-10
-4.18337e-10
-2.0543e-10
5.46521e-12
2.13935e-10
4.19576e-10
6.21992e-10
8.20802e-10
1.01563e-09
1.20613e-09
1.39194e-09
1.57274e-09
1.74821e-09
1.91804e-09
2.08194e-09
2.23965e-09
2.3909e-09
2.53545e-09
2.67307e-09
2.80355e-09
2.92671e-09
3.04236e-09
3.15035e-09
3.25053e-09
3.34278e-09
3.42699e-09
3.50308e-09
3.57096e-09
3.63059e-09
3.68193e-09
3.72496e-09
3.75968e-09
3.78609e-09
3.80424e-09
3.81418e-09
3.81596e-09
3.80967e-09
3.79541e-09
3.7733e-09
3.74345e-09
3.70602e-09
3.66117e-09
3.60906e-09
3.5499e-09
3.48387e-09
3.41119e-09
3.33209e-09
3.2468e-09
3.15558e-09
3.05868e-09
2.95638e-09
2.84894e-09
2.73667e-09
2.61985e-09
2.49878e-09
2.37377e-09
2.24514e-09
2.1132e-09
1.97827e-09
1.84068e-09
1.70075e-09
1.5588e-09
1.41517e-09
1.27017e-09
1.12414e-09
9.77402e-10
8.3027e-10
6.83064e-10
5.361e-10
3.89687e-10
2.4413e-10
9.97295e-11
-4.32216e-11
-1.84436e-10
-3.23633e-10
-4.6054e-10
-5.94893e-10
-7.26434e-10
-8.54916e-10
-9.801e-10
-1.10176e-09
-1.21967e-09
-1.33362e-09
-1.44342e-09
-1.54888e-09
-1.64981e-09
-1.74607e-09
-1.83748e-09
-1.92391e-09
-2.00522e-09
-2.0813e-09
-2.15204e-09
-2.21735e-09
-2.27714e-09
-2.33134e-09
-2.3799e-09
-2.42276e-09
-2.4599e-09
-2.4913e-09
-2.51694e-09
-2.53683e-09
-2.55099e-09
-2.55944e-09
-2.56223e-09
-2.55941e-09
-2.55103e-09
-2.53718e-09
-2.51793e-09
-2.49339e-09
-2.46367e-09
-2.42888e-09
-2.38915e-09
-2.34461e-09
-2.29542e-09
-2.24173e-09
-2.18371e-09
-2.12152e-09
-2.05536e-09
-1.9854e-09
-1.91184e-09
-1.83489e-09
-1.75475e-09
-1.67163e-09
-1.58576e-09
-1.49734e-09
-1.40662e-09
-1.31381e-09
-1.21915e-09
-1.12287e-09
-1.0252e-09
-9.26369e-10
-8.26623e-10
-7.26189e-10
-6.253e-10
-5.24185e-10
-4.23074e-10
-3.22192e-10
-2.21762e-10
-1.22003e-10
-2.31298e-11
7.4646e-11
1.71118e-10
2.66086e-10
3.59353e-10
4.50731e-10
5.40034e-10
6.27086e-10
7.11717e-10
7.93763e-10
8.73068e-10
9.49483e-10
1.02287e-09
1.09309e-09
1.16002e-09
1.22355e-09
1.28356e-09
1.33997e-09
1.39267e-09
1.44159e-09
1.48665e-09
1.5278e-09
1.56497e-09
1.59812e-09
1.62722e-09
1.65224e-09
1.67317e-09
1.68998e-09
1.7027e-09
1.71132e-09
1.71587e-09
1.71637e-09
1.71286e-09
1.70539e-09
1.69402e-09
1.6788e-09
1.65981e-09
1.63713e-09
1.61084e-09
1.58104e-09
1.54784e-09
1.51134e-09
1.47166e-09
1.42892e-09
1.38326e-09
1.33482e-09
1.28372e-09
1.23013e-09
1.17419e-09
1.11606e-09
1.0559e-09
9.93875e-10
9.30157e-10
8.64916e-10
7.98326e-10
7.30563e-10
6.61803e-10
5.92226e-10
5.2201e-10
4.51334e-10
3.80378e-10
3.09317e-10
2.38329e-10
1.67587e-10
9.72641e-11
2.75292e-11
-4.14513e-11
-1.09514e-10
-1.76501e-10
-2.42256e-10
-3.06628e-10
-3.69471e-10
-4.30646e-10
-4.90015e-10
-5.47449e-10
-6.02823e-10
-6.5602e-10
-7.06927e-10
-7.55439e-10
-8.01457e-10
-8.4489e-10
-8.85652e-10
-9.23665e-10
-9.5886e-10
-9.91173e-10
-1.02055e-09
-1.04694e-09
-1.0703e-09
-1.09061e-09
-1.10783e-09
-1.12195e-09
-1.13296e-09
-1.14087e-09
-1.14566e-09
-1.14737e-09
-1.146e-09
-1.1416e-09
-1.13419e-09
-1.12383e-09
-1.11056e-09
-1.09444e-09
-1.07553e-09
-1.05392e-09
-1.02967e-09
-1.00289e-09
-9.73646e-10
-9.42052e-10
-9.08209e-10
-8.72227e-10
-8.34222e-10
-7.94313e-10
-7.52628e-10
-7.09294e-10
-6.64448e-10
-6.18226e-10
-5.7077e-10
-5.22225e-10
-4.72738e-10
-4.2246e-10
-3.71542e-10
-3.20137e-10
-2.684e-10
-2.16485e-10
-1.64549e-10
-1.12747e-10
-6.12308e-11
-1.0155e-11
4.03298e-11
9.0075e-11
1.38935e-10
1.86768e-10
2.33434e-10
2.78799e-10
3.22734e-10
3.65114e-10
4.05819e-10
4.44735e-10
4.81755e-10
5.16777e-10
5.49706e-10
5.80455e-10
6.08942e-10
6.35094e-10
6.58845e-10
6.80136e-10
6.98918e-10
7.15148e-10
7.28791e-10
7.39821e-10
7.48221e-10
7.53981e-10
7.571e-10
7.57586e-10
7.55454e-10
7.50728e-10
7.43441e-10
7.33634e-10
7.21354e-10
7.06661e-10
6.89617e-10
6.70296e-10
6.48778e-10
6.2515e-10
5.99508e-10
5.71952e-10
5.42593e-10
5.11544e-10
4.78926e-10
4.44867e-10
4.09499e-10
3.7296e-10
3.35391e-10
2.96939e-10
2.57756e-10
2.17994e-10
1.77811e-10
1.37367e-10
9.68228e-11
5.63426e-11
1.60902e-11
-2.37697e-11
-6.30726e-11
-1.01655e-10
-1.39354e-10
-1.7601e-10
-2.11464e-10
-2.45564e-10
-2.78158e-10
-3.09102e-10
-3.38255e-10
-3.65484e-10
-3.90663e-10
-4.13674e-10
-4.34406e-10
-4.52761e-10
-4.68649e-10
-4.81991e-10
-4.92722e-10
-5.00789e-10
-5.06153e-10
-5.08789e-10
-5.08688e-10
-5.05856e-10
-5.00312e-10
-4.92095e-10
-4.81256e-10
-4.67865e-10
-4.52007e-10
-4.33782e-10
-4.13307e-10
-3.90713e-10
-3.66147e-10
-3.39768e-10
-3.11753e-10
-2.82287e-10
-2.51571e-10
-2.19816e-10
-1.87243e-10
-1.54082e-10
-1.20573e-10
-8.69612e-11
-5.34976e-11
-2.04375e-11
1.19614e-11
4.34405e-11
7.37419e-11
1.0261e-10
1.29796e-10
1.55054e-10
1.78149e-10
1.98856e-10
2.16966e-10
2.3228e-10
2.44622e-10
2.53835e-10
2.59784e-10
2.62361e-10
2.61486e-10
2.57113e-10
2.49227e-10
2.37855e-10
2.23063e-10
2.0496e-10
1.83705e-10
1.59508e-10
1.32634e-10
1.03405e-10
7.22077e-11
3.94928e-11
5.78257e-12
-2.83269e-11
-6.21611e-11
-9.49629e-11
-1.25888e-10
-1.54001e-10
-1.78271e-10
-1.97566e-10
-2.10648e-10
-2.16171e-10
-2.12672e-10
-1.9857e-10
-1.72157e-10
-1.31597e-10
-7.49164e-11
